855
-0.25000000000000E-01
-0.24500000000000E-01
-0.24000000000000E-01
-0.23540000000000E-01
-0.23116800000000E-01
-0.22727500000000E-01
-0.22369300000000E-01
-0.22039700000000E-01
-0.21736500000000E-01
-0.21457600000000E-01
-0.21201000000000E-01
-0.20964900000000E-01
-0.20747700000000E-01
-0.20547900000000E-01
-0.20364100000000E-01
-0.20195000000000E-01
-0.20039400000000E-01
-0.19896200000000E-01
-0.19764500000000E-01
-0.19643400000000E-01
-0.19531900000000E-01
-0.19429300000000E-01
-0.19329300000000E-01
-0.19229300000000E-01
-0.19129300000000E-01
-0.19029300000000E-01
-0.18929300000000E-01
-0.18829300000000E-01
-0.18729300000000E-01
-0.18629300000000E-01
-0.18529300000000E-01
-0.18429300000000E-01
-0.18329300000000E-01
-0.18229300000000E-01
-0.18129300000000E-01
-0.18029300000000E-01
-0.17929300000000E-01
-0.17829300000000E-01
-0.17729300000000E-01
-0.17629300000000E-01
-0.17529300000000E-01
-0.17429300000000E-01
-0.17329300000000E-01
-0.17229300000000E-01
-0.17129300000000E-01
-0.17029300000000E-01
-0.16929300000000E-01
-0.16829300000000E-01
-0.16729300000000E-01
-0.16629300000000E-01
-0.16529300000000E-01
-0.16429300000000E-01
-0.16329300000000E-01
-0.16229300000000E-01
-0.16129300000000E-01
-0.16029300000000E-01
-0.15929300000000E-01
-0.15829300000000E-01
-0.15729300000000E-01
-0.15629300000000E-01
-0.15529300000000E-01
-0.15429300000000E-01
-0.15329300000000E-01
-0.15229300000000E-01
-0.15129300000000E-01
-0.15029300000000E-01
-0.14929300000000E-01
-0.14829300000000E-01
-0.14729300000000E-01
-0.14629300000000E-01
-0.14529300000000E-01
-0.14429300000000E-01
-0.14329300000000E-01
-0.14229300000000E-01
-0.14129300000000E-01
-0.14029300000000E-01
-0.13929300000000E-01
-0.13829300000000E-01
-0.13729300000000E-01
-0.13629300000000E-01
-0.13529300000000E-01
-0.13429300000000E-01
-0.13329300000000E-01
-0.13229300000000E-01
-0.13129300000000E-01
-0.13029300000000E-01
-0.12929300000000E-01
-0.12829300000000E-01
-0.12729300000000E-01
-0.12629300000000E-01
-0.12529300000000E-01
-0.12429300000000E-01
-0.12329300000000E-01
-0.12229300000000E-01
-0.12129300000000E-01
-0.12029300000000E-01
-0.11929300000000E-01
-0.11829300000000E-01
-0.11729300000000E-01
-0.11629300000000E-01
-0.11529300000000E-01
-0.11429300000000E-01
-0.11329300000000E-01
-0.11229300000000E-01
-0.11129300000000E-01
-0.11029300000000E-01
-0.10929300000000E-01
-0.10829300000000E-01
-0.10729300000000E-01
-0.10629300000000E-01
-0.10529300000000E-01
-0.10429300000000E-01
-0.10329300000000E-01
-0.10229300000000E-01
-0.10129300000000E-01
-0.10029300000000E-01
-0.99293300000000E-02
-0.98293300000000E-02
-0.97293300000000E-02
-0.96293300000000E-02
-0.95293300000000E-02
-0.94293300000000E-02
-0.93293300000000E-02
-0.92293300000000E-02
-0.91293300000000E-02
-0.90293300000000E-02
-0.89293300000000E-02
-0.88293300000000E-02
-0.87293300000000E-02
-0.86293300000000E-02
-0.85293300000000E-02
-0.84293300000000E-02
-0.83293300000000E-02
-0.82293300000000E-02
-0.81293300000000E-02
-0.80293300000000E-02
-0.79293300000000E-02
-0.78293300000000E-02
-0.77293300000000E-02
-0.76293300000000E-02
-0.75293300000000E-02
-0.74293300000000E-02
-0.73293300000000E-02
-0.72293300000000E-02
-0.71293300000000E-02
-0.70293300000000E-02
-0.69293300000000E-02
-0.68293300000000E-02
-0.67293300000000E-02
-0.66293300000000E-02
-0.65293300000000E-02
-0.64293300000000E-02
-0.63293300000000E-02
-0.62293300000000E-02
-0.61293300000000E-02
-0.60293300000000E-02
-0.59293300000000E-02
-0.58293300000000E-02
-0.57293300000000E-02
-0.56293300000000E-02
-0.55293300000000E-02
-0.54293300000000E-02
-0.53293300000000E-02
-0.52293300000000E-02
-0.51293300000000E-02
-0.50293300000000E-02
-0.49293300000000E-02
-0.48293300000000E-02
-0.47293300000000E-02
-0.46293300000000E-02
-0.45293300000000E-02
-0.44293300000000E-02
-0.43293300000000E-02
-0.42293300000000E-02
-0.41293300000000E-02
-0.40293300000000E-02
-0.39293300000000E-02
-0.38293300000000E-02
-0.37293300000000E-02
-0.36293300000000E-02
-0.35293300000000E-02
-0.34293300000000E-02
-0.33293300000000E-02
-0.32293300000000E-02
-0.31293300000000E-02
-0.30293300000000E-02
-0.29293300000000E-02
-0.28293300000000E-02
-0.27293300000000E-02
-0.26293300000000E-02
-0.25293300000000E-02
-0.24293300000000E-02
-0.23293300000000E-02
-0.22293300000000E-02
-0.21293300000000E-02
-0.20293300000000E-02
-0.19293300000000E-02
-0.18293300000000E-02
-0.17293300000000E-02
-0.16293300000000E-02
-0.15293300000000E-02
-0.14293300000000E-02
-0.13293300000000E-02
-0.12293300000000E-02
-0.11293300000000E-02
-0.10293300000000E-02
-0.92933300000000E-03
-0.82933300000000E-03
-0.72933300000000E-03
-0.62933300000000E-03
-0.52933300000000E-03
-0.42933300000000E-03
-0.32933300000000E-03
-0.22933300000000E-03
-0.12933300000000E-03
-0.29333300000000E-04
0.70666700000000E-04
0.17066700000000E-03
0.27066700000000E-03
0.37066700000000E-03
0.47066700000000E-03
0.57066700000000E-03
0.67066700000000E-03
0.77066700000000E-03
0.87066700000000E-03
0.97066700000000E-03
0.10706700000000E-02
0.11706700000000E-02
0.12706700000000E-02
0.13706700000000E-02
0.14706700000000E-02
0.15706700000000E-02
0.16706700000000E-02
0.17706700000000E-02
0.18706700000000E-02
0.19706700000000E-02
0.20706700000000E-02
0.21706700000000E-02
0.22706700000000E-02
0.23706700000000E-02
0.24706700000000E-02
0.25706700000000E-02
0.26706700000000E-02
0.27706700000000E-02
0.28706700000000E-02
0.29706700000000E-02
0.30706700000000E-02
0.31706700000000E-02
0.32706700000000E-02
0.33706700000000E-02
0.34706700000000E-02
0.35706700000000E-02
0.36706700000000E-02
0.37706700000000E-02
0.38706700000000E-02
0.39706700000000E-02
0.40706700000000E-02
0.41706700000000E-02
0.42706700000000E-02
0.43706700000000E-02
0.44706700000000E-02
0.45706700000000E-02
0.46706700000000E-02
0.47706700000000E-02
0.48706700000000E-02
0.49706700000000E-02
0.50706700000000E-02
0.51706700000000E-02
0.52706700000000E-02
0.53706700000000E-02
0.54706700000000E-02
0.55706700000000E-02
0.56706700000000E-02
0.57706700000000E-02
0.58706700000000E-02
0.59706700000000E-02
0.60706700000000E-02
0.61706700000000E-02
0.62706700000000E-02
0.63706700000000E-02
0.64706700000000E-02
0.65706700000000E-02
0.66706700000000E-02
0.67706700000000E-02
0.68706700000000E-02
0.69706700000000E-02
0.70706700000000E-02
0.71706700000000E-02
0.72706700000000E-02
0.73706700000000E-02
0.74706700000000E-02
0.75706700000000E-02
0.76706700000000E-02
0.77706700000000E-02
0.78706700000000E-02
0.79706700000000E-02
0.80706700000000E-02
0.81706700000000E-02
0.82706700000000E-02
0.83706700000000E-02
0.84706700000000E-02
0.85706700000000E-02
0.86706700000000E-02
0.87706700000000E-02
0.88706700000000E-02
0.89706700000000E-02
0.90706700000000E-02
0.91706700000000E-02
0.92706700000000E-02
0.93706700000000E-02
0.94706700000000E-02
0.95706700000000E-02
0.96706700000000E-02
0.97706700000000E-02
0.98706700000000E-02
0.99706700000000E-02
0.10070700000000E-01
0.10170700000000E-01
0.10270700000000E-01
0.10370700000000E-01
0.10470700000000E-01
0.10570700000000E-01
0.10670700000000E-01
0.10770700000000E-01
0.10870700000000E-01
0.10970700000000E-01
0.11070700000000E-01
0.11170700000000E-01
0.11270700000000E-01
0.11370700000000E-01
0.11470700000000E-01
0.11570700000000E-01
0.11670700000000E-01
0.11770700000000E-01
0.11870700000000E-01
0.11970700000000E-01
0.12070700000000E-01
0.12170700000000E-01
0.12270700000000E-01
0.12370700000000E-01
0.12470700000000E-01
0.12570700000000E-01
0.12670700000000E-01
0.12770700000000E-01
0.12870700000000E-01
0.12970700000000E-01
0.13070700000000E-01
0.13170700000000E-01
0.13270700000000E-01
0.13370700000000E-01
0.13470700000000E-01
0.13570700000000E-01
0.13670700000000E-01
0.13770700000000E-01
0.13870700000000E-01
0.13970700000000E-01
0.14070700000000E-01
0.14170700000000E-01
0.14270700000000E-01
0.14370700000000E-01
0.14470700000000E-01
0.14570700000000E-01
0.14670700000000E-01
0.14770700000000E-01
0.14870700000000E-01
0.14970700000000E-01
0.15070700000000E-01
0.15170700000000E-01
0.15270700000000E-01
0.15370700000000E-01
0.15470700000000E-01
0.15570700000000E-01
0.15670700000000E-01
0.15770700000000E-01
0.15870700000000E-01
0.15970700000000E-01
0.16070700000000E-01
0.16170700000000E-01
0.16270700000000E-01
0.16370700000000E-01
0.16470700000000E-01
0.16570700000000E-01
0.16670700000000E-01
0.16770700000000E-01
0.16870700000000E-01
0.16970700000000E-01
0.17070700000000E-01
0.17170700000000E-01
0.17270700000000E-01
0.17370700000000E-01
0.17470700000000E-01
0.17570700000000E-01
0.17670700000000E-01
0.17770700000000E-01
0.17870700000000E-01
0.17970700000000E-01
0.18070700000000E-01
0.18170700000000E-01
0.18270700000000E-01
0.18370700000000E-01
0.18470700000000E-01
0.18570700000000E-01
0.18670700000000E-01
0.18770700000000E-01
0.18870700000000E-01
0.18970700000000E-01
0.19070700000000E-01
0.19170700000000E-01
0.19270700000000E-01
0.19370700000000E-01
0.19470700000000E-01
0.19570700000000E-01
0.19670700000000E-01
0.19770700000000E-01
0.19870700000000E-01
0.19970700000000E-01
0.20070700000000E-01
0.20170700000000E-01
0.20270700000000E-01
0.20370700000000E-01
0.20470700000000E-01
0.20570700000000E-01
0.20670700000000E-01
0.20770700000000E-01
0.20870700000000E-01
0.20970700000000E-01
0.21070700000000E-01
0.21170700000000E-01
0.21270700000000E-01
0.21370700000000E-01
0.21470700000000E-01
0.21570700000000E-01
0.21670700000000E-01
0.21770700000000E-01
0.21870700000000E-01
0.21970700000000E-01
0.22070700000000E-01
0.22170700000000E-01
0.22270700000000E-01
0.22370700000000E-01
0.22470700000000E-01
0.22570700000000E-01
0.22670700000000E-01
0.22770700000000E-01
0.22870700000000E-01
0.22970700000000E-01
0.23070700000000E-01
0.23170700000000E-01
0.23270700000000E-01
0.23370700000000E-01
0.23470700000000E-01
0.23570700000000E-01
0.23670700000000E-01
0.23770700000000E-01
0.23870700000000E-01
0.23970700000000E-01
0.24070700000000E-01
0.24171200000000E-01
0.24272200000000E-01
0.24373700000000E-01
0.24475700000000E-01
0.24578200000000E-01
0.24681300000000E-01
0.24784800000000E-01
0.24888900000000E-01
0.24993500000000E-01
0.25098600000000E-01
0.25204200000000E-01
0.25310400000000E-01
0.25417100000000E-01
0.25524300000000E-01
0.25632100000000E-01
0.25740400000000E-01
0.25849200000000E-01
0.25958600000000E-01
0.26068600000000E-01
0.26179100000000E-01
0.26290100000000E-01
0.26401700000000E-01
0.26513900000000E-01
0.26626600000000E-01
0.26739900000000E-01
0.26853700000000E-01
0.26968100000000E-01
0.27083100000000E-01
0.27198700000000E-01
0.27314800000000E-01
0.27431500000000E-01
0.27548800000000E-01
0.27666700000000E-01
0.27785200000000E-01
0.27904300000000E-01
0.28023900000000E-01
0.28144200000000E-01
0.28265100000000E-01
0.28386600000000E-01
0.28508600000000E-01
0.28631300000000E-01
0.28754600000000E-01
0.28878500000000E-01
0.29003100000000E-01
0.29128200000000E-01
0.29254000000000E-01
0.29380400000000E-01
0.29507500000000E-01
0.29635200000000E-01
0.29763500000000E-01
0.29892500000000E-01
0.30022100000000E-01
0.30152300000000E-01
0.30283200000000E-01
0.30414800000000E-01
0.30547000000000E-01
0.30679900000000E-01
0.30813500000000E-01
0.30947700000000E-01
0.31082600000000E-01
0.31218100000000E-01
0.31354400000000E-01
0.31491300000000E-01
0.31628900000000E-01
0.31767200000000E-01
0.31906100000000E-01
0.32045800000000E-01
0.32186200000000E-01
0.32327300000000E-01
0.32469100000000E-01
0.32611600000000E-01
0.32754800000000E-01
0.32898700000000E-01
0.33043300000000E-01
0.33188700000000E-01
0.33334800000000E-01
0.33481600000000E-01
0.33629100000000E-01
0.33777400000000E-01
0.33926500000000E-01
0.34076300000000E-01
0.34226800000000E-01
0.34378100000000E-01
0.34530100000000E-01
0.34682900000000E-01
0.34836500000000E-01
0.34990800000000E-01
0.35145900000000E-01
0.35301800000000E-01
0.35458400000000E-01
0.35615900000000E-01
0.35774100000000E-01
0.35933100000000E-01
0.36092900000000E-01
0.36253500000000E-01
0.36414900000000E-01
0.36577200000000E-01
0.36740200000000E-01
0.36904000000000E-01
0.37068700000000E-01
0.37234200000000E-01
0.37400500000000E-01
0.37567700000000E-01
0.37735600000000E-01
0.37904500000000E-01
0.38074100000000E-01
0.38244700000000E-01
0.38416000000000E-01
0.38588300000000E-01
0.38761300000000E-01
0.38935300000000E-01
0.39110100000000E-01
0.39285800000000E-01
0.39462400000000E-01
0.39639800000000E-01
0.39818200000000E-01
0.39997400000000E-01
0.40177600000000E-01
0.40358600000000E-01
0.40540500000000E-01
0.40723400000000E-01
0.40907200000000E-01
0.41091800000000E-01
0.41277400000000E-01
0.41464000000000E-01
0.41651400000000E-01
0.41839800000000E-01
0.42029200000000E-01
0.42219500000000E-01
0.42410700000000E-01
0.42602900000000E-01
0.42796100000000E-01
0.42990200000000E-01
0.43185300000000E-01
0.43381400000000E-01
0.43578400000000E-01
0.43776500000000E-01
0.43975500000000E-01
0.44175500000000E-01
0.44376600000000E-01
0.44578600000000E-01
0.44781600000000E-01
0.44985700000000E-01
0.45190800000000E-01
0.45396900000000E-01
0.45604000000000E-01
0.45812200000000E-01
0.46021400000000E-01
0.46231600000000E-01
0.46442900000000E-01
0.46655300000000E-01
0.46868700000000E-01
0.47083200000000E-01
0.47298800000000E-01
0.47515400000000E-01
0.47733100000000E-01
0.47951900000000E-01
0.48171800000000E-01
0.48392800000000E-01
0.48615000000000E-01
0.48838200000000E-01
0.49062500000000E-01
0.49288000000000E-01
0.49514600000000E-01
0.49742300000000E-01
0.49971100000000E-01
0.50201100000000E-01
0.50432300000000E-01
0.50664600000000E-01
0.50898100000000E-01
0.51132700000000E-01
0.51368500000000E-01
0.51605500000000E-01
0.51843700000000E-01
0.52083000000000E-01
0.52323600000000E-01
0.52565400000000E-01
0.52808300000000E-01
0.53052500000000E-01
0.53297900000000E-01
0.53544600000000E-01
0.53792500000000E-01
0.54041600000000E-01
0.54291900000000E-01
0.54543500000000E-01
0.54796400000000E-01
0.55050500000000E-01
0.55305900000000E-01
0.55562600000000E-01
0.55820600000000E-01
0.56079800000000E-01
0.56340300000000E-01
0.56602200000000E-01
0.56865400000000E-01
0.57129800000000E-01
0.57395600000000E-01
0.57662700000000E-01
0.57931200000000E-01
0.58201000000000E-01
0.58472200000000E-01
0.58744700000000E-01
0.59018500000000E-01
0.59293800000000E-01
0.59570400000000E-01
0.59848400000000E-01
0.60127800000000E-01
0.60408600000000E-01
0.60690800000000E-01
0.60974400000000E-01
0.61259400000000E-01
0.61545800000000E-01
0.61833700000000E-01
0.62123000000000E-01
0.62413800000000E-01
0.62706000000000E-01
0.62999700000000E-01
0.63294800000000E-01
0.63591400000000E-01
0.63889500000000E-01
0.64189100000000E-01
0.64490200000000E-01
0.64792800000000E-01
0.65096900000000E-01
0.65402600000000E-01
0.65709700000000E-01
0.66018400000000E-01
0.66328700000000E-01
0.66640400000000E-01
0.66953800000000E-01
0.67268700000000E-01
0.67585200000000E-01
0.67903300000000E-01
0.68222900000000E-01
0.68544200000000E-01
0.68867100000000E-01
0.69191500000000E-01
0.69517600000000E-01
0.69845400000000E-01
0.70174800000000E-01
0.70505800000000E-01
0.70838500000000E-01
0.71172800000000E-01
0.71508800000000E-01
0.71846500000000E-01
0.72185900000000E-01
0.72526900000000E-01
0.72869700000000E-01
0.73214200000000E-01
0.73560400000000E-01
0.73908400000000E-01
0.74258100000000E-01
0.74609500000000E-01
0.74962700000000E-01
0.75317700000000E-01
0.75674400000000E-01
0.76032900000000E-01
0.76393200000000E-01
0.76755300000000E-01
0.77119300000000E-01
0.77485000000000E-01
0.77852600000000E-01
0.78222000000000E-01
0.78593300000000E-01
0.78966400000000E-01
0.79341300000000E-01
0.79718200000000E-01
0.80096900000000E-01
0.80477600000000E-01
0.80860100000000E-01
0.81244500000000E-01
0.81630900000000E-01
0.82019200000000E-01
0.82409500000000E-01
0.82801700000000E-01
0.83195800000000E-01
0.83591900000000E-01
0.83990000000000E-01
0.84390100000000E-01
0.84792200000000E-01
0.85196300000000E-01
0.85602500000000E-01
0.86010600000000E-01
0.86420800000000E-01
0.86833100000000E-01
0.87247400000000E-01
0.87663800000000E-01
0.88082200000000E-01
0.88502800000000E-01
0.88925500000000E-01
0.89350200000000E-01
0.89777100000000E-01
0.90206200000000E-01
0.90637300000000E-01
0.91070700000000E-01
0.91506200000000E-01
0.91943900000000E-01
0.92383700000000E-01
0.92825800000000E-01
0.93270100000000E-01
0.93716600000000E-01
0.94165300000000E-01
0.94616300000000E-01
0.95069500000000E-01
0.95525000000000E-01
0.95982800000000E-01
0.96442800000000E-01
0.96905200000000E-01
0.97369800000000E-01
0.97836800000000E-01
0.98306200000000E-01
0.98777900000000E-01
0.99251900000000E-01
0.99728300000000E-01
0.10020700000000E+00
0.10068800000000E+00
0.10117200000000E+00
0.10165800000000E+00
0.10214600000000E+00
0.10263700000000E+00
0.10313100000000E+00
0.10362600000000E+00
0.10412500000000E+00
0.10462500000000E+00
0.10512900000000E+00
0.10563400000000E+00
0.10614300000000E+00
0.10665400000000E+00
0.10716700000000E+00
0.10768300000000E+00
0.10820200000000E+00
0.10872300000000E+00
0.10924600000000E+00
0.10977300000000E+00
0.11030200000000E+00
0.11083400000000E+00
0.11136800000000E+00
0.11190500000000E+00
0.11244400000000E+00
0.11298700000000E+00
0.11353200000000E+00
0.11408000000000E+00
0.11463000000000E+00
0.11518400000000E+00
0.11574000000000E+00
0.11629800000000E+00
0.11686000000000E+00
0.11742500000000E+00
0.11799200000000E+00
0.11856200000000E+00
0.11913500000000E+00
0.11971100000000E+00
0.12028900000000E+00
0.12087100000000E+00
0.12145600000000E+00
0.12204300000000E+00
0.12263300000000E+00
0.12322700000000E+00
0.12382300000000E+00
0.12442200000000E+00
0.12502400000000E+00
0.12563000000000E+00
0.12623800000000E+00
0.12684900000000E+00
0.12746400000000E+00
0.12808100000000E+00
0.12870200000000E+00
0.12932500000000E+00
0.12995200000000E+00
0.13058200000000E+00
0.13121500000000E+00
0.13185100000000E+00
0.13249100000000E+00
0.13313300000000E+00
0.13377900000000E+00
0.13442800000000E+00
0.13508100000000E+00
0.13573600000000E+00
0.13639500000000E+00
0.13705700000000E+00
0.13772200000000E+00
0.13839100000000E+00
0.13906300000000E+00
0.13973900000000E+00
0.14041800000000E+00
0.14110000000000E+00
0.14178500000000E+00
0.14247500000000E+00
0.14316700000000E+00
0.14386300000000E+00
0.14456300000000E+00
0.14526500000000E+00
0.14597200000000E+00
0.14668200000000E+00
0.14739600000000E+00
0.14811300000000E+00
0.14883300000000E+00
0.14955800000000E+00
0.15028600000000E+00

