 -0.399976E+02
 -0.399783E+02
 -0.399384E+02
 -0.398767E+02
 -0.397918E+02
 -0.396822E+02
 -0.395466E+02
 -0.393833E+02
 -0.391909E+02
 -0.389678E+02
 -0.387123E+02
 -0.384228E+02
 -0.380977E+02
 -0.377353E+02
 -0.373338E+02
 -0.368917E+02
 -0.364073E+02
 -0.358790E+02
 -0.353052E+02
 -0.346844E+02
 -0.340152E+02
 -0.332964E+02
 -0.325266E+02
 -0.317049E+02
 -0.308304E+02
 -0.299023E+02
 -0.289202E+02
 -0.278838E+02
 -0.267930E+02
 -0.256481E+02
 -0.244496E+02
 -0.231984E+02
 -0.218956E+02
 -0.205426E+02
 -0.191413E+02
 -0.176938E+02
 -0.162025E+02
 -0.146704E+02
 -0.131005E+02
 -0.114963E+02
 -0.986142E+01
 -0.819999E+01
 -0.651619E+01
 -0.481444E+01
 -0.309933E+01
 -0.137559E+01
  0.351993E+00
  0.207859E+01
  0.379939E+01
  0.550962E+01
  0.720460E+01
  0.887981E+01
  0.105309E+02
  0.121537E+02
  0.137444E+02
  0.152993E+02
  0.168152E+02
  0.182889E+02
  0.197179E+02
  0.210998E+02
  0.224325E+02
  0.237145E+02
  0.249443E+02
  0.261210E+02
  0.272439E+02
  0.283126E+02
  0.293268E+02
  0.302869E+02
  0.311931E+02
  0.320460E+02
  0.328464E+02
  0.335953E+02
  0.342938E+02
  0.349431E+02
  0.355445E+02
  0.360996E+02
  0.366099E+02
  0.370769E+02
  0.375022E+02
  0.378876E+02
  0.382346E+02
  0.385450E+02
  0.388204E+02
  0.390625E+02
  0.392729E+02
  0.394532E+02
  0.396051E+02
  0.397299E+02
  0.398293E+02
  0.399046E+02
  0.399573E+02
  0.399886E+02
  0.399999E+02
  0.399925E+02
  0.399674E+02
  0.399259E+02
  0.398691E+02
  0.397978E+02
  0.397133E+02
  0.396163E+02
  0.395078E+02
  0.393886E+02
  0.392595E+02
  0.391213E+02
  0.389746E+02
  0.388202E+02
  0.386587E+02
  0.384906E+02
  0.383166E+02
  0.381371E+02
  0.379527E+02
  0.377639E+02
  0.375710E+02
  0.373745E+02
  0.371748E+02
  0.369722E+02
  0.367671E+02
  0.365598E+02
  0.363506E+02
  0.361397E+02
  0.359275E+02
  0.357141E+02
  0.354998E+02
  0.352848E+02
  0.350693E+02
  0.348535E+02
  0.346375E+02
  0.344216E+02
  0.342057E+02
  0.339902E+02
  0.337750E+02
  0.335604E+02
  0.333464E+02
  0.331332E+02
  0.329207E+02
  0.327092E+02
  0.324986E+02
  0.322891E+02
  0.320807E+02
  0.318735E+02
  0.316675E+02
  0.314628E+02
  0.312594E+02
  0.310573E+02
  0.308567E+02
  0.306575E+02
  0.304597E+02
  0.302634E+02
  0.300686E+02
  0.298754E+02
  0.296836E+02
  0.294935E+02
  0.293049E+02
  0.291179E+02
  0.289324E+02
  0.287486E+02
  0.285664E+02
  0.283857E+02
  0.282067E+02
  0.280292E+02
  0.278534E+02
  0.276791E+02
  0.275065E+02
  0.273354E+02
  0.271659E+02
  0.269980E+02
  0.268317E+02
  0.266669E+02
  0.265037E+02
  0.263420E+02
  0.261819E+02
  0.260233E+02
  0.258662E+02
  0.257106E+02
  0.255565E+02
  0.254039E+02
  0.252528E+02
  0.251031E+02
  0.249549E+02
  0.248080E+02
  0.246627E+02
  0.245187E+02
  0.243761E+02
  0.242349E+02
  0.240950E+02
  0.239565E+02
  0.238194E+02
  0.236836E+02
  0.235491E+02
  0.234158E+02
  0.232839E+02
  0.231533E+02
  0.230239E+02
  0.228957E+02
  0.227688E+02
  0.226431E+02
  0.225186E+02
  0.223953E+02
  0.222731E+02
  0.221521E+02
