        1601
 -4.000000000000000E-002
 -3.995000000000000E-002
 -3.990000000000000E-002
 -3.985000000000000E-002
 -3.980000000000000E-002
 -3.974999999999999E-002
 -3.969999999999999E-002
 -3.964999999999999E-002
 -3.959999999999999E-002
 -3.954999999999999E-002
 -3.949999999999999E-002
 -3.944999999999999E-002
 -3.939999999999998E-002
 -3.934999999999998E-002
 -3.929999999999998E-002
 -3.924999999999998E-002
 -3.919999999999998E-002
 -3.914999999999998E-002
 -3.909999999999998E-002
 -3.904999999999997E-002
 -3.899999999999997E-002
 -3.894999999999997E-002
 -3.889999999999997E-002
 -3.884999999999997E-002
 -3.879999999999997E-002
 -3.874999999999997E-002
 -3.869999999999996E-002
 -3.864999999999996E-002
 -3.859999999999996E-002
 -3.854999999999996E-002
 -3.849999999999996E-002
 -3.844999999999996E-002
 -3.839999999999996E-002
 -3.834999999999995E-002
 -3.829999999999995E-002
 -3.824999999999995E-002
 -3.819999999999995E-002
 -3.814999999999995E-002
 -3.809999999999995E-002
 -3.804999999999994E-002
 -3.799999999999994E-002
 -3.794999999999994E-002
 -3.789999999999994E-002
 -3.784999999999994E-002
 -3.779999999999994E-002
 -3.774999999999994E-002
 -3.769999999999993E-002
 -3.764999999999993E-002
 -3.759999999999993E-002
 -3.754999999999993E-002
 -3.749999999999993E-002
 -3.744999999999993E-002
 -3.739999999999993E-002
 -3.734999999999992E-002
 -3.729999999999992E-002
 -3.724999999999992E-002
 -3.719999999999992E-002
 -3.714999999999992E-002
 -3.709999999999992E-002
 -3.704999999999992E-002
 -3.699999999999991E-002
 -3.694999999999991E-002
 -3.689999999999991E-002
 -3.684999999999991E-002
 -3.679999999999991E-002
 -3.674999999999991E-002
 -3.669999999999991E-002
 -3.664999999999990E-002
 -3.659999999999990E-002
 -3.654999999999990E-002
 -3.649999999999990E-002
 -3.644999999999990E-002
 -3.639999999999990E-002
 -3.634999999999990E-002
 -3.629999999999989E-002
 -3.624999999999989E-002
 -3.619999999999989E-002
 -3.614999999999989E-002
 -3.609999999999989E-002
 -3.604999999999989E-002
 -3.599999999999989E-002
 -3.594999999999988E-002
 -3.589999999999988E-002
 -3.584999999999988E-002
 -3.579999999999988E-002
 -3.574999999999988E-002
 -3.569999999999988E-002
 -3.564999999999988E-002
 -3.559999999999987E-002
 -3.554999999999987E-002
 -3.549999999999987E-002
 -3.544999999999987E-002
 -3.539999999999987E-002
 -3.534999999999987E-002
 -3.529999999999987E-002
 -3.524999999999986E-002
 -3.519999999999986E-002
 -3.514999999999986E-002
 -3.509999999999986E-002
 -3.504999999999986E-002
 -3.499999999999986E-002
 -3.494999999999986E-002
 -3.489999999999985E-002
 -3.484999999999985E-002
 -3.479999999999985E-002
 -3.474999999999985E-002
 -3.469999999999985E-002
 -3.464999999999985E-002
 -3.459999999999985E-002
 -3.454999999999984E-002
 -3.449999999999984E-002
 -3.444999999999984E-002
 -3.439999999999984E-002
 -3.434999999999984E-002
 -3.429999999999984E-002
 -3.424999999999984E-002
 -3.419999999999983E-002
 -3.414999999999983E-002
 -3.409999999999983E-002
 -3.404999999999983E-002
 -3.399999999999983E-002
 -3.394999999999983E-002
 -3.389999999999983E-002
 -3.384999999999982E-002
 -3.379999999999982E-002
 -3.374999999999982E-002
 -3.369999999999982E-002
 -3.364999999999982E-002
 -3.359999999999982E-002
 -3.354999999999982E-002
 -3.349999999999981E-002
 -3.344999999999981E-002
 -3.339999999999981E-002
 -3.334999999999981E-002
 -3.329999999999981E-002
 -3.324999999999981E-002
 -3.319999999999981E-002
 -3.314999999999980E-002
 -3.309999999999980E-002
 -3.304999999999980E-002
 -3.299999999999980E-002
 -3.294999999999980E-002
 -3.289999999999980E-002
 -3.284999999999980E-002
 -3.279999999999979E-002
 -3.274999999999979E-002
 -3.269999999999979E-002
 -3.264999999999979E-002
 -3.259999999999979E-002
 -3.254999999999979E-002
 -3.249999999999979E-002
 -3.244999999999978E-002
 -3.239999999999978E-002
 -3.234999999999978E-002
 -3.229999999999978E-002
 -3.224999999999978E-002
 -3.219999999999978E-002
 -3.214999999999978E-002
 -3.209999999999977E-002
 -3.204999999999977E-002
 -3.199999999999977E-002
 -3.194999999999977E-002
 -3.189999999999977E-002
 -3.184999999999977E-002
 -3.179999999999977E-002
 -3.174999999999976E-002
 -3.169999999999976E-002
 -3.164999999999976E-002
 -3.159999999999976E-002
 -3.154999999999976E-002
 -3.149999999999976E-002
 -3.144999999999976E-002
 -3.139999999999975E-002
 -3.134999999999975E-002
 -3.129999999999975E-002
 -3.124999999999975E-002
 -3.119999999999975E-002
 -3.114999999999975E-002
 -3.109999999999975E-002
 -3.104999999999974E-002
 -3.099999999999974E-002
 -3.094999999999974E-002
 -3.089999999999974E-002
 -3.084999999999974E-002
 -3.079999999999974E-002
 -3.074999999999974E-002
 -3.069999999999973E-002
 -3.064999999999973E-002
 -3.059999999999973E-002
 -3.054999999999973E-002
 -3.049999999999973E-002
 -3.044999999999973E-002
 -3.039999999999973E-002
 -3.034999999999972E-002
 -3.029999999999972E-002
 -3.024999999999972E-002
 -3.019999999999972E-002
 -3.014999999999972E-002
 -3.009999999999972E-002
 -3.004999999999972E-002
 -2.999999999999971E-002
 -2.994999999999971E-002
 -2.989999999999971E-002
 -2.984999999999971E-002
 -2.979999999999971E-002
 -2.974999999999971E-002
 -2.969999999999971E-002
 -2.964999999999970E-002
 -2.959999999999970E-002
 -2.954999999999970E-002
 -2.949999999999970E-002
 -2.944999999999970E-002
 -2.939999999999970E-002
 -2.934999999999970E-002
 -2.929999999999969E-002
 -2.924999999999969E-002
 -2.919999999999969E-002
 -2.914999999999969E-002
 -2.909999999999969E-002
 -2.904999999999969E-002
 -2.899999999999969E-002
 -2.894999999999968E-002
 -2.889999999999968E-002
 -2.884999999999968E-002
 -2.879999999999968E-002
 -2.874999999999968E-002
 -2.869999999999968E-002
 -2.864999999999968E-002
 -2.859999999999967E-002
 -2.854999999999967E-002
 -2.849999999999967E-002
 -2.844999999999967E-002
 -2.839999999999967E-002
 -2.834999999999967E-002
 -2.829999999999967E-002
 -2.824999999999966E-002
 -2.819999999999966E-002
 -2.814999999999966E-002
 -2.809999999999966E-002
 -2.804999999999966E-002
 -2.799999999999966E-002
 -2.794999999999966E-002
 -2.789999999999965E-002
 -2.784999999999965E-002
 -2.779999999999965E-002
 -2.774999999999965E-002
 -2.769999999999965E-002
 -2.764999999999965E-002
 -2.759999999999965E-002
 -2.754999999999964E-002
 -2.749999999999964E-002
 -2.744999999999964E-002
 -2.739999999999964E-002
 -2.734999999999964E-002
 -2.729999999999964E-002
 -2.724999999999964E-002
 -2.719999999999963E-002
 -2.714999999999963E-002
 -2.709999999999963E-002
 -2.704999999999963E-002
 -2.699999999999963E-002
 -2.694999999999963E-002
 -2.689999999999963E-002
 -2.684999999999962E-002
 -2.679999999999962E-002
 -2.674999999999962E-002
 -2.669999999999962E-002
 -2.664999999999962E-002
 -2.659999999999962E-002
 -2.654999999999962E-002
 -2.649999999999961E-002
 -2.644999999999961E-002
 -2.639999999999961E-002
 -2.634999999999961E-002
 -2.629999999999961E-002
 -2.624999999999961E-002
 -2.619999999999961E-002
 -2.614999999999960E-002
 -2.609999999999960E-002
 -2.604999999999960E-002
 -2.599999999999960E-002
 -2.594999999999960E-002
 -2.589999999999960E-002
 -2.584999999999960E-002
 -2.579999999999959E-002
 -2.574999999999959E-002
 -2.569999999999959E-002
 -2.564999999999959E-002
 -2.559999999999959E-002
 -2.554999999999959E-002
 -2.549999999999959E-002
 -2.544999999999958E-002
 -2.539999999999958E-002
 -2.534999999999958E-002
 -2.529999999999958E-002
 -2.524999999999958E-002
 -2.519999999999958E-002
 -2.514999999999958E-002
 -2.509999999999957E-002
 -2.504999999999957E-002
 -2.499999999999957E-002
 -2.494999999999957E-002
 -2.489999999999957E-002
 -2.484999999999957E-002
 -2.479999999999957E-002
 -2.474999999999956E-002
 -2.469999999999956E-002
 -2.464999999999956E-002
 -2.459999999999956E-002
 -2.454999999999956E-002
 -2.449999999999956E-002
 -2.444999999999956E-002
 -2.439999999999955E-002
 -2.434999999999955E-002
 -2.429999999999955E-002
 -2.424999999999955E-002
 -2.419999999999955E-002
 -2.414999999999955E-002
 -2.409999999999955E-002
 -2.404999999999954E-002
 -2.399999999999954E-002
 -2.394999999999954E-002
 -2.389999999999954E-002
 -2.384999999999954E-002
 -2.379999999999954E-002
 -2.374999999999954E-002
 -2.369999999999953E-002
 -2.364999999999953E-002
 -2.359999999999953E-002
 -2.354999999999953E-002
 -2.349999999999953E-002
 -2.344999999999953E-002
 -2.339999999999953E-002
 -2.334999999999952E-002
 -2.329999999999952E-002
 -2.324999999999952E-002
 -2.319999999999952E-002
 -2.314999999999952E-002
 -2.309999999999952E-002
 -2.304999999999952E-002
 -2.299999999999951E-002
 -2.294999999999951E-002
 -2.289999999999951E-002
 -2.284999999999951E-002
 -2.279999999999951E-002
 -2.274999999999951E-002
 -2.269999999999951E-002
 -2.264999999999950E-002
 -2.259999999999950E-002
 -2.254999999999950E-002
 -2.249999999999950E-002
 -2.244999999999950E-002
 -2.239999999999950E-002
 -2.234999999999950E-002
 -2.229999999999949E-002
 -2.224999999999949E-002
 -2.219999999999949E-002
 -2.214999999999949E-002
 -2.209999999999949E-002
 -2.204999999999949E-002
 -2.199999999999949E-002
 -2.194999999999948E-002
 -2.189999999999948E-002
 -2.184999999999948E-002
 -2.179999999999948E-002
 -2.174999999999948E-002
 -2.169999999999948E-002
 -2.164999999999948E-002
 -2.159999999999947E-002
 -2.154999999999947E-002
 -2.149999999999947E-002
 -2.144999999999947E-002
 -2.139999999999947E-002
 -2.134999999999947E-002
 -2.129999999999947E-002
 -2.124999999999946E-002
 -2.119999999999946E-002
 -2.114999999999946E-002
 -2.109999999999946E-002
 -2.104999999999946E-002
 -2.099999999999946E-002
 -2.094999999999946E-002
 -2.089999999999945E-002
 -2.084999999999945E-002
 -2.079999999999945E-002
 -2.074999999999945E-002
 -2.069999999999945E-002
 -2.064999999999945E-002
 -2.059999999999945E-002
 -2.054999999999944E-002
 -2.049999999999944E-002
 -2.044999999999944E-002
 -2.039999999999944E-002
 -2.034999999999944E-002
 -2.029999999999944E-002
 -2.024999999999944E-002
 -2.019999999999943E-002
 -2.014999999999943E-002
 -2.009999999999943E-002
 -2.004999999999943E-002
 -1.999999999999943E-002
 -1.994999999999943E-002
 -1.989999999999943E-002
 -1.984999999999942E-002
 -1.979999999999942E-002
 -1.974999999999942E-002
 -1.969999999999942E-002
 -1.964999999999942E-002
 -1.959999999999942E-002
 -1.954999999999942E-002
 -1.949999999999941E-002
 -1.944999999999941E-002
 -1.939999999999941E-002
 -1.934999999999941E-002
 -1.929999999999941E-002
 -1.924999999999941E-002
 -1.919999999999941E-002
 -1.914999999999940E-002
 -1.909999999999940E-002
 -1.904999999999940E-002
 -1.899999999999940E-002
 -1.894999999999940E-002
 -1.889999999999940E-002
 -1.884999999999940E-002
 -1.879999999999939E-002
 -1.874999999999939E-002
 -1.869999999999939E-002
 -1.864999999999939E-002
 -1.859999999999939E-002
 -1.854999999999939E-002
 -1.849999999999938E-002
 -1.844999999999938E-002
 -1.839999999999938E-002
 -1.834999999999938E-002
 -1.829999999999938E-002
 -1.824999999999938E-002
 -1.819999999999938E-002
 -1.814999999999937E-002
 -1.809999999999937E-002
 -1.804999999999937E-002
 -1.799999999999937E-002
 -1.794999999999937E-002
 -1.789999999999937E-002
 -1.784999999999937E-002
 -1.779999999999936E-002
 -1.774999999999936E-002
 -1.769999999999936E-002
 -1.764999999999936E-002
 -1.759999999999936E-002
 -1.754999999999936E-002
 -1.749999999999936E-002
 -1.744999999999935E-002
 -1.739999999999935E-002
 -1.734999999999935E-002
 -1.729999999999935E-002
 -1.724999999999935E-002
 -1.719999999999935E-002
 -1.714999999999935E-002
 -1.709999999999934E-002
 -1.704999999999934E-002
 -1.699999999999934E-002
 -1.694999999999934E-002
 -1.689999999999934E-002
 -1.684999999999934E-002
 -1.679999999999934E-002
 -1.674999999999933E-002
 -1.669999999999933E-002
 -1.664999999999933E-002
 -1.659999999999933E-002
 -1.654999999999933E-002
 -1.649999999999933E-002
 -1.644999999999933E-002
 -1.639999999999932E-002
 -1.634999999999932E-002
 -1.629999999999932E-002
 -1.624999999999932E-002
 -1.619999999999932E-002
 -1.614999999999932E-002
 -1.609999999999932E-002
 -1.604999999999931E-002
 -1.599999999999931E-002
 -1.594999999999931E-002
 -1.589999999999931E-002
 -1.584999999999931E-002
 -1.579999999999931E-002
 -1.574999999999931E-002
 -1.569999999999930E-002
 -1.564999999999930E-002
 -1.559999999999930E-002
 -1.554999999999930E-002
 -1.549999999999930E-002
 -1.544999999999930E-002
 -1.539999999999930E-002
 -1.534999999999931E-002
 -1.529999999999931E-002
 -1.524999999999931E-002
 -1.519999999999931E-002
 -1.514999999999931E-002
 -1.509999999999931E-002
 -1.504999999999931E-002
 -1.499999999999931E-002
 -1.494999999999931E-002
 -1.489999999999931E-002
 -1.484999999999931E-002
 -1.479999999999931E-002
 -1.474999999999931E-002
 -1.469999999999931E-002
 -1.464999999999931E-002
 -1.459999999999931E-002
 -1.454999999999931E-002
 -1.449999999999931E-002
 -1.444999999999931E-002
 -1.439999999999931E-002
 -1.434999999999931E-002
 -1.429999999999931E-002
 -1.424999999999931E-002
 -1.419999999999931E-002
 -1.414999999999931E-002
 -1.409999999999931E-002
 -1.404999999999931E-002
 -1.399999999999931E-002
 -1.394999999999931E-002
 -1.389999999999931E-002
 -1.384999999999931E-002
 -1.379999999999931E-002
 -1.374999999999931E-002
 -1.369999999999932E-002
 -1.364999999999932E-002
 -1.359999999999932E-002
 -1.354999999999932E-002
 -1.349999999999932E-002
 -1.344999999999932E-002
 -1.339999999999932E-002
 -1.334999999999932E-002
 -1.329999999999932E-002
 -1.324999999999932E-002
 -1.319999999999932E-002
 -1.314999999999932E-002
 -1.309999999999932E-002
 -1.304999999999932E-002
 -1.299999999999932E-002
 -1.294999999999932E-002
 -1.289999999999932E-002
 -1.284999999999932E-002
 -1.279999999999932E-002
 -1.274999999999932E-002
 -1.269999999999932E-002
 -1.264999999999932E-002
 -1.259999999999932E-002
 -1.254999999999932E-002
 -1.249999999999932E-002
 -1.244999999999932E-002
 -1.239999999999932E-002
 -1.234999999999932E-002
 -1.229999999999932E-002
 -1.224999999999932E-002
 -1.219999999999932E-002
 -1.214999999999932E-002
 -1.209999999999932E-002
 -1.204999999999933E-002
 -1.199999999999933E-002
 -1.194999999999933E-002
 -1.189999999999933E-002
 -1.184999999999933E-002
 -1.179999999999933E-002
 -1.174999999999933E-002
 -1.169999999999933E-002
 -1.164999999999933E-002
 -1.159999999999933E-002
 -1.154999999999933E-002
 -1.149999999999933E-002
 -1.144999999999933E-002
 -1.139999999999933E-002
 -1.134999999999933E-002
 -1.129999999999933E-002
 -1.124999999999933E-002
 -1.119999999999933E-002
 -1.114999999999933E-002
 -1.109999999999933E-002
 -1.104999999999933E-002
 -1.099999999999933E-002
 -1.094999999999933E-002
 -1.089999999999933E-002
 -1.084999999999933E-002
 -1.079999999999933E-002
 -1.074999999999933E-002
 -1.069999999999933E-002
 -1.064999999999933E-002
 -1.059999999999933E-002
 -1.054999999999933E-002
 -1.049999999999933E-002
 -1.044999999999933E-002
 -1.039999999999934E-002
 -1.034999999999934E-002
 -1.029999999999934E-002
 -1.024999999999934E-002
 -1.019999999999934E-002
 -1.014999999999934E-002
 -1.009999999999934E-002
 -1.004999999999934E-002
 -9.999999999999338E-003
 -9.949999999999338E-003
 -9.899999999999338E-003
 -9.849999999999338E-003
 -9.799999999999339E-003
 -9.749999999999339E-003
 -9.699999999999339E-003
 -9.649999999999340E-003
 -9.599999999999340E-003
 -9.549999999999340E-003
 -9.499999999999341E-003
 -9.449999999999341E-003
 -9.399999999999341E-003
 -9.349999999999341E-003
 -9.299999999999342E-003
 -9.249999999999342E-003
 -9.199999999999342E-003
 -9.149999999999343E-003
 -9.099999999999343E-003
 -9.049999999999343E-003
 -8.999999999999344E-003
 -8.949999999999344E-003
 -8.899999999999344E-003
 -8.849999999999345E-003
 -8.799999999999345E-003
 -8.749999999999345E-003
 -8.699999999999345E-003
 -8.649999999999346E-003
 -8.599999999999346E-003
 -8.549999999999346E-003
 -8.499999999999347E-003
 -8.449999999999347E-003
 -8.399999999999347E-003
 -8.349999999999348E-003
 -8.299999999999348E-003
 -8.249999999999348E-003
 -8.199999999999348E-003
 -8.149999999999349E-003
 -8.099999999999349E-003
 -8.049999999999349E-003
 -7.999999999999350E-003
 -7.949999999999350E-003
 -7.899999999999350E-003
 -7.849999999999351E-003
 -7.799999999999351E-003
 -7.749999999999351E-003
 -7.699999999999351E-003
 -7.649999999999352E-003
 -7.599999999999352E-003
 -7.549999999999352E-003
 -7.499999999999353E-003
 -7.449999999999353E-003
 -7.399999999999353E-003
 -7.349999999999354E-003
 -7.299999999999354E-003
 -7.249999999999354E-003
 -7.199999999999354E-003
 -7.149999999999355E-003
 -7.099999999999355E-003
 -7.049999999999355E-003
 -6.999999999999356E-003
 -6.949999999999356E-003
 -6.899999999999356E-003
 -6.849999999999357E-003
 -6.799999999999357E-003
 -6.749999999999357E-003
 -6.699999999999358E-003
 -6.649999999999358E-003
 -6.599999999999358E-003
 -6.549999999999358E-003
 -6.499999999999359E-003
 -6.449999999999359E-003
 -6.399999999999359E-003
 -6.349999999999360E-003
 -6.299999999999360E-003
 -6.249999999999360E-003
 -6.199999999999361E-003
 -6.149999999999361E-003
 -6.099999999999361E-003
 -6.049999999999361E-003
 -5.999999999999362E-003
 -5.949999999999362E-003
 -5.899999999999362E-003
 -5.849999999999363E-003
 -5.799999999999363E-003
 -5.749999999999363E-003
 -5.699999999999364E-003
 -5.649999999999364E-003
 -5.599999999999364E-003
 -5.549999999999364E-003
 -5.499999999999365E-003
 -5.449999999999365E-003
 -5.399999999999365E-003
 -5.349999999999366E-003
 -5.299999999999366E-003
 -5.249999999999366E-003
 -5.199999999999367E-003
 -5.149999999999367E-003
 -5.099999999999367E-003
 -5.049999999999367E-003
 -4.999999999999368E-003
 -4.949999999999368E-003
 -4.899999999999368E-003
 -4.849999999999369E-003
 -4.799999999999369E-003
 -4.749999999999369E-003
 -4.699999999999370E-003
 -4.649999999999370E-003
 -4.599999999999370E-003
 -4.549999999999371E-003
 -4.499999999999371E-003
 -4.449999999999371E-003
 -4.399999999999371E-003
 -4.349999999999372E-003
 -4.299999999999372E-003
 -4.249999999999372E-003
 -4.199999999999373E-003
 -4.149999999999373E-003
 -4.099999999999373E-003
 -4.049999999999374E-003
 -3.999999999999374E-003
 -3.949999999999374E-003
 -3.899999999999374E-003
 -3.849999999999374E-003
 -3.799999999999374E-003
 -3.749999999999374E-003
 -3.699999999999373E-003
 -3.649999999999373E-003
 -3.599999999999373E-003
 -3.549999999999373E-003
 -3.499999999999373E-003
 -3.449999999999373E-003
 -3.399999999999373E-003
 -3.349999999999373E-003
 -3.299999999999372E-003
 -3.249999999999372E-003
 -3.199999999999372E-003
 -3.149999999999372E-003
 -3.099999999999372E-003
 -3.049999999999372E-003
 -2.999999999999372E-003
 -2.949999999999372E-003
 -2.899999999999371E-003
 -2.849999999999371E-003
 -2.799999999999371E-003
 -2.749999999999371E-003
 -2.699999999999371E-003
 -2.649999999999371E-003
 -2.599999999999371E-003
 -2.549999999999370E-003
 -2.499999999999370E-003
 -2.449999999999370E-003
 -2.399999999999370E-003
 -2.349999999999370E-003
 -2.299999999999370E-003
 -2.249999999999370E-003
 -2.199999999999370E-003
 -2.149999999999369E-003
 -2.099999999999369E-003
 -2.049999999999369E-003
 -1.999999999999369E-003
 -1.949999999999369E-003
 -1.899999999999369E-003
 -1.849999999999369E-003
 -1.799999999999369E-003
 -1.749999999999369E-003
 -1.699999999999370E-003
 -1.649999999999370E-003
 -1.599999999999370E-003
 -1.549999999999370E-003
 -1.499999999999370E-003
 -1.449999999999370E-003
 -1.399999999999370E-003
 -1.349999999999370E-003
 -1.299999999999370E-003
 -1.249999999999370E-003
 -1.199999999999370E-003
 -1.149999999999370E-003
 -1.099999999999371E-003
 -1.049999999999371E-003
 -9.999999999993707E-004
 -9.499999999993707E-004
 -8.999999999993707E-004
 -8.499999999993707E-004
 -7.999999999993707E-004
 -7.499999999993706E-004
 -6.999999999993706E-004
 -6.499999999993706E-004
 -5.999999999993706E-004
 -5.499999999993705E-004
 -4.999999999993705E-004
 -4.499999999993705E-004
 -3.999999999993705E-004
 -3.499999999993705E-004
 -2.999999999993704E-004
 -2.499999999993704E-004
 -1.999999999993704E-004
 -1.499999999993704E-004
 -9.999999999937042E-005
 -4.999999999937042E-005
  6.295826490351764E-016
  5.000000000062959E-005
  1.000000000006296E-004
  1.500000000006296E-004
  2.000000000006296E-004
  2.500000000006296E-004
  3.000000000006296E-004
  3.500000000006296E-004
  4.000000000006297E-004
  4.500000000006297E-004
  5.000000000006297E-004
  5.500000000006297E-004
  6.000000000006298E-004
  6.500000000006298E-004
  7.000000000006298E-004
  7.500000000006298E-004
  8.000000000006299E-004
  8.500000000006299E-004
  9.000000000006299E-004
  9.500000000006299E-004
  1.000000000000630E-003
  1.050000000000630E-003
  1.100000000000630E-003
  1.150000000000630E-003
  1.200000000000630E-003
  1.250000000000630E-003
  1.300000000000629E-003
  1.350000000000629E-003
  1.400000000000629E-003
  1.450000000000629E-003
  1.500000000000629E-003
  1.550000000000629E-003
  1.600000000000629E-003
  1.650000000000629E-003
  1.700000000000629E-003
  1.750000000000629E-003
  1.800000000000629E-003
  1.850000000000628E-003
  1.900000000000628E-003
  1.950000000000628E-003
  2.000000000000628E-003
  2.050000000000629E-003
  2.100000000000629E-003
  2.150000000000629E-003
  2.200000000000629E-003
  2.250000000000629E-003
  2.300000000000629E-003
  2.350000000000629E-003
  2.400000000000629E-003
  2.450000000000630E-003
  2.500000000000630E-003
  2.550000000000630E-003
  2.600000000000630E-003
  2.650000000000630E-003
  2.700000000000630E-003
  2.750000000000630E-003
  2.800000000000631E-003
  2.850000000000631E-003
  2.900000000000631E-003
  2.950000000000631E-003
  3.000000000000631E-003
  3.050000000000631E-003
  3.100000000000631E-003
  3.150000000000631E-003
  3.200000000000632E-003
  3.250000000000632E-003
  3.300000000000632E-003
  3.350000000000632E-003
  3.400000000000632E-003
  3.450000000000632E-003
  3.500000000000632E-003
  3.550000000000633E-003
  3.600000000000633E-003
  3.650000000000633E-003
  3.700000000000633E-003
  3.750000000000633E-003
  3.800000000000633E-003
  3.850000000000633E-003
  3.900000000000633E-003
  3.950000000000634E-003
  4.000000000000633E-003
  4.050000000000633E-003
  4.100000000000633E-003
  4.150000000000632E-003
  4.200000000000632E-003
  4.250000000000632E-003
  4.300000000000631E-003
  4.350000000000631E-003
  4.400000000000631E-003
  4.450000000000631E-003
  4.500000000000630E-003
  4.550000000000630E-003
  4.600000000000630E-003
  4.650000000000629E-003
  4.700000000000629E-003
  4.750000000000629E-003
  4.800000000000628E-003
  4.850000000000628E-003
  4.900000000000628E-003
  4.950000000000628E-003
  5.000000000000627E-003
  5.050000000000627E-003
  5.100000000000627E-003
  5.150000000000626E-003
  5.200000000000626E-003
  5.250000000000626E-003
  5.300000000000625E-003
  5.350000000000625E-003
  5.400000000000625E-003
  5.450000000000624E-003
  5.500000000000624E-003
  5.550000000000624E-003
  5.600000000000624E-003
  5.650000000000623E-003
  5.700000000000623E-003
  5.750000000000623E-003
  5.800000000000622E-003
  5.850000000000622E-003
  5.900000000000622E-003
  5.950000000000621E-003
  6.000000000000621E-003
  6.050000000000621E-003
  6.100000000000621E-003
  6.150000000000620E-003
  6.200000000000620E-003
  6.250000000000620E-003
  6.300000000000619E-003
  6.350000000000619E-003
  6.400000000000619E-003
  6.450000000000618E-003
  6.500000000000618E-003
  6.550000000000618E-003
  6.600000000000618E-003
  6.650000000000617E-003
  6.700000000000617E-003
  6.750000000000617E-003
  6.800000000000616E-003
  6.850000000000616E-003
  6.900000000000616E-003
  6.950000000000615E-003
  7.000000000000615E-003
  7.050000000000615E-003
  7.100000000000615E-003
  7.150000000000614E-003
  7.200000000000614E-003
  7.250000000000614E-003
  7.300000000000613E-003
  7.350000000000613E-003
  7.400000000000613E-003
  7.450000000000612E-003
  7.500000000000612E-003
  7.550000000000612E-003
  7.600000000000611E-003
  7.650000000000611E-003
  7.700000000000611E-003
  7.750000000000611E-003
  7.800000000000610E-003
  7.850000000000610E-003
  7.900000000000610E-003
  7.950000000000609E-003
  8.000000000000609E-003
  8.050000000000609E-003
  8.100000000000608E-003
  8.150000000000608E-003
  8.200000000000608E-003
  8.250000000000608E-003
  8.300000000000607E-003
  8.350000000000607E-003
  8.400000000000607E-003
  8.450000000000606E-003
  8.500000000000606E-003
  8.550000000000606E-003
  8.600000000000605E-003
  8.650000000000605E-003
  8.700000000000605E-003
  8.750000000000605E-003
  8.800000000000604E-003
  8.850000000000604E-003
  8.900000000000604E-003
  8.950000000000603E-003
  9.000000000000603E-003
  9.050000000000603E-003
  9.100000000000602E-003
  9.150000000000602E-003
  9.200000000000602E-003
  9.250000000000601E-003
  9.300000000000601E-003
  9.350000000000601E-003
  9.400000000000601E-003
  9.450000000000600E-003
  9.500000000000600E-003
  9.550000000000600E-003
  9.600000000000599E-003
  9.650000000000599E-003
  9.700000000000599E-003
  9.750000000000598E-003
  9.800000000000598E-003
  9.850000000000598E-003
  9.900000000000598E-003
  9.950000000000597E-003
  1.000000000000060E-002
  1.005000000000060E-002
  1.010000000000060E-002
  1.015000000000060E-002
  1.020000000000060E-002
  1.025000000000060E-002
  1.030000000000060E-002
  1.035000000000059E-002
  1.040000000000059E-002
  1.045000000000059E-002
  1.050000000000059E-002
  1.055000000000059E-002
  1.060000000000059E-002
  1.065000000000059E-002
  1.070000000000059E-002
  1.075000000000059E-002
  1.080000000000059E-002
  1.085000000000059E-002
  1.090000000000059E-002
  1.095000000000059E-002
  1.100000000000059E-002
  1.105000000000059E-002
  1.110000000000059E-002
  1.115000000000059E-002
  1.120000000000059E-002
  1.125000000000059E-002
  1.130000000000059E-002
  1.135000000000059E-002
  1.140000000000059E-002
  1.145000000000059E-002
  1.150000000000059E-002
  1.155000000000059E-002
  1.160000000000059E-002
  1.165000000000059E-002
  1.170000000000059E-002
  1.175000000000059E-002
  1.180000000000059E-002
  1.185000000000059E-002
  1.190000000000059E-002
  1.195000000000059E-002
  1.200000000000058E-002
  1.205000000000058E-002
  1.210000000000058E-002
  1.215000000000058E-002
  1.220000000000058E-002
  1.225000000000058E-002
  1.230000000000058E-002
  1.235000000000058E-002
  1.240000000000058E-002
  1.245000000000058E-002
  1.250000000000058E-002
  1.255000000000058E-002
  1.260000000000058E-002
  1.265000000000058E-002
  1.270000000000058E-002
  1.275000000000058E-002
  1.280000000000058E-002
  1.285000000000058E-002
  1.290000000000058E-002
  1.295000000000058E-002
  1.300000000000058E-002
  1.305000000000058E-002
  1.310000000000058E-002
  1.315000000000058E-002
  1.320000000000058E-002
  1.325000000000058E-002
  1.330000000000058E-002
  1.335000000000058E-002
  1.340000000000058E-002
  1.345000000000058E-002
  1.350000000000058E-002
  1.355000000000058E-002
  1.360000000000058E-002
  1.365000000000057E-002
  1.370000000000057E-002
  1.375000000000057E-002
  1.380000000000057E-002
  1.385000000000057E-002
  1.390000000000057E-002
  1.395000000000057E-002
  1.400000000000057E-002
  1.405000000000057E-002
  1.410000000000057E-002
  1.415000000000057E-002
  1.420000000000057E-002
  1.425000000000057E-002
  1.430000000000057E-002
  1.435000000000057E-002
  1.440000000000057E-002
  1.445000000000057E-002
  1.450000000000057E-002
  1.455000000000057E-002
  1.460000000000057E-002
  1.465000000000057E-002
  1.470000000000057E-002
  1.475000000000057E-002
  1.480000000000057E-002
  1.485000000000057E-002
  1.490000000000057E-002
  1.495000000000057E-002
  1.500000000000057E-002
  1.505000000000057E-002
  1.510000000000057E-002
  1.515000000000057E-002
  1.520000000000057E-002
  1.525000000000057E-002
  1.530000000000056E-002
  1.535000000000056E-002
  1.540000000000056E-002
  1.545000000000056E-002
  1.550000000000056E-002
  1.555000000000056E-002
  1.560000000000056E-002
  1.565000000000056E-002
  1.570000000000056E-002
  1.575000000000057E-002
  1.580000000000057E-002
  1.585000000000057E-002
  1.590000000000057E-002
  1.595000000000057E-002
  1.600000000000057E-002
  1.605000000000057E-002
  1.610000000000058E-002
  1.615000000000058E-002
  1.620000000000058E-002
  1.625000000000058E-002
  1.630000000000058E-002
  1.635000000000058E-002
  1.640000000000058E-002
  1.645000000000059E-002
  1.650000000000059E-002
  1.655000000000059E-002
  1.660000000000059E-002
  1.665000000000059E-002
  1.670000000000059E-002
  1.675000000000059E-002
  1.680000000000060E-002
  1.685000000000060E-002
  1.690000000000060E-002
  1.695000000000060E-002
  1.700000000000060E-002
  1.705000000000060E-002
  1.710000000000060E-002
  1.715000000000061E-002
  1.720000000000061E-002
  1.725000000000061E-002
  1.730000000000061E-002
  1.735000000000061E-002
  1.740000000000061E-002
  1.745000000000061E-002
  1.750000000000062E-002
  1.755000000000062E-002
  1.760000000000062E-002
  1.765000000000062E-002
  1.770000000000062E-002
  1.775000000000062E-002
  1.780000000000062E-002
  1.785000000000063E-002
  1.790000000000063E-002
  1.795000000000063E-002
  1.800000000000063E-002
  1.805000000000063E-002
  1.810000000000063E-002
  1.815000000000063E-002
  1.820000000000064E-002
  1.825000000000064E-002
  1.830000000000064E-002
  1.835000000000064E-002
  1.840000000000064E-002
  1.845000000000064E-002
  1.850000000000064E-002
  1.855000000000065E-002
  1.860000000000065E-002
  1.865000000000065E-002
  1.870000000000065E-002
  1.875000000000065E-002
  1.880000000000065E-002
  1.885000000000065E-002
  1.890000000000066E-002
  1.895000000000066E-002
  1.900000000000066E-002
  1.905000000000066E-002
  1.910000000000066E-002
  1.915000000000066E-002
  1.920000000000066E-002
  1.925000000000067E-002
  1.930000000000067E-002
  1.935000000000067E-002
  1.940000000000067E-002
  1.945000000000067E-002
  1.950000000000067E-002
  1.955000000000067E-002
  1.960000000000068E-002
  1.965000000000068E-002
  1.970000000000068E-002
  1.975000000000068E-002
  1.980000000000068E-002
  1.985000000000068E-002
  1.990000000000068E-002
  1.995000000000069E-002
  2.000000000000069E-002
  2.005000000000069E-002
  2.010000000000069E-002
  2.015000000000069E-002
  2.020000000000069E-002
  2.025000000000069E-002
  2.030000000000070E-002
  2.035000000000070E-002
  2.040000000000070E-002
  2.045000000000070E-002
  2.050000000000070E-002
  2.055000000000070E-002
  2.060000000000070E-002
  2.065000000000071E-002
  2.070000000000071E-002
  2.075000000000071E-002
  2.080000000000071E-002
  2.085000000000071E-002
  2.090000000000071E-002
  2.095000000000071E-002
  2.100000000000072E-002
  2.105000000000072E-002
  2.110000000000072E-002
  2.115000000000072E-002
  2.120000000000072E-002
  2.125000000000072E-002
  2.130000000000072E-002
  2.135000000000073E-002
  2.140000000000073E-002
  2.145000000000073E-002
  2.150000000000073E-002
  2.155000000000073E-002
  2.160000000000073E-002
  2.165000000000073E-002
  2.170000000000074E-002
  2.175000000000074E-002
  2.180000000000074E-002
  2.185000000000074E-002
  2.190000000000074E-002
  2.195000000000074E-002
  2.200000000000074E-002
  2.205000000000075E-002
  2.210000000000075E-002
  2.215000000000075E-002
  2.220000000000075E-002
  2.225000000000075E-002
  2.230000000000075E-002
  2.235000000000075E-002
  2.240000000000076E-002
  2.245000000000076E-002
  2.250000000000076E-002
  2.255000000000076E-002
  2.260000000000076E-002
  2.265000000000076E-002
  2.270000000000076E-002
  2.275000000000077E-002
  2.280000000000077E-002
  2.285000000000077E-002
  2.290000000000077E-002
  2.295000000000077E-002
  2.300000000000077E-002
  2.305000000000077E-002
  2.310000000000078E-002
  2.315000000000078E-002
  2.320000000000078E-002
  2.325000000000078E-002
  2.330000000000078E-002
  2.335000000000078E-002
  2.340000000000078E-002
  2.345000000000079E-002
  2.350000000000079E-002
  2.355000000000079E-002
  2.360000000000079E-002
  2.365000000000079E-002
  2.370000000000079E-002
  2.375000000000079E-002
  2.380000000000080E-002
  2.385000000000080E-002
  2.390000000000080E-002
  2.395000000000080E-002
  2.400000000000080E-002
  2.405000000000080E-002
  2.410000000000080E-002
  2.415000000000081E-002
  2.420000000000081E-002
  2.425000000000081E-002
  2.430000000000081E-002
  2.435000000000081E-002
  2.440000000000081E-002
  2.445000000000081E-002
  2.450000000000082E-002
  2.455000000000082E-002
  2.460000000000082E-002
  2.465000000000082E-002
  2.470000000000082E-002
  2.475000000000082E-002
  2.480000000000082E-002
  2.485000000000083E-002
  2.490000000000083E-002
  2.495000000000083E-002
  2.500000000000083E-002
  2.505000000000083E-002
  2.510000000000083E-002
  2.515000000000083E-002
  2.520000000000084E-002
  2.525000000000084E-002
  2.530000000000084E-002
  2.535000000000084E-002
  2.540000000000084E-002
  2.545000000000084E-002
  2.550000000000084E-002
  2.555000000000085E-002
  2.560000000000085E-002
  2.565000000000085E-002
  2.570000000000085E-002
  2.575000000000085E-002
  2.580000000000085E-002
  2.585000000000085E-002
  2.590000000000086E-002
  2.595000000000086E-002
  2.600000000000086E-002
  2.605000000000086E-002
  2.610000000000086E-002
  2.615000000000086E-002
  2.620000000000086E-002
  2.625000000000087E-002
  2.630000000000087E-002
  2.635000000000087E-002
  2.640000000000087E-002
  2.645000000000087E-002
  2.650000000000087E-002
  2.655000000000087E-002
  2.660000000000088E-002
  2.665000000000088E-002
  2.670000000000088E-002
  2.675000000000088E-002
  2.680000000000088E-002
  2.685000000000088E-002
  2.690000000000089E-002
  2.695000000000089E-002
  2.700000000000089E-002
  2.705000000000089E-002
  2.710000000000089E-002
  2.715000000000089E-002
  2.720000000000089E-002
  2.725000000000090E-002
  2.730000000000090E-002
  2.735000000000090E-002
  2.740000000000090E-002
  2.745000000000090E-002
  2.750000000000090E-002
  2.755000000000090E-002
  2.760000000000091E-002
  2.765000000000091E-002
  2.770000000000091E-002
  2.775000000000091E-002
  2.780000000000091E-002
  2.785000000000091E-002
  2.790000000000091E-002
  2.795000000000092E-002
  2.800000000000092E-002
  2.805000000000092E-002
  2.810000000000092E-002
  2.815000000000092E-002
  2.820000000000092E-002
  2.825000000000092E-002
  2.830000000000093E-002
  2.835000000000093E-002
  2.840000000000093E-002
  2.845000000000093E-002
  2.850000000000093E-002
  2.855000000000093E-002
  2.860000000000093E-002
  2.865000000000094E-002
  2.870000000000094E-002
  2.875000000000094E-002
  2.880000000000094E-002
  2.885000000000094E-002
  2.890000000000094E-002
  2.895000000000094E-002
  2.900000000000095E-002
  2.905000000000095E-002
  2.910000000000095E-002
  2.915000000000095E-002
  2.920000000000095E-002
  2.925000000000095E-002
  2.930000000000095E-002
  2.935000000000096E-002
  2.940000000000096E-002
  2.945000000000096E-002
  2.950000000000096E-002
  2.955000000000096E-002
  2.960000000000096E-002
  2.965000000000096E-002
  2.970000000000097E-002
  2.975000000000097E-002
  2.980000000000097E-002
  2.985000000000097E-002
  2.990000000000097E-002
  2.995000000000097E-002
  3.000000000000097E-002
  3.005000000000098E-002
  3.010000000000098E-002
  3.015000000000098E-002
  3.020000000000098E-002
  3.025000000000098E-002
  3.030000000000098E-002
  3.035000000000098E-002
  3.040000000000099E-002
  3.045000000000099E-002
  3.050000000000099E-002
  3.055000000000099E-002
  3.060000000000099E-002
  3.065000000000099E-002
  3.070000000000099E-002
  3.075000000000100E-002
  3.080000000000100E-002
  3.085000000000100E-002
  3.090000000000100E-002
  3.095000000000100E-002
  3.100000000000100E-002
  3.105000000000100E-002
  3.110000000000101E-002
  3.115000000000101E-002
  3.120000000000101E-002
  3.125000000000101E-002
  3.130000000000101E-002
  3.135000000000101E-002
  3.140000000000101E-002
  3.145000000000101E-002
  3.150000000000101E-002
  3.155000000000101E-002
  3.160000000000102E-002
  3.165000000000102E-002
  3.170000000000102E-002
  3.175000000000102E-002
  3.180000000000102E-002
  3.185000000000102E-002
  3.190000000000102E-002
  3.195000000000103E-002
  3.200000000000103E-002
  3.205000000000103E-002
  3.210000000000103E-002
  3.215000000000103E-002
  3.220000000000103E-002
  3.225000000000103E-002
  3.230000000000104E-002
  3.235000000000104E-002
  3.240000000000104E-002
  3.245000000000104E-002
  3.250000000000104E-002
  3.255000000000104E-002
  3.260000000000104E-002
  3.265000000000105E-002
  3.270000000000105E-002
  3.275000000000105E-002
  3.280000000000105E-002
  3.285000000000105E-002
  3.290000000000105E-002
  3.295000000000105E-002
  3.300000000000106E-002
  3.305000000000106E-002
  3.310000000000106E-002
  3.315000000000106E-002
  3.320000000000106E-002
  3.325000000000106E-002
  3.330000000000106E-002
  3.335000000000107E-002
  3.340000000000107E-002
  3.345000000000107E-002
  3.350000000000107E-002
  3.355000000000107E-002
  3.360000000000107E-002
  3.365000000000107E-002
  3.370000000000108E-002
  3.375000000000108E-002
  3.380000000000108E-002
  3.385000000000108E-002
  3.390000000000108E-002
  3.395000000000108E-002
  3.400000000000108E-002
  3.405000000000109E-002
  3.410000000000109E-002
  3.415000000000109E-002
  3.420000000000109E-002
  3.425000000000109E-002
  3.430000000000109E-002
  3.435000000000109E-002
  3.440000000000110E-002
  3.445000000000110E-002
  3.450000000000110E-002
  3.455000000000110E-002
  3.460000000000110E-002
  3.465000000000110E-002
  3.470000000000110E-002
  3.475000000000111E-002
  3.480000000000111E-002
  3.485000000000111E-002
  3.490000000000111E-002
  3.495000000000111E-002
  3.500000000000111E-002
  3.505000000000111E-002
  3.510000000000112E-002
  3.515000000000112E-002
  3.520000000000112E-002
  3.525000000000112E-002
  3.530000000000112E-002
  3.535000000000112E-002
  3.540000000000113E-002
  3.545000000000113E-002
  3.550000000000113E-002
  3.555000000000113E-002
  3.560000000000113E-002
  3.565000000000113E-002
  3.570000000000113E-002
  3.575000000000114E-002
  3.580000000000114E-002
  3.585000000000114E-002
  3.590000000000114E-002
  3.595000000000114E-002
  3.600000000000114E-002
  3.605000000000114E-002
  3.610000000000115E-002
  3.615000000000115E-002
  3.620000000000115E-002
  3.625000000000115E-002
  3.630000000000115E-002
  3.635000000000115E-002
  3.640000000000115E-002
  3.645000000000116E-002
  3.650000000000116E-002
  3.655000000000116E-002
  3.660000000000116E-002
  3.665000000000116E-002
  3.670000000000116E-002
  3.675000000000116E-002
  3.680000000000117E-002
  3.685000000000117E-002
  3.690000000000117E-002
  3.695000000000117E-002
  3.700000000000117E-002
  3.705000000000117E-002
  3.710000000000117E-002
  3.715000000000118E-002
  3.720000000000118E-002
  3.725000000000118E-002
  3.730000000000118E-002
  3.735000000000118E-002
  3.740000000000118E-002
  3.745000000000118E-002
  3.750000000000119E-002
  3.755000000000119E-002
  3.760000000000119E-002
  3.765000000000119E-002
  3.770000000000119E-002
  3.775000000000119E-002
  3.780000000000119E-002
  3.785000000000120E-002
  3.790000000000120E-002
  3.795000000000120E-002
  3.800000000000120E-002
  3.805000000000120E-002
  3.810000000000120E-002
  3.815000000000120E-002
  3.820000000000121E-002
  3.825000000000121E-002
  3.830000000000121E-002
  3.835000000000121E-002
  3.840000000000121E-002
  3.845000000000121E-002
  3.850000000000121E-002
  3.855000000000122E-002
  3.860000000000122E-002
  3.865000000000122E-002
  3.870000000000122E-002
  3.875000000000122E-002
  3.880000000000122E-002
  3.885000000000122E-002
  3.890000000000123E-002
  3.895000000000123E-002
  3.900000000000123E-002
  3.905000000000123E-002
  3.910000000000123E-002
  3.915000000000123E-002
  3.920000000000123E-002
  3.925000000000124E-002
  3.930000000000124E-002
  3.935000000000124E-002
  3.940000000000124E-002
  3.945000000000124E-002
  3.950000000000124E-002
  3.955000000000124E-002
  3.960000000000125E-002
  3.965000000000125E-002
  3.970000000000125E-002
  3.975000000000125E-002
  3.980000000000125E-002
  3.985000000000125E-002
  3.990000000000125E-002
  3.995000000000126E-002
  4.000000000000126E-002
