5
12
    0.0000    0.0000
    2.0000    0.0000
    4.0000    0.0000
    6.0000    0.0000
    8.0000    0.0000
   10.0000    0.0000
   12.0000    0.0000
   14.0000    0.0000
   16.0000    0.0000
   18.0000    0.0000
   20.0000    0.0000
   22.0000    0.0000
    0.0000    1.0000
    2.0000    1.0000
    4.0000    1.0000
    6.0000    1.0000
    8.0000    1.0000
   10.0000    1.0000
   12.0000    1.0000
   14.0000    1.0000
   16.0000    1.0000
   18.0000    1.0000
   20.0000    1.0000
   22.0000    1.0000
    0.0000    2.0000
    2.0000    2.0000
    4.0000    2.0000
    6.0000    2.0000
    8.0000    2.0000
   10.0000    2.0000
   12.0000    2.0000
   14.0000    2.0000
   16.0000    2.0000
   18.0000    2.0000
   20.0000    2.0000
   22.0000    2.0000
    0.0000    3.0000
    2.0000    3.0000
    4.0000    3.0000
    6.0000    3.0000
    8.0000    3.0000
   10.0000    3.0000
   12.0000    3.0000
   14.0000    3.0000
   16.0000    3.0000
   18.0000    3.0000
   20.0000    3.0000
   22.0000    3.0000
    0.0000    4.0000
    2.0000    4.0000
    4.0000    4.0000
    6.0000    4.0000
    8.0000    4.0000
   10.0000    4.0000
   12.0000    4.0000
   14.0000    4.0000
   16.0000    4.0000
   18.0000    4.0000
   20.0000    4.0000
   22.0000    4.0000
Mesh connectivity information
Volume nodes
 1  2 14 13
 2  3 15 14
 3  4 16 15
 4  5 17 16
 5  6 18 17
 6  7 19 18
 7  8 20 19
 8  9 21 20
 9 10 22 21
10 11 23 22
11 12 24 23
13 14 26 25
14 15 27 26
15 16 28 27
16 17 29 28
17 18 30 29
18 19 31 30
19 20 32 31
20 21 33 32
21 22 34 33
22 23 35 34
23 24 36 35
25 26 38 37
26 27 39 38
27 28 40 39
28 29 41 40
29 30 42 41
30 31 43 42
31 32 44 43
32 33 45 44
33 34 46 45
34 35 47 46
35 36 48 47
37 38 50 49
38 39 51 50
39 40 52 51
40 41 53 52
41 42 54 53
42 43 55 54
43 44 56 55
44 45 57 56
45 46 58 57
46 47 59 58
47 48 60 59
Mesh side nodes
Boundary 1
12
Node list
 1
 2
 3
 4
 5
 6
 7
 8
 9
10
11
12
Boundary 2
5
Node list
12
24
36
48
60
Boundary 3
12
Node list
49
50
51
52
53
54
55
56
57
58
59
60
Boundary 4
5
Node list
 1
13
25
37
49
