-1.0640026E-001
-9.7837128E-002
-8.9089995E-002
-8.0155614E-002
-7.1031094E-002
-6.1713764E-002
-5.2201017E-002
-4.2489068E-002
-3.2575612E-002
-2.1388013E-002
-9.4327207E-003
2.0275834E-003
1.2801622E-002
2.1407798E-002
2.9192121E-002
3.6024906E-002
4.2923611E-002
5.0705203E-002
5.7185903E-002
6.5684828E-002
7.3367547E-002
7.9228827E-002
8.2983912E-002
8.0651690E-002
7.6076865E-002
6.4920620E-002
5.0233497E-002
3.4779803E-002
1.7779399E-002
5.6493384E-003
-8.5720664E-004
-1.4950585E-003
5.5972627E-004
6.6981195E-003
8.5024183E-003
1.1487218E-002
1.1490761E-002
9.3358623E-003
-8.8594330E-003
-4.6660432E-002
-1.0831793E-001
-2.2038392E-001
-3.8725608E-001
-6.3013219E-001
-9.6015185E-001
-1.4014573E+000
-1.9679277E+000
-2.6747502E+000
-3.5401565E+000
-4.5769560E+000
-5.7823577E+000
-7.2450514E+000
-9.0073749E+000
-1.0962916E+001
-1.3019943E+001
-1.5092429E+001
-1.7107247E+001
-1.9000917E+001
-2.0725231E+001
-2.2234877E+001
-2.4446618E+001
-2.7553272E+001
-3.0599285E+001
-3.3514877E+001
-3.6233868E+001
-3.8715270E+001
-4.0945955E+001
-4.2951053E+001
-4.4800189E+001
-4.6654992E+001
-4.8528707E+001
-5.0468617E+001
-5.2085098E+001
-5.3449108E+001
-5.4635666E+001
-5.5757801E+001
-5.6919617E+001
-5.8232168E+001
-5.9808304E+001
-6.1757941E+001
-6.8766936E+001
-6.7468056E+001
-6.6742802E+001
-6.6565554E+001
-6.6892456E+001
-6.7665938E+001
-6.8811068E+001
-7.0249096E+001
-7.1880328E+001
-7.3589103E+001
-7.4848968E+001
-7.6129166E+001
-7.7429769E+001
-7.8773510E+001
-8.0148371E+001
-8.1554404E+001
-8.2992041E+001
-8.4461323E+001
-8.5962453E+001
-8.7495536E+001
-8.9059836E+001
-9.0655924E+001
-9.2286096E+001
-9.3948833E+001
-9.5646501E+001
-9.7379988E+001
-9.9149625E+001
-1.0095644E+002
-1.0280133E+002
-1.0468500E+002
-1.0660629E+002
-1.0876692E+002
-1.1124088E+002
-1.1379441E+002
-1.1622775E+002
-1.1837061E+002
-1.2008667E+002
-1.2126715E+002
-1.2182910E+002
-1.2170954E+002
-1.2395546E+002
-1.2869049E+002
-1.3284578E+002
-1.3638391E+002
-1.3930286E+002
-1.4164570E+002
-1.4351157E+002
-1.4506805E+002
-1.4655941E+002
-1.4832595E+002
-1.5030697E+002
-1.5223321E+002
-1.5410694E+002
-1.5592660E+002
-1.5769149E+002
-1.5940021E+002
-1.6104865E+002
-1.6263923E+002
-1.6419742E+002
-1.6570809E+002
-1.6716894E+002
-1.6858345E+002
-1.6995275E+002
-1.7127408E+002
-1.7254898E+002
-1.7377911E+002
-1.7496102E+002
-1.7609987E+002
-1.7719354E+002
-1.7824607E+002
-1.7925491E+002
-1.8045758E+002
-1.8131236E+002
-1.8191879E+002
-1.8237921E+002
-1.8278984E+002
-1.8324812E+002
-1.8384321E+002
-1.8466361E+002
-1.8578646E+002
-1.9290322E+002
-1.9104935E+002
-1.8964855E+002
-1.8870906E+002
-1.8821253E+002
-1.8813259E+002
-1.8842013E+002
-1.8900944E+002
-1.8981571E+002
-1.9073209E+002
-1.9098684E+002
-1.9120819E+002
-1.9139593E+002
-1.9154888E+002
-1.9166814E+002
-1.9175064E+002
-1.9179577E+002
-1.9180451E+002
-1.9177131E+002
-1.9169780E+002
-1.9158415E+002
-1.9142767E+002
-1.9122675E+002
-1.9098100E+002
-1.9068885E+002
-1.9035540E+002
-1.8997529E+002
-1.8954985E+002
-1.8907507E+002
-1.8854970E+002
-1.8797379E+002
-1.8734730E+002
-1.8666885E+002
-1.8593704E+002
-1.8515456E+002
-1.8431809E+002
-1.8342941E+002
-1.8248530E+002
-1.8148760E+002
-1.8043683E+002
-1.7933104E+002
-1.7817099E+002
-1.7695396E+002
-1.7568321E+002
-1.7435577E+002
-1.7297533E+002
-1.7153974E+002
-1.7005081E+002
-1.6851058E+002
-1.6691780E+002
-1.6527708E+002
-1.6358363E+002
-1.6184661E+002
-1.6005986E+002
-1.5822894E+002
-1.5634958E+002
-1.5442629E+002
-1.5245663E+002
-1.5044655E+002
-1.4839637E+002
-1.4630727E+002
-1.4418320E+002
-1.4202196E+002
-1.3982776E+002
-1.3760447E+002
-1.3535325E+002
-1.3308021E+002
-1.3078697E+002
-1.2847300E+002
-1.2614298E+002
-1.2379521E+002
-1.2081572E+002
-1.1823586E+002
-1.1600582E+002
-1.1407138E+002
-1.1238253E+002
-1.1088342E+002
-1.0952045E+002
-1.0823915E+002
-1.0698959E+002
-9.4726453E+001
-9.3515391E+001
-9.2203401E+001
-9.0749597E+001
-8.9114812E+001
-8.7259048E+001
-8.5140775E+001
-8.2714122E+001
-7.9942715E+001
-7.6788855E+001
-7.4380357E+001
-7.2014051E+001
-6.9692326E+001
-6.7414529E+001
-6.5177467E+001
-6.2982526E+001
-6.0828485E+001
-5.8720463E+001
-5.6658886E+001
-5.4647306E+001
-5.2688818E+001
-5.0786765E+001
-4.8941268E+001
-4.7152324E+001
-4.5416639E+001
-4.3730024E+001
-4.2091420E+001
-4.0501843E+001
-3.8964020E+001
-3.7478989E+001
-3.6046087E+001
-3.4663911E+001
-3.3331128E+001
-3.2050615E+001
-3.0827540E+001
-2.9665041E+001
-2.8564030E+001
-2.7519736E+001
-2.6522631E+001
-2.5566182E+001
-2.4646377E+001
-2.3762619E+001
-2.2921651E+001
-2.2127643E+001
-2.1382381E+001
-2.0685642E+001
-2.0031037E+001
-1.9411144E+001
-1.8821796E+001
-1.8261582E+001
-1.7734355E+001
-1.7248677E+001
-1.6809032E+001
-1.6412931E+001
-1.6052990E+001
-1.5715278E+001
-1.5387607E+001
-1.5068001E+001
-1.4760179E+001
-1.4474501E+001
-1.4226086E+001
-1.4019203E+001
-1.3851796E+001
-1.3716489E+001
-1.3599676E+001
-1.3490208E+001
-1.3383600E+001
-1.3279089E+001
-1.3180541E+001
-1.3094639E+001
-1.3025275E+001
-1.2972542E+001
-1.2933379E+001
-1.2902057E+001
-1.2872687E+001
-1.2840787E+001
-1.2805271E+001
-1.2768446E+001
-1.2733975E+001
-1.2703885E+001
-1.2680304E+001
-1.2661880E+001
-1.2643402E+001
-1.2619897E+001
-1.2588222E+001
-1.2543950E+001
-1.2486096E+001
-1.2417052E+001
-1.2338685E+001
-1.2250731E+001
-1.2156274E+001
-1.2056792E+001
-1.1949397E+001
-1.1830991E+001
-1.1699898E+001
-1.1550598E+001
-1.1373974E+001
-1.1166808E+001
-1.0929181E+001
-1.0661039E+001
-1.0365642E+001
-1.0063226E+001
-9.7768597E+000
-9.5154182E+000
-9.2779010E+000
-9.0532207E+000
-8.8183578E+000
-8.5060581E+000
-8.0502565E+000
-7.4114848E+000
-6.5764182E+000
-5.5561973E+000
-4.4509915E+000
-3.3279369E+000
-2.2401601E+000
-1.2341123E+000
-3.2758927E-001
4.7970586E-001
1.1777638E+000
1.7467919E+000
2.4087117E+000
2.7172566E+000
2.9264241E+000
3.0998599E+000
3.3227052E+000
3.6944454E+000
4.2555555E+000
4.9935968E+000
5.8558028E+000
6.7540301E+000
7.6127344E+000
8.4518797E+000
9.2868753E+000
1.0138718E+001
1.1022268E+001
1.1934558E+001
1.2859844E+001
1.3787161E+001
1.4717348E+001
1.5650779E+001
1.6589921E+001
1.7530176E+001
1.8464147E+001
1.9386443E+001
2.0291836E+001
2.1176047E+001
2.2034686E+001
2.2877480E+001
2.3737353E+001
2.4624736E+001
2.5534531E+001
2.6453840E+001
2.7362252E+001
2.8251456E+001
2.9127006E+001
3.0000298E+001
3.0885542E+001
3.1785793E+001
3.2697811E+001
3.3614995E+001
3.4533521E+001
3.5452549E+001
3.6372976E+001
3.7295077E+001
3.8218150E+001
3.9140675E+001
4.0061231E+001
4.0979630E+001
4.1895920E+001
4.2810026E+001
4.3721668E+001
4.4630627E+001
4.5535604E+001
4.6436195E+001
4.7333100E+001
4.8225045E+001
4.9107808E+001
4.9979219E+001
5.0840132E+001
5.1690368E+001
5.2527998E+001
5.3351738E+001
5.4161647E+001
5.4957514E+001
5.5739753E+001
5.6507282E+001
5.7256771E+001
5.7985896E+001
5.8693632E+001
5.9383606E+001
6.0057781E+001
6.0709166E+001
6.1332410E+001
6.1929068E+001
6.2499848E+001
6.3045575E+001
6.3566164E+001
6.4059162E+001
6.4521301E+001
6.4952727E+001
6.5356467E+001
6.5732065E+001
6.6076844E+001
6.6390825E+001
6.6675008E+001
6.6930577E+001
6.7158922E+001
6.7363083E+001
6.7541826E+001
6.7692016E+001
6.7816060E+001
6.7918293E+001
6.7996780E+001
6.8048835E+001
6.8081441E+001
6.8095852E+001
6.8085793E+001
6.8050542E+001
6.7995946E+001
6.7922314E+001
6.7827214E+001
6.7712488E+001
6.7585876E+001
6.7439222E+001
6.7272014E+001
6.7095651E+001
6.6901764E+001
6.6692178E+001
6.6471545E+001
6.6234563E+001
6.5984050E+001
6.5722069E+001
6.5451046E+001
6.5169367E+001
6.4898943E+001
6.4622232E+001
6.4312492E+001
6.3966827E+001
6.3601382E+001
6.3208215E+001
6.2804901E+001
6.2380063E+001
6.1949216E+001
6.1507346E+001
6.1064045E+001
6.0617043E+001
6.0177736E+001
5.9732692E+001
5.9300915E+001
5.8872970E+001
5.8461728E+001
5.8061223E+001
5.7683480E+001
5.7289271E+001
5.6874113E+001
5.6460647E+001
5.6046565E+001
5.5633321E+001
5.5218919E+001
5.4804486E+001
5.4385184E+001
5.3808843E+001
5.3342150E+001
5.2967732E+001
5.2671885E+001
5.2417936E+001
5.2203569E+001
5.2003901E+001
5.1821331E+001
5.1639388E+001
4.9187332E+001
4.9070800E+001
4.8922240E+001
4.8734252E+001
4.8498397E+001
4.8218880E+001
4.7874428E+001
4.7473812E+001
4.7010803E+001
4.6485762E+001
4.6080961E+001
4.5684552E+001
4.5307574E+001
4.4908182E+001
4.4520760E+001
4.4123406E+001
4.3663536E+001
4.3214053E+001
4.2884329E+001
4.2678975E+001
4.2493506E+001
4.2190479E+001
4.1826319E+001
4.1305857E+001
4.0778255E+001
4.0406972E+001
4.0094661E+001
3.9764790E+001
3.9429995E+001
3.9093712E+001
3.8764999E+001
3.8423098E+001
3.8087203E+001
3.7736438E+001
3.7394428E+001
3.7136907E+001
3.6960137E+001
3.6774258E+001
3.6492107E+001
3.6112127E+001
3.5703234E+001
3.5326719E+001
3.5018247E+001
3.4745541E+001
3.4480619E+001
3.4197231E+001
3.3906076E+001
3.3611987E+001
3.3330309E+001
3.3050148E+001
3.2768866E+001
3.2483767E+001
3.2198788E+001
3.1921871E+001
3.1659861E+001
3.1416174E+001
3.1173213E+001
3.0931278E+001
3.0680262E+001
3.0421340E+001
3.0165432E+001
2.9905296E+001
2.9645985E+001
2.9389490E+001
2.9133892E+001
2.8878750E+001
2.8628762E+001
2.8374848E+001
2.8122160E+001
2.7873333E+001
2.7630611E+001
2.7405345E+001
2.7186374E+001
2.6973522E+001
2.6755369E+001
2.6537686E+001
2.6313032E+001
2.6089972E+001
2.5869517E+001
2.5652879E+001
2.5436399E+001
2.5227268E+001
2.5017838E+001
2.4807570E+001
2.4603202E+001
2.4396924E+001
2.4194030E+001
2.3994054E+001
2.3792772E+001
2.3596517E+001
2.3398729E+001
2.3206201E+001
2.3011444E+001
2.2822097E+001
2.2632392E+001
2.2445693E+001
2.2257301E+001
2.2074307E+001
2.1891127E+001
2.1709537E+001
2.1529914E+001
2.1351354E+001
2.1174292E+001
2.0998959E+001
2.0825368E+001
2.0653662E+001
2.0482952E+001
2.0313215E+001
2.0145589E+001
1.9980478E+001
1.9813971E+001
1.9652039E+001
1.9490243E+001
1.9329129E+001
1.9167886E+001
1.9011302E+001
1.8854625E+001
1.8697604E+001
1.8544927E+001
1.8392100E+001
1.8238979E+001
1.8089611E+001
1.7940858E+001
1.7794496E+001
1.7648180E+001
1.7502534E+001
1.7358527E+001
1.7216266E+001
1.7075694E+001
1.6935282E+001
1.6799649E+001
1.6758094E+001
1.6665339E+001
1.6516372E+001
1.6321396E+001
1.6086330E+001
1.5819477E+001
1.5525179E+001
1.5217649E+001
1.4883046E+001
1.6131080E+001
1.5844575E+001
1.5584801E+001
1.5326380E+001
1.5089740E+001
1.4878759E+001
1.4700077E+001
1.4565143E+001
1.4485448E+001
1.4462385E+001
1.4366596E+001
1.4268036E+001
1.4175752E+001
1.4084862E+001
1.3996548E+001
1.3909074E+001
1.3821050E+001
1.3732622E+001
1.3643019E+001
1.3551780E+001
1.3459533E+001
1.3364774E+001
1.3270028E+001
1.3175259E+001
1.3081151E+001
1.2990997E+001
1.2903441E+001
1.2819243E+001
1.2737666E+001
1.2657142E+001
1.2578029E+001
1.2499413E+001
1.2420611E+001
1.2341595E+001
1.2262013E+001
1.2183133E+001
1.2103745E+001
1.2025543E+001
1.1948488E+001
1.1871838E+001
1.1796763E+001
1.1722438E+001
1.1649595E+001
1.1577895E+001
1.1506942E+001
1.1437690E+001
1.1369028E+001
1.1302008E+001
1.1235680E+001
1.1170884E+001
1.1107023E+001
1.1044168E+001
1.0981868E+001
1.0920812E+001
1.0860324E+001
1.0800688E+001
1.0741457E+001
1.0683075E+001
1.0625175E+001
1.0567727E+001
1.0510536E+001
1.0453559E+001
1.0397146E+001
1.0340671E+001
1.0284651E+001
1.0228805E+001
1.0172925E+001
1.0117341E+001
1.0061832E+001
1.0007027E+001
9.9518324E+000
9.8969887E+000
9.8424811E+000
9.7879534E+000
9.7338066E+000
9.6798220E+000
9.6261716E+000
9.5732580E+000
9.5201340E+000
9.4680583E+000
9.4145498E+000
9.3634058E+000
9.3127180E+000
9.2617427E+000
9.2103892E+000
9.1602722E+000
9.1092995E+000
9.0615191E+000
9.0092180E+000
8.9717850E+000
8.9174291E+000
8.8688216E+000
8.8222166E+000
8.7745106E+000
8.7272663E+000
8.6812183E+000
8.6354715E+000
8.5910151E+000
8.5463712E+000
8.5040783E+000
8.4609855E+000
8.4176224E+000
8.3739624E+000
8.3298571E+000
8.2848307E+000
8.2404201E+000
8.1965238E+000
8.1550200E+000
8.1172587E+000
8.0862115E+000
8.0621663E+000
8.0324832E+000
8.0203557E+000
8.0234792E+000
8.0391657E+000
8.0649901E+000
8.0989612E+000
8.1342765E+000
8.1637029E+000
8.1894403E+000
8.0273121E+000
8.0046125E+000
7.9701568E+000
7.9260986E+000
7.8702607E+000
7.8040431E+000
7.7306012E+000
7.6524439E+000
7.5709356E+000
7.4875893E+000
7.4225812E+000
7.3648509E+000
7.3138997E+000
7.2690117E+000
7.2291513E+000
7.1910979E+000
7.1528491E+000
7.1128841E+000
7.0707654E+000
7.0257837E+000
6.9777727E+000
6.9266639E+000
6.8728071E+000
6.8177065E+000
6.7609586E+000
6.7034369E+000
6.6475698E+000
6.5937637E+000
6.5422403E+000
6.4930303E+000
6.4460396E+000
6.4010725E+000
6.3579850E+000
6.3161588E+000
6.2752944E+000
6.2348954E+000
6.1948853E+000
6.1550152E+000
6.1151688E+000
6.0752941E+000
6.0351984E+000
5.9950298E+000
5.9541442E+000
5.9135404E+000
5.8741086E+000
5.8347399E+000
5.7954471E+000
5.7564885E+000
5.7180245E+000
5.6798624E+000
5.6421398E+000
5.6046543E+000
5.5673778E+000
5.5303008E+000
5.4935645E+000
5.4570300E+000
5.4206066E+000
5.3845568E+000
5.3489570E+000
5.3136011E+000
5.2785557E+000
5.2437851E+000
5.2093432E+000
5.1751593E+000
5.1412508E+000
5.1075974E+000
5.0741434E+000
5.0409328E+000
5.0077252E+000
4.9748959E+000
4.9422702E+000
4.9097342E+000
4.8773102E+000
4.8450201E+000
4.8127839E+000
4.7807759E+000
4.7487170E+000
4.7169017E+000
4.6852790E+000
4.6538091E+000
4.6224789E+000
4.5913151E+000
4.5602541E+000
4.5296036E+000
4.4992213E+000
4.4690988E+000
4.4392878E+000
4.4097411E+000
4.3805324E+000
4.3515340E+000
4.3226837E+000
4.2938840E+000
4.2653601E+000
4.2369809E+000
4.2086534E+000
4.1804586E+000
4.1524083E+000
4.1243777E+000
4.0963339E+000
4.0685644E+000
4.0409039E+000
4.0134794E+000
3.9860318E+000
3.9588422E+000
3.9318691E+000
3.9049159E+000
3.8784391E+000
3.8521561E+000
3.8258790E+000
3.7999334E+000
3.7742808E+000
3.7488797E+000
3.7236177E+000
3.6983571E+000
3.6735852E+000
3.6487719E+000
3.6240954E+000
3.5996589E+000
3.5753331E+000
3.5509722E+000
3.5267885E+000
3.5028727E+000
3.4788613E+000
3.4549886E+000
3.4313109E+000
3.4078189E+000
3.3843600E+000
3.3612275E+000
3.3382899E+000
3.3155626E+000
3.2929620E+000
3.2703956E+000
3.2481383E+000
3.2258717E+000
3.2038600E+000
3.1818055E+000
3.1599777E+000
3.1382543E+000
3.1167118E+000
3.0952557E+000
3.0739205E+000
3.0528106E+000
3.0318176E+000
3.0110302E+000
2.9903743E+000
2.9699421E+000
2.9497214E+000
2.9295721E+000
2.9096422E+000
2.8897816E+000
2.8701068E+000
2.8504847E+000
2.8310088E+000
2.8115633E+000
2.7922535E+000
2.7730723E+000
2.7539701E+000
2.7350133E+000
2.7161317E+000
2.6973877E+000
2.6787913E+000
2.6603103E+000
2.6419366E+000
2.6236866E+000
2.6055794E+000
2.5876103E+000
2.5697144E+000
2.5519030E+000
2.5341885E+000
2.5164721E+000
2.4989532E+000
2.4815557E+000
2.4642753E+000
2.4470765E+000
2.4299563E+000
2.4129179E+000
2.3960225E+000
2.3792532E+000
2.3625964E+000
2.3460402E+000
2.3295831E+000
2.3132173E+000
2.2969822E+000
2.2807957E+000
2.2647106E+000
2.2489074E+000
2.2329393E+000
2.2169878E+000
2.2013140E+000
2.1857163E+000
2.1702085E+000
2.1548353E+000
2.1396060E+000
2.1244995E+000
2.1095220E+000
2.0946593E+000
2.0802394E+000
2.0655241E+000
2.0507815E+000
2.0361471E+000
2.0216421E+000
2.0076064E+000
1.9932623E+000
1.9789075E+000
1.9644252E+000
1.9501718E+000
1.9365034E+000
1.9224726E+000
1.9086842E+000
1.8947768E+000
1.8809407E+000
1.8672898E+000
1.8542291E+000
1.8408025E+000
1.8273969E+000
1.8142213E+000
1.8007788E+000
1.7874291E+000
1.7747960E+000
1.7618269E+000
1.7484579E+000
1.7359939E+000
1.7232267E+000
1.7105393E+000
1.6986944E+000
1.6860584E+000
1.6735068E+000
1.6614977E+000
1.6491221E+000
1.6374417E+000
1.6253385E+000
1.6133175E+000
1.6010484E+000
1.5889943E+000
1.5773267E+000
1.5654018E+000
1.5543719E+000
1.5422439E+000
1.5311414E+000
1.5196836E+000
1.5082333E+000
1.4906572E+000
1.4766867E+000
1.4666727E+000
1.4602191E+000
1.4565959E+000
1.4535691E+000
1.4534925E+000
1.4542706E+000
1.4552082E+000
1.3543054E+000
1.3546729E+000
1.3545226E+000
1.3520398E+000
1.3490947E+000
1.3438566E+000
1.3359180E+000
1.3258827E+000
1.3136430E+000
1.2976891E+000
1.2866471E+000
1.2763958E+000
1.2656858E+000
1.2538081E+000
1.2429726E+000
1.2333604E+000
1.2231409E+000
1.2125549E+000
1.2028467E+000
1.1926475E+000
1.1821808E+000
1.1716372E+000
1.1616434E+000
1.1513311E+000
1.1408416E+000
1.1311826E+000
1.1215685E+000
1.1118662E+000
1.1021036E+000
1.0922980E+000
1.0824381E+000
1.0725757E+000
1.0639469E+000
1.0559886E+000
1.0462756E+000
1.0356546E+000
1.0273313E+000
1.0177695E+000
1.0079476E+000
9.9837305E-001
9.8892930E-001
9.7969551E-001
9.7061453E-001
9.6293769E-001
9.5424792E-001
9.4521877E-001
9.3639170E-001
9.2869434E-001
9.2003573E-001
9.1140965E-001
9.0366389E-001
8.9544773E-001
8.8589362E-001
8.7768419E-001
8.7098861E-001
8.6159128E-001
8.5280883E-001
8.4521858E-001
8.3700483E-001
8.2968843E-001
8.2177416E-001
8.1503644E-001
8.0580708E-001
7.9810420E-001
7.8987917E-001
7.8187612E-001
7.7395410E-001
7.6571956E-001
7.5831643E-001
7.5089500E-001
7.4285397E-001
7.3612573E-001
7.2798909E-001
7.2045980E-001
7.1253329E-001
7.0629953E-001
6.9802406E-001
6.9153544E-001
6.8332870E-001
6.7701288E-001
6.6972787E-001
6.6181776E-001
6.5446381E-001
6.4679380E-001
6.4090796E-001
6.3411377E-001
6.2662408E-001
6.2043948E-001
6.1235228E-001
6.0632836E-001
6.0001014E-001
5.9433792E-001
5.8626099E-001
5.8071959E-001
5.7404159E-001
5.6752407E-001
5.6093585E-001
5.5394679E-001
5.4778332E-001
5.4121985E-001
5.3570417E-001
5.2739846E-001
5.2268406E-001
5.1681045E-001
5.1026143E-001
5.0358573E-001
4.9765437E-001
4.9294248E-001
4.8741093E-001
4.8072795E-001
4.7059847E-001
4.6762248E-001
4.6338058E-001
4.5793329E-001
4.5315300E-001
4.4722477E-001
4.4130500E-001
4.3585373E-001
4.3002764E-001
4.2318540E-001
4.1932259E-001
4.1260084E-001
4.0740822E-001
4.0216311E-001
3.9738472E-001
3.9360746E-001
3.8778737E-001
3.8316902E-001
3.7706569E-001
3.7432844E-001
3.7045325E-001
3.6433977E-001
3.6046258E-001
3.5488973E-001
3.5045614E-001
3.4767912E-001
3.4214690E-001
3.3713063E-001
3.3341639E-001
3.2749345E-001
3.2461493E-001
3.1923870E-001
3.1480256E-001
3.1121344E-001
3.0529252E-001
3.0265206E-001
2.9741777E-001
2.9500585E-001
2.8996217E-001
2.8480484E-001
2.8306868E-001
2.7830572E-001
2.7504196E-001
2.7212911E-001
2.6714145E-001
2.6511559E-001
2.6114804E-001
2.5606028E-001
2.5423871E-001
2.4922719E-001
2.4732606E-001
2.4183385E-001
2.3927704E-001
2.3533940E-001
2.3004748E-001
2.2862300E-001
2.2342543E-001
2.2112987E-001
2.1749426E-001
2.1467137E-001
2.1068332E-001
2.0739793E-001
2.0512425E-001
2.0075208E-001
1.9836419E-001
1.9484586E-001
1.9210648E-001
1.9009528E-001
1.8711652E-001
1.8312188E-001
1.8050397E-001
1.7576763E-001
1.7344463E-001
1.7457004E-001
1.7008663E-001
1.6795336E-001
1.6383699E-001
1.6154287E-001
1.5701234E-001
1.5650008E-001
1.5473095E-001
1.4966802E-001
1.5080398E-001
1.4625693E-001
1.4347380E-001
1.4179457E-001
1.3742523E-001
1.3659761E-001
1.3329477E-001
1.3096593E-001
1.2920576E-001
1.2793860E-001
1.2346930E-001
1.2216483E-001
1.1902733E-001
1.1652096E-001
1.1456513E-001
1.1309422E-001
1.0927071E-001
1.0802966E-001
1.0657652E-001
1.0195895E-001
9.8935579E-002
9.6483450E-002
9.4359921E-002
9.3308069E-002
8.9333630E-002
8.6373395E-002
8.3803396E-002
8.1450921E-002
7.6520653E-002
7.6417564E-002
7.4502887E-002
7.3286774E-002
7.1855655E-002
7.0470293E-002
6.9214288E-002
6.8079336E-002
6.5494111E-002
6.3510757E-002
6.1572564E-002
5.9546516E-002
5.7412449E-002
5.5157781E-002
5.1330774E-002
4.8175595E-002
4.1979852E-002
3.9676379E-002
4.1094554E-002
3.8937072E-002
3.6782045E-002
3.4627262E-002
3.2474255E-002
3.0321124E-002
2.8169910E-002
2.6018882E-002
2.3868920E-002
