 -0.399980E+02
 -0.399815E+02
 -0.399491E+02
 -0.399044E+02
 -0.398499E+02
 -0.397879E+02
 -0.397204E+02
 -0.396492E+02
 -0.395756E+02
 -0.395009E+02
 -0.394261E+02
 -0.393521E+02
 -0.392793E+02
 -0.392085E+02
 -0.391399E+02
 -0.390738E+02
 -0.390105E+02
 -0.389501E+02
 -0.388927E+02
 -0.388383E+02
 -0.387869E+02
 -0.387370E+02
 -0.386866E+02
 -0.386350E+02
 -0.385822E+02
 -0.385283E+02
 -0.384731E+02
 -0.384167E+02
 -0.383592E+02
 -0.383003E+02
 -0.382402E+02
 -0.381789E+02
 -0.381163E+02
 -0.380524E+02
 -0.379873E+02
 -0.379208E+02
 -0.378530E+02
 -0.377839E+02
 -0.377135E+02
 -0.376418E+02
 -0.375686E+02
 -0.374942E+02
 -0.374183E+02
 -0.373411E+02
 -0.372625E+02
 -0.371824E+02
 -0.371010E+02
 -0.370181E+02
 -0.369338E+02
 -0.368481E+02
 -0.367609E+02
 -0.366722E+02
 -0.365821E+02
 -0.364904E+02
 -0.363973E+02
 -0.363026E+02
 -0.362065E+02
 -0.361088E+02
 -0.360096E+02
 -0.359088E+02
 -0.358065E+02
 -0.357026E+02
 -0.355971E+02
 -0.354901E+02
 -0.353814E+02
 -0.352712E+02
 -0.351593E+02
 -0.350458E+02
 -0.349307E+02
 -0.348139E+02
 -0.346955E+02
 -0.345754E+02
 -0.344537E+02
 -0.343303E+02
 -0.342052E+02
 -0.340784E+02
 -0.339499E+02
 -0.338197E+02
 -0.336877E+02
 -0.335541E+02
 -0.334187E+02
 -0.332816E+02
 -0.331427E+02
 -0.330021E+02
 -0.328598E+02
 -0.327156E+02
 -0.325697E+02
 -0.324220E+02
 -0.322725E+02
 -0.321212E+02
 -0.319682E+02
 -0.318133E+02
 -0.316566E+02
 -0.314981E+02
 -0.313378E+02
 -0.311756E+02
 -0.310117E+02
 -0.308459E+02
 -0.306782E+02
 -0.305088E+02
 -0.303374E+02
 -0.301643E+02
 -0.299893E+02
 -0.298124E+02
 -0.296337E+02
 -0.294531E+02
 -0.292706E+02
 -0.290863E+02
 -0.289002E+02
 -0.287121E+02
 -0.285223E+02
 -0.283305E+02
 -0.281369E+02
 -0.279414E+02
 -0.277440E+02
 -0.275448E+02
 -0.273438E+02
 -0.271409E+02
 -0.269361E+02
 -0.267294E+02
 -0.265209E+02
 -0.263105E+02
 -0.260983E+02
 -0.258842E+02
 -0.256683E+02
 -0.254506E+02
 -0.252310E+02
 -0.250096E+02
 -0.247864E+02
 -0.245613E+02
 -0.243345E+02
 -0.241058E+02
 -0.238753E+02
 -0.236430E+02
 -0.234090E+02
 -0.231732E+02
 -0.229356E+02
 -0.226962E+02
 -0.224551E+02
 -0.222122E+02
 -0.219677E+02
 -0.217213E+02
 -0.214733E+02
 -0.212236E+02
 -0.209722E+02
 -0.207191E+02
 -0.204643E+02
 -0.202079E+02
 -0.199498E+02
 -0.196901E+02
 -0.194288E+02
 -0.191659E+02
 -0.189014E+02
 -0.186353E+02
 -0.183677E+02
 -0.180985E+02
 -0.178279E+02
 -0.175557E+02
 -0.172820E+02
 -0.170068E+02
 -0.167302E+02
 -0.164521E+02
 -0.161727E+02
 -0.158918E+02
 -0.156095E+02
 -0.153259E+02
 -0.150409E+02
 -0.147546E+02
 -0.144670E+02
 -0.141781E+02
 -0.138880E+02
 -0.135966E+02
 -0.133040E+02
 -0.130103E+02
 -0.127153E+02
 -0.124192E+02
 -0.121220E+02
 -0.118236E+02
 -0.115242E+02
 -0.112238E+02
 -0.109223E+02
 -0.106198E+02
 -0.103163E+02
 -0.100119E+02
 -0.970659E+01
 -0.940035E+01
 -0.909324E+01
 -0.878527E+01
 -0.847649E+01
 -0.816692E+01
 -0.785658E+01
 -0.754551E+01
 -0.723373E+01
 -0.692126E+01
 -0.660814E+01
 -0.629440E+01
 -0.598006E+01
 -0.566516E+01
 -0.534972E+01
 -0.503377E+01
 -0.471734E+01
 -0.440046E+01
 -0.408316E+01
 -0.376548E+01
 -0.344743E+01
 -0.312906E+01
 -0.281039E+01
 -0.249144E+01
 -0.217226E+01
 -0.185287E+01
 -0.153330E+01
 -0.121359E+01
 -0.893754E+00
 -0.573836E+00
 -0.253864E+00
  0.661334E-01
  0.386125E+00
  0.706079E+00
  0.102597E+01
  0.134575E+01
  0.166541E+01
  0.198491E+01
  0.230422E+01
  0.262331E+01
  0.294214E+01
  0.326070E+01
  0.357895E+01
  0.389685E+01
  0.421438E+01
  0.453151E+01
  0.484821E+01
  0.516444E+01
  0.548018E+01
  0.579541E+01
  0.611008E+01
  0.642418E+01
  0.673766E+01
  0.705051E+01
  0.736270E+01
  0.767420E+01
  0.798497E+01
  0.829499E+01
  0.860424E+01
  0.891269E+01
  0.922030E+01
  0.952706E+01
  0.983293E+01
  0.101379E+02
  0.104419E+02
  0.107450E+02
  0.110471E+02
  0.113481E+02
  0.116481E+02
  0.119471E+02
  0.122450E+02
  0.125417E+02
  0.128374E+02
  0.131319E+02
  0.134251E+02
  0.137172E+02
  0.140081E+02
  0.142977E+02
  0.145861E+02
  0.148731E+02
  0.151589E+02
  0.154433E+02
  0.157264E+02
  0.160081E+02
  0.162884E+02
  0.165673E+02
  0.168447E+02
  0.171207E+02
  0.173953E+02
  0.176684E+02
  0.179399E+02
  0.182100E+02
  0.184785E+02
  0.187455E+02
  0.190109E+02
  0.192748E+02
  0.195370E+02
  0.197977E+02
  0.200567E+02
  0.203141E+02
  0.205698E+02
  0.208239E+02
  0.210763E+02
  0.213270E+02
  0.215761E+02
  0.218234E+02
  0.220690E+02
  0.223128E+02
  0.225550E+02
  0.227954E+02
  0.230340E+02
  0.232709E+02
  0.235060E+02
  0.237393E+02
  0.239708E+02
  0.242005E+02
  0.244285E+02
  0.246546E+02
  0.248789E+02
  0.251014E+02
  0.253220E+02
  0.255408E+02
  0.257578E+02
  0.259730E+02
  0.261863E+02
  0.263977E+02
  0.266073E+02
  0.268151E+02
  0.270209E+02
  0.272250E+02
  0.274271E+02
  0.276275E+02
  0.278260E+02
  0.280225E+02
  0.282173E+02
  0.284101E+02
  0.286011E+02
  0.287902E+02
  0.289775E+02
  0.291629E+02
  0.293464E+02
  0.295281E+02
  0.297079E+02
  0.298858E+02
  0.300619E+02
  0.302362E+02
  0.304086E+02
  0.305792E+02
  0.307479E+02
  0.309147E+02
  0.310798E+02
  0.312430E+02
  0.314044E+02
  0.315639E+02
  0.317217E+02
  0.318776E+02
  0.320318E+02
  0.321841E+02
  0.323346E+02
  0.324834E+02
  0.326303E+02
  0.327755E+02
  0.329189E+02
  0.330606E+02
  0.332004E+02
  0.333386E+02
  0.334750E+02
  0.336096E+02
  0.337426E+02
  0.338738E+02
  0.340033E+02
  0.341311E+02
  0.342572E+02
  0.343816E+02
  0.345043E+02
  0.346253E+02
  0.347447E+02
  0.348625E+02
  0.349785E+02
  0.350930E+02
  0.352058E+02
  0.353170E+02
  0.354266E+02
  0.355346E+02
  0.356410E+02
  0.357458E+02
  0.358490E+02
  0.359507E+02
  0.360508E+02
  0.361494E+02
  0.362465E+02
  0.363420E+02
  0.364360E+02
  0.365285E+02
  0.366196E+02
  0.367091E+02
  0.367972E+02
  0.368838E+02
  0.369689E+02
  0.370526E+02
  0.371349E+02
  0.372157E+02
  0.372952E+02
  0.373732E+02
  0.374499E+02
  0.375252E+02
  0.375991E+02
  0.376716E+02
  0.377428E+02
  0.378127E+02
  0.378812E+02
  0.379485E+02
  0.380144E+02
  0.380790E+02
  0.381424E+02
  0.382045E+02
  0.382653E+02
  0.383248E+02
  0.383831E+02
  0.384402E+02
  0.384961E+02
  0.385508E+02
  0.386042E+02
  0.386565E+02
  0.387076E+02
  0.387575E+02
  0.388063E+02
  0.388540E+02
  0.389005E+02
  0.389458E+02
  0.389901E+02
  0.390332E+02
  0.390753E+02
  0.391163E+02
  0.391562E+02
  0.391950E+02
  0.392328E+02
  0.392695E+02
  0.393053E+02
  0.393400E+02
  0.393736E+02
  0.394063E+02
  0.394380E+02
  0.394687E+02
  0.394984E+02
  0.395272E+02
  0.395550E+02
  0.395819E+02
  0.396078E+02
  0.396328E+02
  0.396569E+02
  0.396801E+02
  0.397024E+02
  0.397238E+02
  0.397444E+02
  0.397640E+02
  0.397828E+02
  0.398008E+02
  0.398179E+02
  0.398342E+02
  0.398497E+02
  0.398643E+02
  0.398782E+02
  0.398912E+02
  0.399035E+02
  0.399150E+02
  0.399257E+02
  0.399357E+02
  0.399449E+02
  0.399533E+02
  0.399611E+02
  0.399681E+02
  0.399744E+02
  0.399800E+02
  0.399849E+02
  0.399892E+02
  0.399927E+02
  0.399955E+02
  0.399977E+02
  0.399991E+02
  0.399999E+02
  0.399999E+02
  0.399993E+02
  0.399979E+02
  0.399958E+02
  0.399930E+02
  0.399895E+02
  0.399853E+02
  0.399804E+02
  0.399748E+02
  0.399684E+02
  0.399614E+02
  0.399536E+02
  0.399451E+02
  0.399358E+02
  0.399259E+02
  0.399152E+02
  0.399038E+02
  0.398917E+02
  0.398789E+02
  0.398654E+02
  0.398511E+02
  0.398361E+02
  0.398204E+02
  0.398039E+02
  0.397867E+02
  0.397688E+02
  0.397502E+02
  0.397309E+02
  0.397108E+02
  0.396900E+02
  0.396685E+02
  0.396463E+02
  0.396233E+02
  0.395997E+02
  0.395753E+02
  0.395502E+02
  0.395243E+02
  0.394978E+02
  0.394705E+02
  0.394425E+02
  0.394139E+02
  0.393844E+02
  0.393543E+02
  0.393235E+02
  0.392920E+02
  0.392598E+02
  0.392268E+02
  0.391932E+02
  0.391588E+02
  0.391238E+02
  0.390880E+02
  0.390516E+02
  0.390144E+02
  0.389766E+02
  0.389381E+02
  0.388989E+02
  0.388590E+02
  0.388185E+02
  0.387772E+02
  0.387353E+02
  0.386927E+02
  0.386494E+02
  0.386054E+02
  0.385608E+02
  0.385156E+02
  0.384696E+02
  0.384230E+02
  0.383758E+02
  0.383279E+02
  0.382794E+02
  0.382302E+02
  0.381803E+02
  0.381299E+02
  0.380788E+02
  0.380270E+02
  0.379747E+02
  0.379217E+02
  0.378681E+02
  0.378138E+02
  0.377590E+02
  0.377036E+02
  0.376475E+02
  0.375908E+02
  0.375336E+02
  0.374758E+02
  0.374173E+02
  0.373583E+02
  0.372987E+02
  0.372385E+02
  0.371778E+02
  0.371164E+02
  0.370545E+02
  0.369921E+02
  0.369291E+02
  0.368656E+02
  0.368015E+02
  0.367368E+02
  0.366716E+02
  0.366059E+02
  0.365397E+02
  0.364729E+02
  0.364057E+02
  0.363379E+02
  0.362696E+02
  0.362007E+02
  0.361314E+02
  0.360616E+02
  0.359914E+02
  0.359206E+02
  0.358493E+02
  0.357776E+02
  0.357054E+02
  0.356327E+02
  0.355596E+02
  0.354861E+02
  0.354120E+02
  0.353375E+02
  0.352626E+02
  0.351873E+02
  0.351115E+02
  0.350353E+02
  0.349587E+02
  0.348817E+02
  0.348043E+02
  0.347264E+02
  0.346482E+02
  0.345696E+02
  0.344906E+02
  0.344112E+02
  0.343314E+02
  0.342512E+02
  0.341707E+02
  0.340899E+02
  0.340087E+02
  0.339271E+02
  0.338452E+02
  0.337629E+02
  0.336803E+02
  0.335974E+02
  0.335142E+02
  0.334307E+02
  0.333468E+02
  0.332626E+02
  0.331782E+02
  0.330934E+02
  0.330083E+02
  0.329230E+02
  0.328374E+02
  0.327515E+02
  0.326653E+02
  0.325789E+02
  0.324922E+02
  0.324053E+02
  0.323181E+02
  0.322306E+02
  0.321430E+02
  0.320551E+02
  0.319670E+02
  0.318786E+02
  0.317900E+02
  0.317012E+02
  0.316123E+02
  0.315231E+02
  0.314337E+02
  0.313441E+02
  0.312544E+02
  0.311644E+02
  0.310743E+02
  0.309840E+02
  0.308936E+02
  0.308030E+02
  0.307122E+02
  0.306213E+02
  0.305302E+02
  0.304390E+02
  0.303477E+02
  0.302562E+02
  0.301646E+02
  0.300729E+02
  0.299810E+02
  0.298891E+02
  0.297970E+02
  0.297049E+02
  0.296126E+02
  0.295202E+02
  0.294278E+02
  0.293353E+02
  0.292427E+02
  0.291500E+02
  0.290572E+02
  0.289644E+02
  0.288715E+02
  0.287786E+02
  0.286856E+02
  0.285925E+02
  0.284995E+02
  0.284063E+02
  0.283132E+02
  0.282200E+02
  0.281267E+02
  0.280335E+02
  0.279402E+02
  0.278470E+02
  0.277537E+02
  0.276604E+02
  0.275671E+02
  0.274738E+02
  0.273805E+02
  0.272872E+02
  0.271939E+02
  0.271007E+02
  0.270074E+02
  0.269142E+02
  0.268210E+02
  0.267278E+02
  0.266347E+02
  0.265416E+02
  0.264486E+02
  0.263556E+02
  0.262626E+02
  0.261697E+02
  0.260769E+02
  0.259841E+02
  0.258914E+02
  0.257987E+02
  0.257061E+02
  0.256136E+02
  0.255212E+02
  0.254288E+02
  0.253365E+02
  0.252443E+02
  0.251522E+02
  0.250602E+02
  0.249683E+02
  0.248765E+02
  0.247847E+02
  0.246931E+02
  0.246016E+02
  0.245102E+02
  0.244189E+02
  0.243277E+02
  0.242366E+02
  0.241457E+02
  0.240549E+02
  0.239642E+02
  0.238736E+02
  0.237831E+02
  0.236928E+02
  0.236026E+02
  0.235126E+02
  0.234227E+02
  0.233329E+02
  0.232433E+02
  0.231538E+02
  0.230645E+02
  0.229753E+02
  0.228863E+02
  0.227975E+02
  0.227087E+02
  0.226202E+02
  0.225318E+02
  0.224436E+02
  0.223555E+02
  0.222676E+02
  0.221799E+02
  0.220924E+02
  0.220050E+02
  0.219178E+02
  0.218308E+02
  0.217439E+02
  0.216573E+02
  0.215708E+02
  0.214845E+02
  0.213984E+02
  0.213125E+02
  0.212267E+02
  0.211412E+02
  0.210558E+02
  0.209707E+02
  0.208857E+02
  0.208009E+02
  0.207164E+02
  0.206320E+02
  0.205478E+02
  0.204639E+02
  0.203801E+02
  0.202966E+02
  0.202132E+02
  0.201301E+02
  0.200471E+02
  0.199644E+02
  0.198819E+02
  0.197996E+02
  0.197175E+02
  0.196356E+02
  0.195540E+02
  0.194725E+02
  0.193913E+02
  0.193103E+02
  0.192295E+02
  0.191489E+02
  0.190686E+02
  0.189885E+02
  0.189086E+02
  0.188289E+02
  0.187495E+02
  0.186702E+02
  0.185912E+02
  0.185125E+02
  0.184339E+02
  0.183556E+02
  0.182775E+02
  0.181996E+02
  0.181220E+02
  0.180446E+02
  0.179675E+02
  0.178905E+02
  0.178138E+02
  0.177373E+02
  0.176611E+02
  0.175851E+02
  0.175093E+02
  0.174339E+02
  0.173586E+02
  0.172835E+02
  0.172086E+02
  0.171341E+02
  0.170597E+02
  0.169857E+02
  0.169118E+02
  0.168382E+02
  0.167648E+02
  0.166916E+02
  0.166187E+02
  0.165460E+02
  0.164736E+02
  0.164015E+02
  0.163295E+02
  0.162578E+02
  0.161863E+02
  0.161151E+02
  0.160441E+02
  0.159734E+02
  0.159029E+02
  0.158326E+02
  0.157626E+02
  0.156928E+02
  0.156233E+02
  0.155539E+02
  0.154849E+02
  0.154161E+02
  0.153476E+02
  0.152792E+02
  0.152111E+02
  0.151433E+02
  0.150757E+02
  0.150083E+02
  0.149412E+02
  0.148744E+02
  0.148077E+02
  0.147413E+02
  0.146752E+02
  0.146092E+02
  0.145436E+02
  0.144782E+02
  0.144130E+02
  0.143480E+02
  0.142832E+02
  0.142188E+02
  0.141546E+02
  0.140906E+02
  0.140269E+02
  0.139633E+02
  0.139000E+02
  0.138370E+02
  0.137742E+02
  0.137117E+02
  0.136493E+02
  0.135872E+02
  0.135254E+02
  0.134638E+02
  0.134024E+02
  0.133413E+02
  0.132804E+02
  0.132197E+02
  0.131592E+02
  0.130991E+02
  0.130391E+02
  0.129794E+02
