    0.6875190191E-02     0.7588392728E-02     0.7572112248E-03     0.2107242632E-01     0.4744334313E-03    -0.1296129244E-02     0.2387860959E+01     0.3812549827E+03
    0.6086819805E-02     0.6715339761E-02     0.6688584278E-03     0.1863157516E-01     0.4154473295E-03    -0.3266252643E-02     0.6714366422E+01     0.4309819676E+03
    0.5543351040E-02     0.6111925804E-02     0.6070050600E-03     0.1693587621E-01     0.3723927212E-03    -0.5277220875E-02     0.1074750203E+02     0.4737851675E+03
    0.5135829293E-02     0.5658504099E-02     0.5599780036E-03     0.1565645800E-01     0.3386851911E-03    -0.7577671531E-02     0.1455659930E+02     0.5120668398E+03
    0.4812902795E-02     0.5298583327E-02     0.5222563725E-03     0.1463755366E-01     0.3110860440E-03    -0.1028099738E-01     0.1819515103E+02     0.5472128750E+03
    0.4547667349E-02     0.5002528401E-02     0.4909296740E-03     0.1379719925E-01     0.2878250683E-03    -0.1343992468E-01     0.2169373824E+02     0.5799950706E+03
    0.4324282162E-02     0.4752868463E-02     0.4642736590E-03     0.1308693779E-01     0.2678207132E-03    -0.1707637175E-01     0.2507126137E+02     0.6108865943E+03
    0.4131752052E-02     0.4537421722E-02     0.4410736975E-03     0.1247281496E-01     0.2502825736E-03    -0.2121691135E-01     0.2835678727E+02     0.6403419863E+03
    0.3963186136E-02     0.4348566731E-02     0.4205699185E-03     0.1193358065E-01     0.2347096920E-03    -0.2587324104E-01     0.3156442193E+02     0.6686210387E+03
    0.3813896838E-02     0.4181119850E-02     0.4022451042E-03     0.1145476706E-01     0.2207561469E-03    -0.3104988830E-01     0.3470137388E+02     0.6958848517E+03
    0.3680389548E-02     0.4031212456E-02     0.3857115004E-03     0.1102555268E-01     0.2081573655E-03    -0.3675102164E-01     0.3777417253E+02     0.7222638145E+03
    0.3559987002E-02     0.3895877457E-02     0.3706701718E-03     0.1063761943E-01     0.1967055981E-03    -0.4298175868E-01     0.4078903664E+02     0.7478678492E+03
    0.3450668037E-02     0.3772873828E-02     0.3568952297E-03     0.1028467740E-01     0.1862417834E-03    -0.4974384569E-01     0.4374987923E+02     0.7727747540E+03
    0.3350788079E-02     0.3660375954E-02     0.3442015469E-03     0.9961590931E-02     0.1766333089E-03    -0.5704164943E-01     0.4666135459E+02     0.7970594057E+03
    0.3259030125E-02     0.3556920767E-02     0.3324403362E-03     0.9664237931E-02     0.1677721656E-03    -0.6487964499E-01     0.4952753595E+02     0.8207847251E+03
    0.3174361663E-02     0.3461361142E-02     0.3214952149E-03     0.9389384186E-02     0.1595728512E-03    -0.7325890881E-01     0.5235073364E+02     0.8439937359E+03
    0.3095895197E-02     0.3372709915E-02     0.3112653801E-03     0.9134240575E-02     0.1519602661E-03    -0.8218380923E-01     0.5513417984E+02     0.8667329960E+03
    0.3022892701E-02     0.3290145676E-02     0.3016667642E-03     0.8896483224E-02     0.1448710686E-03    -0.9165913699E-01     0.5788079149E+02     0.8890431082E+03
    0.2954764747E-02     0.3213012666E-02     0.2926327046E-03     0.8674256441E-02     0.1382543109E-03    -0.1016853951E+00     0.6059196871E+02     0.9109497564E+03
    0.2890995131E-02     0.3140736082E-02     0.2841044907E-03     0.8465930867E-02     0.1320646072E-03    -0.1122649860E+00     0.6326954056E+02     0.9324800602E+03
    0.2831129611E-02     0.3072809667E-02     0.2760301612E-03     0.8270069213E-02     0.1262614064E-03    -0.1234020199E+00     0.6591572312E+02     0.9536624986E+03
    0.2774789928E-02     0.3008811926E-02     0.2683666519E-03     0.8085474145E-02     0.1208106282E-03    -0.1350974311E+00     0.6853198163E+02     0.9745180713E+03
    0.2721648261E-02     0.2948377488E-02     0.2610766737E-03     0.7911106764E-02     0.1156823792E-03    -0.1473492781E+00     0.7111962807E+02     0.9950653762E+03
    0.2671358415E-02     0.2891121437E-02     0.2541200355E-03     0.7745863491E-02     0.1108435769E-03    -0.1601680614E+00     0.7368291365E+02     0.1015345522E+04
    0.2623543678E-02     0.2836627194E-02     0.2474524477E-03     0.7588537588E-02     0.1062563693E-03    -0.1735882689E+00     0.7622995022E+02     0.1035429388E+04
    0.2578010665E-02     0.2784678673E-02     0.2410521966E-03     0.7438515085E-02     0.1019030256E-03    -0.1876074260E+00     0.7876141881E+02     0.1055327381E+04
    0.2534578080E-02     0.2735073040E-02     0.2348986994E-03     0.7295218693E-02     0.9776670812E-04    -0.2022305316E+00     0.8127846600E+02     0.1075053030E+04
    0.2493101113E-02     0.2687648632E-02     0.2289760154E-03     0.7158188717E-02     0.9383385785E-04    -0.2174590168E+00     0.8378113885E+02     0.1094610791E+04
    0.2453433013E-02     0.2642241209E-02     0.2232675288E-03     0.7026956918E-02     0.9009055315E-04    -0.2333007549E+00     0.8627046711E+02     0.1114012408E+04
    0.2415441940E-02     0.2598703129E-02     0.2177582814E-03     0.6901102030E-02     0.8652418966E-04    -0.2497645975E+00     0.8874743945E+02     0.1133268939E+04
    0.2379031116E-02     0.2556926638E-02     0.2124380719E-03     0.6780317307E-02     0.8312534858E-04    -0.2668496680E+00     0.9121147517E+02     0.1152378935E+04
    0.2344083758E-02     0.2516780749E-02     0.2072934579E-03     0.6664228138E-02     0.7988266692E-04    -0.2845683681E+00     0.9366397646E+02     0.1171356081E+04
    0.2310501358E-02     0.2478155098E-02     0.2023133107E-03     0.6552518921E-02     0.7678646545E-04    -0.3029301620E+00     0.9610579367E+02     0.1190209512E+04
    0.2278207177E-02     0.2440964117E-02     0.1974894631E-03     0.6444945269E-02     0.7382903766E-04    -0.3219374344E+00     0.9853676049E+02     0.1208940293E+04
    0.2247124348E-02     0.2405121887E-02     0.1928134879E-03     0.6341261333E-02     0.7100263866E-04    -0.3415962674E+00     0.1009571865E+03     0.1227552994E+04
    0.2217176642E-02     0.2370542994E-02     0.1882768099E-03     0.6241222356E-02     0.6829957885E-04    -0.3619164514E+00     0.1033678262E+03     0.1246055432E+04
    0.2188294457E-02     0.2337149435E-02     0.1838716086E-03     0.6144604668E-02     0.6571278778E-04    -0.3829079660E+00     0.1057693967E+03     0.1264454968E+04
    0.2160424613E-02     0.2304882007E-02     0.1795923632E-03     0.6051238716E-02     0.6323667903E-04    -0.4045731050E+00     0.1081616608E+03     0.1282751517E+04
    0.2133512494E-02     0.2273679709E-02     0.1754331691E-03     0.5960949501E-02     0.6086553848E-04    -0.4269180368E+00     0.1105448337E+03     0.1300948345E+04
    0.2107502704E-02     0.2243480448E-02     0.1713878080E-03     0.5873558642E-02     0.5859361320E-04    -0.4499532867E+00     0.1129195687E+03     0.1319051956E+04
    0.2082344318E-02     0.2214227155E-02     0.1674505823E-03     0.5788902108E-02     0.5641557683E-04    -0.4736893573E+00     0.1152864824E+03     0.1337068457E+04
    0.2057994858E-02     0.2185872408E-02     0.1636169457E-03     0.5706843611E-02     0.5432687305E-04    -0.4981326642E+00     0.1176457269E+03     0.1355000322E+04
    0.2034419062E-02     0.2158377087E-02     0.1598833643E-03     0.5627270763E-02     0.5232358366E-04    -0.5232852297E+00     0.1199970051E+03     0.1372846543E+04
    0.2011575453E-02     0.2131694710E-02     0.1562451905E-03     0.5550049739E-02     0.5040128832E-04    -0.5491580461E+00     0.1223408864E+03     0.1390612618E+04
    0.1989425651E-02     0.2105782256E-02     0.1526981253E-03     0.5475056615E-02     0.4855587565E-04    -0.5757621941E+00     0.1246779150E+03     0.1408303782E+04
    0.1967941724E-02     0.2080608812E-02     0.1492394243E-03     0.5402202416E-02     0.4678414073E-04    -0.6030996812E+00     0.1270077692E+03     0.1425918651E+04
    0.1947089838E-02     0.2056136474E-02     0.1458652971E-03     0.5331377862E-02     0.4508241666E-04    -0.6311818085E+00     0.1293309627E+03     0.1443462103E+04
    0.1926838560E-02     0.2032330002E-02     0.1425722119E-03     0.5262481290E-02     0.4344728526E-04    -0.6600202930E+00     0.1316479926E+03     0.1460938839E+04
    0.1907162075E-02     0.2009160675E-02     0.1393574602E-03     0.5195429861E-02     0.4187581789E-04    -0.6896217394E+00     0.1339589193E+03     0.1478350207E+04
    0.1888036092E-02     0.1986601463E-02     0.1362184831E-03     0.5130145556E-02     0.4036524405E-04    -0.7199929928E+00     0.1362638023E+03     0.1495697516E+04
    0.1869437723E-02     0.1964626927E-02     0.1331528765E-03     0.5066554935E-02     0.3891293341E-04    -0.7511407734E+00     0.1385626912E+03     0.1512981960E+04
    0.1851345391E-02     0.1943213081E-02     0.1301583624E-03     0.5004588698E-02     0.3751639415E-04    -0.7830721142E+00     0.1408556351E+03     0.1530204702E+04
    0.1833735748E-02     0.1922333780E-02     0.1272323000E-03     0.4944171280E-02     0.3617303021E-04    -0.8157990907E+00     0.1431430638E+03     0.1547369724E+04
    0.1816586978E-02     0.1901964572E-02     0.1243722119E-03     0.4885231967E-02     0.3488041000E-04    -0.8493341460E+00     0.1454253943E+03     0.1564480883E+04
    0.1799884201E-02     0.1882089187E-02     0.1215767162E-03     0.4827723712E-02     0.3363665549E-04    -0.8836786805E+00     0.1477022532E+03     0.1581536078E+04
    0.1783607726E-02     0.1862685575E-02     0.1188435632E-03     0.4771582709E-02     0.3243955772E-04    -0.9188452987E+00     0.1499740385E+03     0.1598538965E+04
    0.1767741699E-02     0.1843736171E-02     0.1161710775E-03     0.4716758105E-02     0.3128722855E-04    -0.9548411332E+00     0.1522407572E+03     0.1615490254E+04
    0.1752271052E-02     0.1825224303E-02     0.1135576659E-03     0.4663201632E-02     0.3017786343E-04    -0.9916732738E+00     0.1545024095E+03     0.1632390579E+04
    0.1737179048E-02     0.1807131225E-02     0.1110013905E-03     0.4610858992E-02     0.2910957176E-04    -0.1029354899E+01     0.1567593649E+03     0.1649243319E+04
    0.1722449947E-02     0.1789439319E-02     0.1085004301E-03     0.4559679144E-02     0.2808056928E-04    -0.1067898967E+01     0.1590119743E+03     0.1666051685E+04
    0.1708073526E-02     0.1772137522E-02     0.1060538451E-03     0.4509629995E-02     0.2708948868E-04    -0.1107306799E+01     0.1612598531E+03     0.1682813395E+04
    0.1694035397E-02     0.1755209747E-02     0.1036599533E-03     0.4460664930E-02     0.2613469464E-04    -0.1147591541E+01     0.1635033380E+03     0.1699531518E+04
    0.1680324211E-02     0.1738643464E-02     0.1013175280E-03     0.4412747581E-02     0.2521479489E-04    -0.1188760777E+01     0.1657424057E+03     0.1716206444E+04
    0.1666929062E-02     0.1722426685E-02     0.9902539512E-04     0.4365843187E-02     0.2432844628E-04    -0.1230821562E+01     0.1679770206E+03     0.1732838444E+04
    0.1653837580E-02     0.1706545548E-02     0.9678207141E-04     0.4319911520E-02     0.2347424005E-04    -0.1273788038E+01     0.1702075041E+03     0.1749430445E+04
    0.1641039988E-02     0.1690989324E-02     0.9458649391E-04     0.4274921451E-02     0.2265096173E-04    -0.1317667443E+01     0.1724338103E+03     0.1765982624E+04
    0.1628525080E-02     0.1675745465E-02     0.9243730597E-04     0.4230836551E-02     0.2185733196E-04    -0.1362473907E+01     0.1746562405E+03     0.1782497734E+04
    0.1616284065E-02     0.1660804341E-02     0.9033354041E-04     0.4187628859E-02     0.2109224989E-04    -0.1408214746E+01     0.1768747397E+03     0.1798975864E+04
    0.1604308554E-02     0.1646156753E-02     0.8827425944E-04     0.4145271638E-02     0.2035466133E-04    -0.1454897630E+01     0.1790892554E+03     0.1815417124E+04
    0.1592590463E-02     0.1631793859E-02     0.8625855341E-04     0.4103739206E-02     0.1964355067E-04    -0.1502529914E+01     0.1812997319E+03     0.1831821585E+04
    0.1581120362E-02     0.1617705114E-02     0.8428524705E-04     0.4063000934E-02     0.1895784367E-04    -0.1551126201E+01     0.1835064445E+03     0.1848191775E+04
    0.1569890959E-02     0.1603882554E-02     0.8235350628E-04     0.4023033675E-02     0.1829661690E-04    -0.1600694124E+01     0.1857093292E+03     0.1864527692E+04
    0.1558893633E-02     0.1590316549E-02     0.8046224347E-04     0.3983809463E-02     0.1765888935E-04    -0.1651248448E+01     0.1879086444E+03     0.1880831724E+04
    0.1548121797E-02     0.1576999918E-02     0.7861069075E-04     0.3945307401E-02     0.1704381972E-04    -0.1702796754E+01     0.1901043185E+03     0.1897103806E+04
    0.1537569064E-02     0.1563925722E-02     0.7679809770E-04     0.3907507315E-02     0.1645059539E-04    -0.1755346250E+01     0.1922962771E+03     0.1913343846E+04
    0.1527229320E-02     0.1551087307E-02     0.7502373171E-04     0.3870389845E-02     0.1587843633E-04    -0.1808904528E+01     0.1944844488E+03     0.1929551774E+04
    0.1517095203E-02     0.1538476461E-02     0.7328663052E-04     0.3833931137E-02     0.1532651101E-04    -0.1863486137E+01     0.1966690710E+03     0.1945729799E+04
    0.1507159778E-02     0.1526085428E-02     0.7158587668E-04     0.3798108639E-02     0.1479403247E-04    -0.1919105107E+01     0.1988503737E+03     0.1961880079E+04
    0.1497417771E-02     0.1513908510E-02     0.6992082418E-04     0.3762905767E-02     0.1428032018E-04    -0.1975765889E+01     0.2010282670E+03     0.1978002391E+04
    0.1487864137E-02     0.1501940248E-02     0.6829084059E-04     0.3728306614E-02     0.1378472005E-04    -0.2033470164E+01     0.2032026641E+03     0.1994096539E+04
    0.1478492391E-02     0.1490173331E-02     0.6669502044E-04     0.3694289801E-02     0.1330650718E-04    -0.2092225352E+01     0.2053738357E+03     0.2010165146E+04
    0.1469286467E-02     0.1478588164E-02     0.6513075895E-04     0.3660797853E-02     0.1284444487E-04    -0.2152108662E+01     0.2075443078E+03     0.2026228485E+04
    0.1460242473E-02     0.1467180614E-02     0.6359759407E-04     0.3627818783E-02     0.1239800852E-04    -0.2213117239E+01     0.2097139701E+03     0.2042286174E+04
    0.1451356625E-02     0.1455946667E-02     0.6209506758E-04     0.3595340952E-02     0.1196668961E-04    -0.2275253890E+01     0.2118827130E+03     0.2058337837E+04
    0.1442622935E-02     0.1444879495E-02     0.6062233352E-04     0.3563344582E-02     0.1154988434E-04    -0.2338541389E+01     0.2140510103E+03     0.2074387418E+04
    0.1434039223E-02     0.1433977033E-02     0.5917916838E-04     0.3531823636E-02     0.1114718421E-04    -0.2402979592E+01     0.2162184525E+03     0.2090432329E+04
    0.1425602069E-02     0.1423235688E-02     0.5776513835E-04     0.3500767709E-02     0.1075812955E-04    -0.2468577065E+01     0.2183849231E+03     0.2106472143E+04
    0.1417306087E-02     0.1412649289E-02     0.5637945712E-04     0.3470158898E-02     0.1038218222E-04    -0.2535360637E+01     0.2205508799E+03     0.2122510694E+04
    0.1409149315E-02     0.1402216028E-02     0.5502190484E-04     0.3439991931E-02     0.1001897096E-04    -0.2603331248E+01     0.2227159138E+03     0.2138545396E+04
    0.1401127699E-02     0.1391931414E-02     0.5369190204E-04     0.3410253785E-02     0.9668039579E-05    -0.2672506056E+01     0.2248801864E+03     0.2154577891E+04
    0.1393238363E-02     0.1381792436E-02     0.5238905622E-04     0.3380935721E-02     0.9328995389E-05    -0.2742895525E+01     0.2270435739E+03     0.2170607714E+04
    0.1385477537E-02     0.1371794925E-02     0.5111281476E-04     0.3352025644E-02     0.9001414485E-05    -0.2814518236E+01     0.2292062283E+03     0.2186636435E+04
    0.1377842582E-02     0.1361936129E-02     0.4986280268E-04     0.3323515553E-02     0.8684932807E-05    -0.2887383433E+01     0.2313680217E+03     0.2202663567E+04
    0.1370330869E-02     0.1352213328E-02     0.4863864218E-04     0.3295397567E-02     0.8379193816E-05    -0.2961501150E+01     0.2335288249E+03     0.2218688600E+04
    0.1362938985E-02     0.1342622736E-02     0.4743981216E-04     0.3267660694E-02     0.8083817741E-05    -0.3036890349E+01     0.2356887815E+03     0.2234713060E+04
    0.1355664485E-02     0.1333161835E-02     0.4626594944E-04     0.3240297639E-02     0.7798473565E-05    -0.3113561591E+01     0.2378477585E+03     0.2250736418E+04
    0.1348504188E-02     0.1323827101E-02     0.4511655481E-04     0.3213298163E-02     0.7522807782E-05    -0.3191533634E+01     0.2400058902E+03     0.2266760133E+04
    0.1341455825E-02     0.1314616206E-02     0.4399127868E-04     0.3186655530E-02     0.7256512840E-05    -0.3270815651E+01     0.2421630398E+03     0.2282783656E+04
    0.1334517216E-02     0.1305526916E-02     0.4288977279E-04     0.3160363246E-02     0.6999290089E-05    -0.3351417933E+01     0.2443190719E+03     0.2298806449E+04
    0.1327685382E-02     0.1296555946E-02     0.4181155952E-04     0.3134411802E-02     0.6750819567E-05    -0.3433360145E+01     0.2464741109E+03     0.2314829903E+04
    0.1320957496E-02     0.1287700175E-02     0.4075617777E-04     0.3108792149E-02     0.6510795164E-05    -0.3516662971E+01     0.2486282746E+03     0.2330855371E+04
    0.1314332413E-02     0.1278958679E-02     0.3972342329E-04     0.3083501592E-02     0.6278977292E-05    -0.3601327163E+01     0.2507811635E+03     0.2346880357E+04
    0.1307807389E-02     0.1270328442E-02     0.3871283970E-04     0.3058531400E-02     0.6055076297E-05    -0.3687371335E+01     0.2529328926E+03     0.2362906190E+04
    0.1301379856E-02     0.1261806620E-02     0.3772398810E-04     0.3033873321E-02     0.5838816056E-05    -0.3774813431E+01     0.2550835715E+03     0.2378934170E+04
    0.1295047942E-02     0.1253391342E-02     0.3675654850E-04     0.3009521969E-02     0.5629953672E-05    -0.3863665592E+01     0.2572330527E+03     0.2394963683E+04
    0.1288809986E-02     0.1245080929E-02     0.3581020675E-04     0.2985472447E-02     0.5428254605E-05    -0.3953940601E+01     0.2593811904E+03     0.2410994131E+04
    0.1282664251E-02     0.1236873642E-02     0.3488464420E-04     0.2961719727E-02     0.5233489514E-05    -0.4045646883E+01     0.2615278396E+03     0.2427024915E+04
    0.1276607717E-02     0.1228765990E-02     0.3397934102E-04     0.2938253696E-02     0.5045394185E-05    -0.4138812181E+01     0.2636733433E+03     0.2443059086E+04
    0.1270638765E-02     0.1220756366E-02     0.3309399692E-04     0.2915069731E-02     0.4863757901E-05    -0.4233448687E+01     0.2658175477E+03     0.2459095998E+04
    0.1264756599E-02     0.1212844213E-02     0.3222840969E-04     0.2892166180E-02     0.4688394910E-05    -0.4329557329E+01     0.2679600603E+03     0.2475133210E+04
    0.1258958308E-02     0.1205026182E-02     0.3138208214E-04     0.2869533401E-02     0.4519065674E-05    -0.4427168795E+01     0.2701012101E+03     0.2491173672E+04
    0.1253242548E-02     0.1197300945E-02     0.3055472605E-04     0.2847167505E-02     0.4355579665E-05    -0.4526294980E+01     0.2722408416E+03     0.2507216737E+04
    0.1247607849E-02     0.1189667062E-02     0.2974604665E-04     0.2825064362E-02     0.4197749617E-05    -0.4626944822E+01     0.2743787993E+03     0.2523261739E+04
    0.1242052263E-02     0.1182122386E-02     0.2895566863E-04     0.2803217745E-02     0.4045378679E-05    -0.4729139517E+01     0.2765151620E+03     0.2539309781E+04
    0.1236574442E-02     0.1174665603E-02     0.2818330630E-04     0.2781623873E-02     0.3898292292E-05    -0.4832889399E+01     0.2786497717E+03     0.2555360184E+04
    0.1231172527E-02     0.1167294673E-02     0.2742859583E-04     0.2760276840E-02     0.3756306364E-05    -0.4938215716E+01     0.2807826998E+03     0.2571414000E+04
    0.1225845275E-02     0.1160008390E-02     0.2669125983E-04     0.2739173164E-02     0.3619258067E-05    -0.5045128584E+01     0.2829137858E+03     0.2587470531E+04
    0.1220591459E-02     0.1152805564E-02     0.2597102068E-04     0.2718309416E-02     0.3486989010E-05    -0.5153638328E+01     0.2850428699E+03     0.2603529092E+04
    0.1215409329E-02     0.1145684279E-02     0.2526752767E-04     0.2697680064E-02     0.3359331889E-05    -0.5263766264E+01     0.2871700167E+03     0.2619590688E+04
    0.1210297220E-02     0.1138642713E-02     0.2458044030E-04     0.2677279836E-02     0.3236126226E-05    -0.5375533360E+01     0.2892952846E+03     0.2635656288E+04
    0.1205254033E-02     0.1131679813E-02     0.2390949461E-04     0.2657105702E-02     0.3117229596E-05    -0.5488948812E+01     0.2914185075E+03     0.2651725162E+04
    0.1200278148E-02     0.1124793814E-02     0.2325435941E-04     0.2637152581E-02     0.3002491693E-05    -0.5604034429E+01     0.2935397372E+03     0.2667798233E+04
    0.1195368533E-02     0.1117983738E-02     0.2261477772E-04     0.2617417649E-02     0.2891779480E-05    -0.5720803425E+01     0.2956588052E+03     0.2683874760E+04
    0.1190524664E-02     0.1111249301E-02     0.2199055401E-04     0.2597900104E-02     0.2784973764E-05    -0.5839256256E+01     0.2977753303E+03     0.2699952379E+04
    0.1185744532E-02     0.1104588165E-02     0.2138130336E-04     0.2578593196E-02     0.2681926512E-05    -0.5959425765E+01     0.2998895751E+03     0.2716033614E+04
    0.1181027204E-02     0.1097999447E-02     0.2078677619E-04     0.2559494375E-02     0.2582516926E-05    -0.6081322430E+01     0.3020013700E+03     0.2732117721E+04
    0.1176371217E-02     0.1091481562E-02     0.2020666242E-04     0.2540599097E-02     0.2486617066E-05    -0.6204968804E+01     0.3041107545E+03     0.2748205531E+04
    0.1171775333E-02     0.1085033137E-02     0.1964066542E-04     0.2521903340E-02     0.2394105239E-05    -0.6330382347E+01     0.3062177631E+03     0.2764297864E+04
    0.1167239008E-02     0.1078653880E-02     0.1908859577E-04     0.2503406343E-02     0.2304880135E-05    -0.6457557086E+01     0.3083220147E+03     0.2780392343E+04
    0.1162760891E-02     0.1072342320E-02     0.1855015725E-04     0.2485103885E-02     0.2218826190E-05    -0.6586521508E+01     0.3104235433E+03     0.2796489773E+04
    0.1158340183E-02     0.1066097714E-02     0.1802511176E-04     0.2466993808E-02     0.2135840117E-05    -0.6717290949E+01     0.3125221759E+03     0.2812589379E+04
    0.1153975650E-02     0.1059918711E-02     0.1751317273E-04     0.2449072213E-02     0.2055813845E-05    -0.6849885428E+01     0.3146179405E+03     0.2828691924E+04
    0.1149666108E-02     0.1053804015E-02     0.1701406113E-04     0.2431335352E-02     0.1978643564E-05    -0.6984321535E+01     0.3167108599E+03     0.2844798130E+04
    0.1145410689E-02     0.1047752831E-02     0.1652754770E-04     0.2413781003E-02     0.1904235943E-05    -0.7120610702E+01     0.3188007555E+03     0.2860907181E+04
    0.1141208319E-02     0.1041763974E-02     0.1605336239E-04     0.2396405717E-02     0.1832493861E-05    -0.7258777417E+01     0.3208876447E+03     0.2877019758E+04
    0.1137058182E-02     0.1035836701E-02     0.1559128218E-04     0.2379207411E-02     0.1763330076E-05    -0.7398835532E+01     0.3229713470E+03     0.2893135044E+04
    0.1132959631E-02     0.1029970425E-02     0.1514108605E-04     0.2362184372E-02     0.1696659720E-05    -0.7540798540E+01     0.3250516835E+03     0.2909252214E+04
    0.1128911591E-02     0.1024163968E-02     0.1470251394E-04     0.2345333210E-02     0.1632394618E-05    -0.7684683922E+01     0.3271286663E+03     0.2925371923E+04
    0.1124913438E-02     0.1018416766E-02     0.1427535066E-04     0.2328652283E-02     0.1570455424E-05    -0.7830491603E+01     0.3292021147E+03     0.2941493315E+04
    0.1120963933E-02     0.1012727503E-02     0.1385934129E-04     0.2312137925E-02     0.1510759299E-05    -0.7978246545E+01     0.3312720357E+03     0.2957617021E+04
    0.1117062221E-02     0.1007095223E-02     0.1345424185E-04     0.2295787308E-02     0.1453227111E-05    -0.8127979560E+01     0.3333384314E+03     0.2973743626E+04
    0.1113207677E-02     0.1001519365E-02     0.1305984646E-04     0.2279598844E-02     0.1397787236E-05    -0.8279696628E+01     0.3354011161E+03     0.2989872249E+04
    0.1109399513E-02     0.9959992254E-03     0.1267594824E-04     0.2263570615E-02     0.1344369838E-05    -0.8433420082E+01     0.3374599061E+03     0.3006002013E+04
    0.1105637171E-02     0.9905341194E-03     0.1230231524E-04     0.2247700452E-02     0.1292903238E-05    -0.8589164549E+01     0.3395147986E+03     0.3022133464E+04
    0.1101919509E-02     0.9851228451E-03     0.1193871436E-04     0.2231985032E-02     0.1243317799E-05    -0.8746930920E+01     0.3415657860E+03     0.3038267118E+04
    0.1098245720E-02     0.9797646890E-03     0.1158494789E-04     0.2216422457E-02     0.1195550475E-05    -0.8906753009E+01     0.3436126800E+03     0.3054402083E+04
    0.1094615622E-02     0.9744594913E-03     0.1124082580E-04     0.2201012082E-02     0.1149540664E-05    -0.9068650866E+01     0.3456552938E+03     0.3070537479E+04
    0.1091028382E-02     0.9692063361E-03     0.1090612707E-04     0.2185751269E-02     0.1105225343E-05    -0.9232618729E+01     0.3476936156E+03     0.3086673747E+04
    0.1087483177E-02     0.9640044937E-03     0.1058066043E-04     0.2170638101E-02     0.1062547191E-05    -0.9398665310E+01     0.3497274574E+03     0.3102809991E+04
    0.1083979184E-02     0.9588530649E-03     0.1026421176E-04     0.2155670005E-02     0.1021447230E-05    -0.9566840003E+01     0.3517568029E+03     0.3118946668E+04
    0.1080515906E-02     0.9537514426E-03     0.9956575897E-05     0.2140845081E-02     0.9818691998E-06    -0.9737163412E+01     0.3537816312E+03     0.3135084212E+04
    0.1077092875E-02     0.9486992211E-03     0.9657573114E-05     0.2126162176E-02     0.9437615406E-06    -0.9909612746E+01     0.3558017504E+03     0.3151221637E+04
    0.1073708857E-02     0.9436951488E-03     0.9366997688E-05     0.2111617967E-02     0.9070709073E-06    -0.1008422451E+02     0.3578171353E+03     0.3167359347E+04
    0.1070363830E-02     0.9387392133E-03     0.9084679316E-05     0.2097212197E-02     0.8717495048E-06    -0.1026102494E+02     0.3598275931E+03     0.3183496405E+04
    0.1067057171E-02     0.9338308692E-03     0.8810443601E-05     0.2082943413E-02     0.8377503915E-06    -0.1044001179E+02     0.3618329327E+03     0.3199631854E+04
    0.1063788198E-02     0.9289693583E-03     0.8544098089E-05     0.2068809428E-02     0.8050255427E-06    -0.1062120914E+02     0.3638331254E+03     0.3215766040E+04
    0.1060556237E-02     0.9241539340E-03     0.8285455066E-05     0.2054808096E-02     0.7735287749E-06    -0.1080463615E+02     0.3658281380E+03     0.3231899279E+04
    0.1057360868E-02     0.9193842350E-03     0.8034350479E-05     0.2040938402E-02     0.7432179239E-06    -0.1099029686E+02     0.3678177762E+03     0.3248030591E+04
    0.1054201436E-02     0.9146595357E-03     0.7790602727E-05     0.2027198268E-02     0.7140497771E-06    -0.1117820705E+02     0.3698020030E+03     0.3264160273E+04
    0.1051077435E-02     0.9099794002E-03     0.7554052337E-05     0.2013586526E-02     0.6859848883E-06    -0.1136837920E+02     0.3717806231E+03     0.3280287337E+04
    0.1047988250E-02     0.9053431448E-03     0.7324523980E-05     0.2000101212E-02     0.6589828597E-06    -0.1156084731E+02     0.3737535963E+03     0.3296412042E+04
    0.1044933609E-02     0.9007505352E-03     0.7101864997E-05     0.1986741613E-02     0.6330069961E-06    -0.1175561815E+02     0.3757207265E+03     0.3312533397E+04
    0.1041912541E-02     0.8962005855E-03     0.6885903467E-05     0.1973505119E-02     0.6080192954E-06    -0.1195273824E+02     0.3776819698E+03     0.3328651620E+04
    0.1038925545E-02     0.8916935771E-03     0.6676482528E-05     0.1960391920E-02     0.5839842566E-06    -0.1215217697E+02     0.3796372782E+03     0.3344766906E+04
    0.1035970742E-02     0.8872280443E-03     0.6473459681E-05     0.1947398856E-02     0.5608693167E-06    -0.1235394700E+02     0.3815863064E+03     0.3360877029E+04
    0.1033049259E-02     0.8828048044E-03     0.6276685478E-05     0.1934527299E-02     0.5386413638E-06    -0.1255809097E+02     0.3835290076E+03     0.3376982211E+04
    0.1030159108E-02     0.8784218682E-03     0.6085981591E-05     0.1921772241E-02     0.5172653410E-06    -0.1276461253E+02     0.3854654747E+03     0.3393083782E+04
    0.1027300526E-02     0.8740794428E-03     0.5901214221E-05     0.1909133977E-02     0.4967117502E-06    -0.1297355860E+02     0.3873955063E+03     0.3409180764E+04
    0.1024473639E-02     0.8697777734E-03     0.5722260933E-05     0.1896613107E-02     0.4769530658E-06    -0.1318487347E+02     0.3893187629E+03     0.3425270823E+04
    0.1021676962E-02     0.8655153137E-03     0.5548956518E-05     0.1884205632E-02     0.4579579133E-06    -0.1339859968E+02     0.3912353304E+03     0.3441355357E+04
    0.1018910675E-02     0.8612922157E-03     0.5381172441E-05     0.1871911729E-02     0.4396994903E-06    -0.1361477935E+02     0.3931450098E+03     0.3457433296E+04
    0.1016174309E-02     0.8571079453E-03     0.5218767091E-05     0.1859729857E-02     0.4221502695E-06    -0.1383341075E+02     0.3950477405E+03     0.3473504704E+04
    0.1013467433E-02     0.8529619993E-03     0.5061603079E-05     0.1847658553E-02     0.4052838629E-06    -0.1405448278E+02     0.3969434583E+03     0.3489569663E+04
    0.1010789393E-02     0.8488539571E-03     0.4909564083E-05     0.1835696980E-02     0.3890768132E-06    -0.1427801288E+02     0.3988318286E+03     0.3505625954E+04
    0.1008139844E-02     0.8447833926E-03     0.4762516947E-05     0.1823843851E-02     0.3735043445E-06    -0.1450409526E+02     0.4007127891E+03     0.3521673648E+04
    0.1005519296E-02     0.8407504659E-03     0.4620326804E-05     0.1812098939E-02     0.3585419653E-06    -0.1473269087E+02     0.4025864043E+03     0.3537713879E+04
    0.1002925839E-02     0.8367537029E-03     0.4482878103E-05     0.1800459142E-02     0.3441681604E-06    -0.1496379457E+02     0.4044523418E+03     0.3553744495E+04
    0.1000360951E-02     0.8327942045E-03     0.4350053777E-05     0.1788926483E-02     0.3303612668E-06    -0.1519741656E+02     0.4063105336E+03     0.3569765460E+04
    0.9978220484E-03     0.8288696836E-03     0.4221722719E-05     0.1777495704E-02     0.3170992054E-06    -0.1543359483E+02     0.4081609073E+03     0.3585776823E+04
    0.9953113092E-03     0.8249819460E-03     0.4097784141E-05     0.1766170552E-02     0.3043629416E-06    -0.1567231856E+02     0.4100032633E+03     0.3601777440E+04
    0.9928256293E-03     0.8211282841E-03     0.3978109998E-05     0.1754944894E-02     0.2921317189E-06    -0.1591362296E+02     0.4118375269E+03     0.3617767307E+04
    0.9903677282E-03     0.8173109409E-03     0.3862605543E-05     0.1743823403E-02     0.2803879678E-06    -0.1615749454E+02     0.4136634990E+03     0.3633745304E+04
    0.9879339933E-03     0.8135268018E-03     0.3751145946E-05     0.1732799103E-02     0.2691121908E-06    -0.1640396533E+02     0.4154811028E+03     0.3649711377E+04
    0.9855272727E-03     0.8097780883E-03     0.3643634219E-05     0.1721876418E-02     0.2582873997E-06    -0.1665306282E+02     0.4172902591E+03     0.3665665478E+04
    0.9831443107E-03     0.8060621119E-03     0.3539959233E-05     0.1711049508E-02     0.2478962708E-06    -0.1690477581E+02     0.4190907670E+03     0.3681606441E+04
    0.9807876899E-03     0.8023809805E-03     0.3440032735E-05     0.1700322734E-02     0.2379235015E-06    -0.1715911909E+02     0.4208824288E+03     0.3697533178E+04
    0.9784542694E-03     0.7987318810E-03     0.3343736426E-05     0.1689689634E-02     0.2283517391E-06    -0.1741611466E+02     0.4226652791E+03     0.3713446580E+04
    0.9761462725E-03     0.7951166204E-03     0.3250985345E-05     0.1679153927E-02     0.2191667633E-06    -0.1767577698E+02     0.4244391166E+03     0.3729345555E+04
    0.9738614015E-03     0.7915334211E-03     0.3161685438E-05     0.1668711926E-02     0.2103542620E-06    -0.1793808174E+02     0.4262036303E+03     0.3745227873E+04
    0.9716011999E-03     0.7879833025E-03     0.3075741389E-05     0.1658365302E-02     0.2018996650E-06    -0.1820307203E+02     0.4279588504E+03     0.3761094510E+04
    0.9693635150E-03     0.7844642864E-03     0.2993049562E-05     0.1648109420E-02     0.1937882856E-06    -0.1847074448E+02     0.4297047985E+03     0.3776946246E+04
    0.9671491885E-03     0.7809771524E-03     0.2913532481E-05     0.1637946004E-02     0.1860080282E-06    -0.1874114873E+02     0.4314411630E+03     0.3792780995E+04
    0.9649581551E-03     0.7775218298E-03     0.2837105865E-05     0.1627874799E-02     0.1785464769E-06    -0.1901422072E+02     0.4331677478E+03     0.3808597484E+04
    0.9627890946E-03     0.7740971311E-03     0.2763679446E-05     0.1617893034E-02     0.1713910114E-06    -0.1929002299E+02     0.4348844647E+03     0.3824395629E+04
    0.9606434363E-03     0.7707040853E-03     0.2693173124E-05     0.1608002587E-02     0.1645299771E-06    -0.1956851919E+02     0.4365912231E+03     0.3840175211E+04
    0.9585186019E-03     0.7673405033E-03     0.2625497747E-05     0.1598198620E-02     0.1579514877E-06    -0.1984974170E+02     0.4382879295E+03     0.3855936019E+04
    0.9564164665E-03     0.7640079721E-03     0.2560585861E-05     0.1588484513E-02     0.1516455699E-06    -0.2013373622E+02     0.4399742844E+03     0.3871675967E+04
    0.9543348480E-03     0.7607045282E-03     0.2498349333E-05     0.1578855749E-02     0.1456008312E-06    -0.2042057615E+02     0.4416502983E+03     0.3887395649E+04
    0.9522763458E-03     0.7574321274E-03     0.2438719199E-05     0.1569316129E-02     0.1398074785E-06    -0.2071016996E+02     0.4433158735E+03     0.3903094956E+04
    0.9502374295E-03     0.7541880374E-03     0.2381618131E-05     0.1559860061E-02     0.1342557530E-06    -0.2100246700E+02     0.4449707154E+03     0.3918771835E+04
    0.9482197461E-03     0.7509734512E-03     0.2326977480E-05     0.1550489759E-02     0.1289363747E-06    -0.2129765818E+02     0.4466147299E+03     0.3934425854E+04
    0.9462242977E-03     0.7477890421E-03     0.2274728551E-05     0.1541206355E-02     0.1238403035E-06    -0.2159550423E+02     0.4482478209E+03     0.3950056961E+04
    0.9442469683E-03     0.7446314413E-03     0.2224792419E-05     0.1532002656E-02     0.1189582005E-06    -0.2189610488E+02     0.4498698893E+03     0.3965664805E+04
    0.9422916586E-03     0.7415037085E-03     0.2177113677E-05     0.1522884878E-02     0.1142823632E-06    -0.2219951826E+02     0.4514807418E+03     0.3981248214E+04
    0.9403548806E-03     0.7384030719E-03     0.2131620745E-05     0.1513847232E-02     0.1098044333E-06    -0.2250570662E+02     0.4530801874E+03     0.3996805965E+04
    0.9384393618E-03     0.7353310754E-03     0.2088246642E-05     0.1504892587E-02     0.1055159560E-06    -0.2281472225E+02     0.4546684428E+03     0.4012340777E+04
    0.9365412896E-03     0.7322837783E-03     0.2046908559E-05     0.1496013016E-02     0.1014077381E-06    -0.2312665273E+02     0.4562458371E+03     0.4027856294E+04
    0.9346636356E-03     0.7292635128E-03     0.2007556477E-05     0.1487213214E-02     0.9747323711E-07    -0.2344146978E+02     0.4578121641E+03     0.4043351324E+04
    0.9328029980E-03     0.7262675390E-03     0.1970126026E-05     0.1478487365E-02     0.9370528209E-07    -0.2375917321E+02     0.4593673048E+03     0.4058825438E+04
    0.9309622815E-03     0.7232980404E-03     0.1934567678E-05     0.1469839701E-02     0.9009760293E-07    -0.2407976946E+02     0.4609111395E+03     0.4074278304E+04
    0.9291382406E-03     0.7203524971E-03     0.1900822284E-05     0.1461265027E-02     0.8664376455E-07    -0.2440325114E+02     0.4624434609E+03     0.4089708608E+04
    0.9273337851E-03     0.7174330877E-03     0.1868842682E-05     0.1452767550E-02     0.8333793946E-07    -0.2472962712E+02     0.4639641490E+03     0.4105116005E+04
    0.9255455679E-03     0.7145371400E-03     0.1838570726E-05     0.1444341645E-02     0.8017398399E-07    -0.2505890946E+02     0.4654730800E+03     0.4120500019E+04
    0.9237767677E-03     0.7116671958E-03     0.1809965138E-05     0.1435992523E-02     0.7714684748E-07    -0.2539107032E+02     0.4669699685E+03     0.4135858615E+04
    0.9220238248E-03     0.7088203474E-03     0.1782968332E-05     0.1427713962E-02     0.7425062953E-07    -0.2572613983E+02     0.4684547741E+03     0.4151192145E+04
    0.9202899927E-03     0.7059991001E-03     0.1757540123E-05     0.1419510942E-02     0.7148052099E-07    -0.2606410139E+02     0.4699272933E+03     0.4166499408E+04
    0.9185717566E-03     0.7032007539E-03     0.1733628070E-05     0.1411377958E-02     0.6883133386E-07    -0.2640494579E+02     0.4713873258E+03     0.4181779094E+04
    0.9168723287E-03     0.7004276126E-03     0.1711191660E-05     0.1403319299E-02     0.6629833145E-07    -0.2674868203E+02     0.4728348259E+03     0.4197031626E+04
    0.9151874348E-03     0.6976764092E-03     0.1690179721E-05     0.1395328348E-02     0.6387667673E-07    -0.2709538889E+02     0.4742695915E+03     0.4212255639E+04
    0.9135211880E-03     0.6949502067E-03     0.1670556664E-05     0.1387411041E-02     0.6156217430E-07    -0.2744514527E+02     0.4756914982E+03     0.4227450693E+04
    0.9118715564E-03     0.6922474516E-03     0.1652277630E-05     0.1379564195E-02     0.5935048649E-07    -0.2779765496E+02     0.4771003461E+03     0.4242615704E+04
    0.9102369545E-03     0.6895669393E-03     0.1635299352E-05     0.1371785342E-02     0.5723745418E-07    -0.2815313357E+02     0.4784959396E+03     0.4257749166E+04
    0.9086205545E-03     0.6869109228E-03     0.1619586932E-05     0.1364078644E-02     0.5521918432E-07    -0.2851154076E+02     0.4798782256E+03     0.4272851523E+04
    0.9070188944E-03     0.6842767787E-03     0.1605096002E-05     0.1356438818E-02     0.5329172415E-07    -0.2887278554E+02     0.4812470069E+03     0.4287921592E+04
    0.9054333020E-03     0.6816655085E-03     0.1591791617E-05     0.1348867785E-02     0.5145155298E-07    -0.2923707753E+02     0.4826020899E+03     0.4302957887E+04
    0.9038654937E-03     0.6790783245E-03     0.1579639807E-05     0.1341367745E-02     0.4969520675E-07    -0.2960413715E+02     0.4839433509E+03     0.4317960132E+04
    0.9023106964E-03     0.6765115635E-03     0.1568596357E-05     0.1333931270E-02     0.4801900974E-07    -0.2997409506E+02     0.4852706639E+03     0.4332927754E+04
    0.9007729113E-03     0.6739682260E-03     0.1558633715E-05     0.1326564218E-02     0.4641997883E-07    -0.3034715145E+02     0.4865838380E+03     0.4347859416E+04
    0.8992517521E-03     0.6714479418E-03     0.1549717114E-05     0.1319265660E-02     0.4489493012E-07    -0.3072291757E+02     0.4878827488E+03     0.4362754809E+04
    0.8977432715E-03     0.6689476900E-03     0.1541806702E-05     0.1312029478E-02     0.4344064033E-07    -0.3110162696E+02     0.4891672699E+03     0.4377613230E+04
    0.8962519767E-03     0.6664708278E-03     0.1534878290E-05     0.1304862197E-02     0.4205448857E-07    -0.3148337653E+02     0.4904372136E+03     0.4392433472E+04
    0.8947757526E-03     0.6640157680E-03     0.1528897023E-05     0.1297760624E-02     0.4073363014E-07    -0.3186785067E+02     0.4916923949E+03     0.4407214466E+04
    0.8933130382E-03     0.6615812796E-03     0.1523829627E-05     0.1290722173E-02     0.3947530075E-07    -0.3225529523E+02     0.4929326912E+03     0.4421955439E+04
    0.8918670390E-03     0.6591696648E-03     0.1519651877E-05     0.1283751158E-02     0.3827706017E-07    -0.3264564864E+02     0.4941579788E+03     0.4436656009E+04
    0.8904346518E-03     0.6567786166E-03     0.1516329644E-05     0.1276843005E-02     0.3713634306E-07    -0.3303876851E+02     0.4953680761E+03     0.4451315054E+04
    0.8890164476E-03     0.6544084873E-03     0.1513835732E-05     0.1269998227E-02     0.3605078982E-07    -0.3343490379E+02     0.4965628610E+03     0.4465931776E+04
    0.8876145779E-03     0.6520608480E-03     0.1512146453E-05     0.1263219796E-02     0.3501824511E-07    -0.3383381007E+02     0.4977421553E+03     0.4480505169E+04
    0.8862249970E-03     0.6497326519E-03     0.1511228205E-05     0.1256501628E-02     0.3403634383E-07    -0.3423552109E+02     0.4989058386E+03     0.4495034697E+04
    0.8848500681E-03     0.6474255056E-03     0.1511059273E-05     0.1249846561E-02     0.3310303261E-07    -0.3464031057E+02     0.5000538411E+03     0.4509520323E+04
    0.8834909996E-03     0.6451403394E-03     0.1511616399E-05     0.1243256416E-02     0.3221641295E-07    -0.3504777664E+02     0.5011859345E+03     0.4523960371E+04
    0.8821437044E-03     0.6428741541E-03     0.1512867866E-05     0.1236725333E-02     0.3137442191E-07    -0.3545798569E+02     0.5023019483E+03     0.4538353585E+04
    0.8808117798E-03     0.6406295035E-03     0.1514795955E-05     0.1230258056E-02     0.3057531905E-07    -0.3587106867E+02     0.5034017652E+03     0.4552699400E+04
    0.8794924508E-03     0.6384042393E-03     0.1517372898E-05     0.1223850188E-02     0.2981718013E-07    -0.3628697876E+02     0.5044853154E+03     0.4566997957E+04
    0.8781876975E-03     0.6361998450E-03     0.1520579207E-05     0.1217504596E-02     0.2909842184E-07    -0.3670571679E+02     0.5055523816E+03     0.4581247361E+04
    0.8768959529E-03     0.6340151140E-03     0.1524390110E-05     0.1211218798E-02     0.2841733348E-07    -0.3712721841E+02     0.5066028493E+03     0.4595447176E+04
    0.8756178358E-03     0.6318504249E-03     0.1528785448E-05     0.1204993349E-02     0.2777235627E-07    -0.3755153419E+02     0.5076366000E+03     0.4609596730E+04
    0.8743532816E-03     0.6297057706E-03     0.1533743673E-05     0.1198828248E-02     0.2716201538E-07    -0.3797855957E+02     0.5086534297E+03     0.4623694384E+04
    0.8731013228E-03     0.6275802773E-03     0.1539243548E-05     0.1192721481E-02     0.2658477259E-07    -0.3840838650E+02     0.5096533129E+03     0.4637740689E+04
    0.8718634938E-03     0.6254750873E-03     0.1545267538E-05     0.1186675234E-02     0.2603932587E-07    -0.3884089776E+02     0.5106360469E+03     0.4651734014E+04
    0.8706373683E-03     0.6233884429E-03     0.1551791814E-05     0.1180686090E-02     0.2552427703E-07    -0.3927612840E+02     0.5116014793E+03     0.4665673107E+04
    0.8694259189E-03     0.6213223531E-03     0.1558803487E-05     0.1174757601E-02     0.2503840548E-07    -0.3971400587E+02     0.5125495407E+03     0.4679558142E+04
    0.8682253427E-03     0.6192740825E-03     0.1566277321E-05     0.1168884514E-02     0.2458038603E-07    -0.4015452296E+02     0.5134800789E+03     0.4693387912E+04
    0.8670393024E-03     0.6172461798E-03     0.1574202334E-05     0.1163071479E-02     0.2414913880E-07    -0.4059767938E+02     0.5143929848E+03     0.4707161916E+04
    0.8658635051E-03     0.6152355703E-03     0.1582553268E-05     0.1157312621E-02     0.2374342556E-07    -0.4104353511E+02     0.5152881104E+03     0.4720878977E+04
    0.8647004876E-03     0.6132440449E-03     0.1591317608E-05     0.1151611237E-02     0.2336224134E-07    -0.4149244642E+02     0.5161653136E+03     0.4734537804E+04
    0.8635510786E-03     0.6112721217E-03     0.1600480731E-05     0.1145968130E-02     0.2300456158E-07    -0.4194415114E+02     0.5170244902E+03     0.4748138070E+04
    0.8624150379E-03     0.6093195601E-03     0.1610026515E-05     0.1140382680E-02     0.2266937611E-07    -0.4239822021E+02     0.5178655363E+03     0.4761679439E+04
    0.8612913165E-03     0.6073855512E-03     0.1619937780E-05     0.1134853207E-02     0.2235569752E-07    -0.4285439731E+02     0.5186883470E+03     0.4775161523E+04
    0.8601764471E-03     0.6054676821E-03     0.1630192121E-05     0.1129375205E-02     0.2206253898E-07    -0.4331319261E+02     0.5194927530E+03     0.4788582345E+04
    0.8590753286E-03     0.6035693413E-03     0.1640784239E-05     0.1123954842E-02     0.2178914136E-07    -0.4377487858E+02     0.5202786574E+03     0.4801941439E+04
    0.8579876027E-03     0.6016902053E-03     0.1651699486E-05     0.1118591344E-02     0.2153464764E-07    -0.4423884503E+02     0.5210459614E+03     0.4815238489E+04
    0.8569093012E-03     0.5998274710E-03     0.1662916009E-05     0.1113279413E-02     0.2129815414E-07    -0.4470521699E+02     0.5217945375E+03     0.4828472382E+04
    0.8558429629E-03     0.5979828568E-03     0.1674425359E-05     0.1108022088E-02     0.2107894614E-07    -0.4517437724E+02     0.5225242911E+03     0.4841642435E+04
    0.8547896439E-03     0.5961570775E-03     0.1686216143E-05     0.1102820603E-02     0.2087630976E-07    -0.4564599169E+02     0.5232351001E+03     0.4854747815E+04
    0.8537481464E-03     0.5943492299E-03     0.1698273450E-05     0.1097673121E-02     0.2068949862E-07    -0.4611971918E+02     0.5239268730E+03     0.4867788166E+04
    0.8527154916E-03     0.5925571797E-03     0.1710579093E-05     0.1092575547E-02     0.2051775539E-07    -0.4659596270E+02     0.5245995179E+03     0.4880762722E+04
    0.8516957069E-03     0.5907837095E-03     0.1723128617E-05     0.1087532932E-02     0.2036052561E-07    -0.4707488921E+02     0.5252529198E+03     0.4893670553E+04
    0.8506885001E-03     0.5890285893E-03     0.1735909348E-05     0.1082544755E-02     0.2021717535E-07    -0.4755592262E+02     0.5258869670E+03     0.4906510867E+04
    0.8496906515E-03     0.5872895255E-03     0.1748903454E-05     0.1077606640E-02     0.2008702248E-07    -0.4803912605E+02     0.5265015746E+03     0.4919283179E+04
    0.8487035392E-03     0.5855674528E-03     0.1762102175E-05     0.1072720219E-02     0.1996952413E-07    -0.4852487537E+02     0.5270966361E+03     0.4931986300E+04
    0.8477287607E-03     0.5838634101E-03     0.1775498151E-05     0.1067887237E-02     0.1986416061E-07    -0.4901296196E+02     0.5276720718E+03     0.4944619949E+04
    0.8467663601E-03     0.5821773609E-03     0.1789081209E-05     0.1063107463E-02     0.1977040028E-07    -0.4950280268E+02     0.5282278002E+03     0.4957183853E+04
    0.8458103819E-03     0.5805052275E-03     0.1802827474E-05     0.1058373424E-02     0.1968759784E-07    -0.4999490246E+02     0.5287637020E+03     0.4969676290E+04
    0.8448665431E-03     0.5788508798E-03     0.1816739165E-05     0.1053692033E-02     0.1961539531E-07    -0.5048984030E+02     0.5292797042E+03     0.4982096755E+04
    0.8439342640E-03     0.5772138543E-03     0.1830805572E-05     0.1049062281E-02     0.1955330862E-07    -0.5098714845E+02     0.5297757338E+03     0.4994444991E+04
    0.8430132405E-03     0.5755938847E-03     0.1845016940E-05     0.1044483498E-02     0.1950087980E-07    -0.5148647575E+02     0.5302517197E+03     0.5006720811E+04
    0.8421034814E-03     0.5739910550E-03     0.1859366323E-05     0.1039955202E-02     0.1945767878E-07    -0.5198746957E+02     0.5307075967E+03     0.5018924941E+04
    0.8412030260E-03     0.5724040346E-03     0.1873839414E-05     0.1035474966E-02     0.1942324845E-07    -0.5249002752E+02     0.5311432606E+03     0.5031056087E+04
    0.8403095319E-03     0.5708311354E-03     0.1888422928E-05     0.1031039551E-02     0.1939713742E-07    -0.5299494063E+02     0.5315586592E+03     0.5043113759E+04
    0.8394275774E-03     0.5692754439E-03     0.1903118146E-05     0.1026654465E-02     0.1937907184E-07    -0.5350250634E+02     0.5319537095E+03     0.5055097165E+04
    0.8385563770E-03     0.5677363938E-03     0.1917914632E-05     0.1022318602E-02     0.1936866762E-07    -0.5401222740E+02     0.5323283347E+03     0.5067005617E+04
    0.8376956811E-03     0.5662137160E-03     0.1932804594E-05     0.1018031282E-02     0.1936556948E-07    -0.5452379402E+02     0.5326824842E+03     0.5078839286E+04
    0.8368456983E-03     0.5647075204E-03     0.1947780294E-05     0.1013792621E-02     0.1936944605E-07    -0.5503682171E+02     0.5330160827E+03     0.5090597490E+04
    0.8360037693E-03     0.5632160150E-03     0.1962826903E-05     0.1009599376E-02     0.1937991141E-07    -0.5555138423E+02     0.5333290477E+03     0.5102278990E+04
    0.8351699493E-03     0.5617391785E-03     0.1977937189E-05     0.1005451380E-02     0.1939665600E-07    -0.5606811547E+02     0.5336213258E+03     0.5113882995E+04
    0.8343469602E-03     0.5602787803E-03     0.1993110524E-05     0.1001351667E-02     0.1941944559E-07    -0.5658705576E+02     0.5338928630E+03     0.5125409284E+04
    0.8335343626E-03     0.5588344906E-03     0.2008338470E-05     0.9972995586E-03     0.1944798265E-07    -0.5710771517E+02     0.5341435993E+03     0.5136857244E+04
    0.8327322944E-03     0.5574063360E-03     0.2023614769E-05     0.9932949608E-03     0.1948199636E-07    -0.5762963525E+02     0.5343734849E+03     0.5148226675E+04
    0.8319360490E-03     0.5559911658E-03     0.2038920315E-05     0.9893322244E-03     0.1952110935E-07    -0.5815325669E+02     0.5345824571E+03     0.5159516162E+04
    0.8311502543E-03     0.5545920158E-03     0.2054260027E-05     0.9854166227E-03     0.1956517588E-07    -0.5867906275E+02     0.5347704752E+03     0.5170725348E+04
    0.8303744771E-03     0.5532085015E-03     0.2069627388E-05     0.9815472822E-03     0.1961394520E-07    -0.5920662450E+02     0.5349375026E+03     0.5181854437E+04
    0.8296086588E-03     0.5518405785E-03     0.2085015208E-05     0.9777240789E-03     0.1966717819E-07    -0.5973552492E+02     0.5350834873E+03     0.5192902504E+04
    0.8288515825E-03     0.5504874020E-03     0.2100414119E-05     0.9739454220E-03     0.1972461892E-07    -0.6026560359E+02     0.5352083887E+03     0.5203868937E+04
    0.8281012982E-03     0.5491476172E-03     0.2115813549E-05     0.9702087799E-03     0.1978600498E-07    -0.6079737031E+02     0.5353121724E+03     0.5214753143E+04
    0.8273610769E-03     0.5478233623E-03     0.2131215788E-05     0.9665178418E-03     0.1985120405E-07    -0.6133102054E+02     0.5353948042E+03     0.5225554563E+04
    0.8266304474E-03     0.5465142870E-03     0.2146613866E-05     0.9628718891E-03     0.1992000287E-07    -0.6186611383E+02     0.5354562534E+03     0.5236272724E+04
    0.8259093885E-03     0.5452203126E-03     0.2162002687E-05     0.9592706381E-03     0.1999220943E-07    -0.6240228653E+02     0.5354964942E+03     0.5246907519E+04
    0.8251960136E-03     0.5439401312E-03     0.2177372398E-05     0.9557116473E-03     0.2006759419E-07    -0.6293954535E+02     0.5355155009E+03     0.5257458703E+04
    0.8244898925E-03     0.5426734276E-03     0.2192716447E-05     0.9521942709E-03     0.2014596629E-07    -0.6347837024E+02     0.5355132502E+03     0.5267925403E+04
    0.8237933343E-03     0.5414216876E-03     0.2208035746E-05     0.9487210194E-03     0.2022720851E-07    -0.6401881589E+02     0.5354897236E+03     0.5278307185E+04
    0.8231059593E-03     0.5401846473E-03     0.2223323759E-05     0.9452913650E-03     0.2031114163E-07    -0.6456046687E+02     0.5354449073E+03     0.5288603321E+04
    0.8224277161E-03     0.5389621834E-03     0.2238576607E-05     0.9419049044E-03     0.2039761013E-07    -0.6510300449E+02     0.5353787881E+03     0.5298814093E+04
    0.8217570423E-03     0.5377532100E-03     0.2253785880E-05     0.9385595972E-03     0.2048642438E-07    -0.6564640442E+02     0.5352913512E+03     0.5308939322E+04
    0.8210931779E-03     0.5365572439E-03     0.2268943758E-05     0.9352545783E-03     0.2057740922E-07    -0.6619110734E+02     0.5351825967E+03     0.5318977598E+04
    0.8204384724E-03     0.5353757358E-03     0.2284053319E-05     0.9319921953E-03     0.2067048632E-07    -0.6673724415E+02     0.5350525174E+03     0.5328929202E+04
    0.8197925221E-03     0.5342083820E-03     0.2299109198E-05     0.9287718097E-03     0.2076550785E-07    -0.6728443409E+02     0.5349011117E+03     0.5338793812E+04
    0.8191552703E-03     0.5330551280E-03     0.2314106589E-05     0.9255932518E-03     0.2086233584E-07    -0.6783235245E+02     0.5347283900E+03     0.5348570821E+04
    0.8185263635E-03     0.5319156571E-03     0.2329041558E-05     0.9224557864E-03     0.2096084041E-07    -0.6838077061E+02     0.5345343485E+03     0.5358260516E+04
    0.8179028320E-03     0.5307880021E-03     0.2343901737E-05     0.9193558947E-03     0.2106082196E-07    -0.6893015872E+02     0.5343189948E+03     0.5367862199E+04
    0.8172882317E-03     0.5296744347E-03     0.2358693462E-05     0.9162974059E-03     0.2116225235E-07    -0.6948084477E+02     0.5340823433E+03     0.5377375538E+04
    0.8166820375E-03     0.5285745720E-03     0.2373411656E-05     0.9132795403E-03     0.2126500384E-07    -0.7003242949E+02     0.5338244100E+03     0.5386800302E+04
    0.8160840783E-03     0.5274882609E-03     0.2388052366E-05     0.9103019161E-03     0.2136896176E-07    -0.7058463621E+02     0.5335452155E+03     0.5396136274E+04
    0.8154945072E-03     0.5264155574E-03     0.2402612729E-05     0.9073645109E-03     0.2147402418E-07    -0.7113715501E+02     0.5332447822E+03     0.5405383265E+04
    0.8149110902E-03     0.5253549569E-03     0.2417083423E-05     0.9044645814E-03     0.2158003352E-07    -0.7169014051E+02     0.5329231275E+03     0.5414541159E+04
    0.8143346779E-03     0.5243069489E-03     0.2431464269E-05     0.9016028256E-03     0.2168691694E-07    -0.7224405030E+02     0.5325802688E+03     0.5423609754E+04
    0.8137665123E-03     0.5232723117E-03     0.2445755486E-05     0.8987804953E-03     0.2179460876E-07    -0.7279880420E+02     0.5322162482E+03     0.5432588632E+04
    0.8132062314E-03     0.5222507679E-03     0.2459953161E-05     0.8959969902E-03     0.2190300812E-07    -0.7335409719E+02     0.5318311012E+03     0.5441477669E+04
    0.8126537403E-03     0.5212421931E-03     0.2474054753E-05     0.8932519428E-03     0.2201202830E-07    -0.7390970549E+02     0.5314248545E+03     0.5450277015E+04
    0.8121092376E-03     0.5202466700E-03     0.2488058271E-05     0.8905453707E-03     0.2212159031E-07    -0.7446532599E+02     0.5309975474E+03     0.5458986576E+04
    0.8115700919E-03     0.5192624697E-03     0.2501953128E-05     0.8878741914E-03     0.2223154088E-07    -0.7502120888E+02     0.5305492234E+03     0.5467605991E+04
    0.8110381849E-03     0.5182907549E-03     0.2515742652E-05     0.8852402716E-03     0.2234185255E-07    -0.7557777325E+02     0.5300799286E+03     0.5476134992E+04
    0.8105140132E-03     0.5173317977E-03     0.2529426098E-05     0.8826439484E-03     0.2245246348E-07    -0.7613484350E+02     0.5295897143E+03     0.5484573549E+04
    0.8099972644E-03     0.5163853343E-03     0.2543000781E-05     0.8800846153E-03     0.2256329624E-07    -0.7669217306E+02     0.5290786179E+03     0.5492921879E+04
    0.8094878686E-03     0.5154512746E-03     0.2556464424E-05     0.8775619893E-03     0.2267427926E-07    -0.7724955454E+02     0.5285466935E+03     0.5501179973E+04
    0.8089859852E-03     0.5145296905E-03     0.2569815172E-05     0.8750760880E-03     0.2278534659E-07    -0.7780671303E+02     0.5279940136E+03     0.5509347611E+04
    0.8084899329E-03     0.5136194491E-03     0.2583046256E-05     0.8726248274E-03     0.2289639003E-07    -0.7836374218E+02     0.5274206241E+03     0.5517424890E+04
    0.8079999140E-03     0.5127206183E-03     0.2596156925E-05     0.8702081693E-03     0.2300735646E-07    -0.7892107724E+02     0.5268265697E+03     0.5525411770E+04
    0.8075173529E-03     0.5118340886E-03     0.2609149254E-05     0.8678275433E-03     0.2311821973E-07    -0.7947869877E+02     0.5262119502E+03     0.5533307878E+04
    0.8070418226E-03     0.5109595241E-03     0.2622020746E-05     0.8654822185E-03     0.2322891419E-07    -0.8003634981E+02     0.5255768190E+03     0.5541113527E+04
    0.8065731712E-03     0.5100967646E-03     0.2634769873E-05     0.8631717640E-03     0.2333938438E-07    -0.8059387342E+02     0.5249212276E+03     0.5548829032E+04
    0.8061113841E-03     0.5092457679E-03     0.2647394845E-05     0.8608959958E-03     0.2344957404E-07    -0.8115109325E+02     0.5242452675E+03     0.5556454292E+04
    0.8056566016E-03     0.5084065734E-03     0.2659894890E-05     0.8586548416E-03     0.2355943722E-07    -0.8170778306E+02     0.5235490147E+03     0.5563989452E+04
    0.8052075429E-03     0.5075783236E-03     0.2672264633E-05     0.8564467144E-03     0.2366888851E-07    -0.8226397165E+02     0.5228325473E+03     0.5571434525E+04
    0.8047638986E-03     0.5067607609E-03     0.2684502300E-05     0.8542710214E-03     0.2377787566E-07    -0.8282008323E+02     0.5220959267E+03     0.5578789581E+04
    0.8043272671E-03     0.5059548435E-03     0.2696612198E-05     0.8521292401E-03     0.2388640154E-07    -0.8337618293E+02     0.5213392349E+03     0.5586054805E+04
    0.8038972461E-03     0.5051602817E-03     0.2708591737E-05     0.8500207616E-03     0.2399440896E-07    -0.8393198870E+02     0.5205625780E+03     0.5593230212E+04
    0.8034736501E-03     0.5043769077E-03     0.2720439504E-05     0.8479451603E-03     0.2410185236E-07    -0.8448734823E+02     0.5197660442E+03     0.5600316029E+04
    0.8030563931E-03     0.5036046025E-03     0.2732154847E-05     0.8459020730E-03     0.2420869412E-07    -0.8504215393E+02     0.5189497021E+03     0.5607312685E+04
    0.8026455171E-03     0.5028433413E-03     0.2743737279E-05     0.8438913150E-03     0.2431489912E-07    -0.8559625951E+02     0.5181136415E+03     0.5614220431E+04
    0.8022412010E-03     0.5020931976E-03     0.2755186532E-05     0.8419128841E-03     0.2442043510E-07    -0.8614941792E+02     0.5172579785E+03     0.5621039365E+04
    0.8018414907E-03     0.5013528964E-03     0.2766495427E-05     0.8399644974E-03     0.2452520965E-07    -0.8670182899E+02     0.5163828087E+03     0.5627769534E+04
    0.8014476413E-03     0.5006231719E-03     0.2777667849E-05     0.8380472414E-03     0.2462922937E-07    -0.8725386120E+02     0.5154882306E+03     0.5634411080E+04
    0.8010601497E-03     0.4999042689E-03     0.2788705518E-05     0.8361613618E-03     0.2473248275E-07    -0.8780541229E+02     0.5145743211E+03     0.5640964510E+04
    0.8006787343E-03     0.4991959710E-03     0.2799606899E-05     0.8343063663E-03     0.2483493007E-07    -0.8835626357E+02     0.5136412040E+03     0.5647429995E+04
    0.8003032161E-03     0.4984981128E-03     0.2810371200E-05     0.8324818303E-03     0.2493653923E-07    -0.8890629799E+02     0.5126889844E+03     0.5653807894E+04
    0.7999335455E-03     0.4978106096E-03     0.2820998164E-05     0.8306874636E-03     0.2503728373E-07    -0.8945542402E+02     0.5117177656E+03     0.5660098578E+04
    0.7995696797E-03     0.4971333805E-03     0.2831487616E-05     0.8289229824E-03     0.2513713865E-07    -0.9000354188E+02     0.5107276557E+03     0.5666302435E+04
    0.7992117108E-03     0.4964664283E-03     0.2841839941E-05     0.8271882415E-03     0.2523608493E-07    -0.9055050422E+02     0.5097187608E+03     0.5672419872E+04
    0.7988595778E-03     0.4958096713E-03     0.2852054758E-05     0.8254829698E-03     0.2533409725E-07    -0.9109611325E+02     0.5086912176E+03     0.5678451135E+04
    0.7985112379E-03     0.4951617763E-03     0.2862125230E-05     0.8238047823E-03     0.2543109416E-07    -0.9164073339E+02     0.5076451104E+03     0.5684396485E+04
    0.7981690007E-03     0.4945241219E-03     0.2872059813E-05     0.8221558246E-03     0.2552713056E-07    -0.9218463117E+02     0.5065805519E+03     0.5690256351E+04
    0.7978324535E-03     0.4938964069E-03     0.2881857055E-05     0.8205354585E-03     0.2562217387E-07    -0.9272752176E+02     0.5054976826E+03     0.5696031059E+04
    0.7975013900E-03     0.4932784576E-03     0.2891516313E-05     0.8189432567E-03     0.2571619938E-07    -0.9326925684E+02     0.5043966459E+03     0.5701720952E+04
    0.7971756824E-03     0.4926701281E-03     0.2901037824E-05     0.8173788101E-03     0.2580919135E-07    -0.9380976744E+02     0.5032775320E+03     0.5707326669E+04
    0.7968552721E-03     0.4920713257E-03     0.2910421857E-05     0.8158418128E-03     0.2590113476E-07    -0.9434898784E+02     0.5021404573E+03     0.5712848718E+04
    0.7965401061E-03     0.4914819612E-03     0.2919668754E-05     0.8143319646E-03     0.2599201595E-07    -0.9488685030E+02     0.5009855411E+03     0.5718287615E+04
    0.7962302083E-03     0.4909020020E-03     0.2928778945E-05     0.8128490716E-03     0.2608182246E-07    -0.9542325257E+02     0.4998129299E+03     0.5723643763E+04
    0.7959256403E-03     0.4903314380E-03     0.2937753070E-05     0.8113929757E-03     0.2617054435E-07    -0.9595804067E+02     0.4986227750E+03     0.5728917589E+04
    0.7956259719E-03     0.4897699368E-03     0.2946590500E-05     0.8099629605E-03     0.2625816143E-07    -0.9649115187E+02     0.4974151688E+03     0.5734109721E+04
    0.7953301880E-03     0.4892168166E-03     0.2955288200E-05     0.8085577464E-03     0.2634463243E-07    -0.9702288854E+02     0.4961902331E+03     0.5739220479E+04
    0.7950398269E-03     0.4886729757E-03     0.2963852406E-05     0.8071786775E-03     0.2642999905E-07    -0.9755338195E+02     0.4949481210E+03     0.5744250328E+04
    0.7947545455E-03     0.4881381528E-03     0.2972282458E-05     0.8058251790E-03     0.2651424207E-07    -0.9808240214E+02     0.4936889878E+03     0.5749199762E+04
    0.7944741717E-03     0.4876121832E-03     0.2980578610E-05     0.8044968245E-03     0.2659735120E-07    -0.9860984080E+02     0.4924129591E+03     0.5754069402E+04
    0.7941985924E-03     0.4870949303E-03     0.2988741587E-05     0.8031932239E-03     0.2667932110E-07    -0.9913564461E+02     0.4911201304E+03     0.5758859992E+04
    0.7939277575E-03     0.4865863130E-03     0.2996771950E-05     0.8019141009E-03     0.2676014506E-07    -0.9965975162E+02     0.4898106564E+03     0.5763572051E+04
    0.7936615958E-03     0.4860862365E-03     0.3004670233E-05     0.8006591563E-03     0.2683981664E-07    -0.1001821061E+03     0.4884846966E+03     0.5768206118E+04
    0.7934000727E-03     0.4855946201E-03     0.3012437366E-05     0.7994281033E-03     0.2691833365E-07    -0.1007026614E+03     0.4871423770E+03     0.5772762853E+04
    0.7931431487E-03     0.4851113803E-03     0.3020074295E-05     0.7982206513E-03     0.2699569455E-07    -0.1012213598E+03     0.4857838261E+03     0.5777242927E+04
    0.7928908453E-03     0.4846364706E-03     0.3027582231E-05     0.7970365711E-03     0.2707190063E-07    -0.1017381158E+03     0.4844091701E+03     0.5781647020E+04
    0.7926432506E-03     0.4841698925E-03     0.3034962480E-05     0.7958757220E-03     0.2714695433E-07    -0.1022527713E+03     0.4830185691E+03     0.5785975725E+04
    0.7923993654E-03     0.4837109830E-03     0.3042212226E-05     0.7947368707E-03     0.2722082162E-07    -0.1027654037E+03     0.4816121826E+03     0.5790229488E+04
    0.7921595893E-03     0.4832599335E-03     0.3049334026E-05     0.7936201887E-03     0.2729351698E-07    -0.1032762478E+03     0.4801901730E+03     0.5794408800E+04
    0.7919244043E-03     0.4828169705E-03     0.3056331167E-05     0.7925258878E-03     0.2736506224E-07    -0.1037852792E+03     0.4787526372E+03     0.5798514494E+04
    0.7916935895E-03     0.4823818991E-03     0.3063204073E-05     0.7914534966E-03     0.2743545380E-07    -0.1042923519E+03     0.4772997023E+03     0.5802547301E+04
    0.7914670187E-03     0.4819545888E-03     0.3069953385E-05     0.7904026588E-03     0.2750469018E-07    -0.1047973796E+03     0.4758315302E+03     0.5806507867E+04
    0.7912446192E-03     0.4815349414E-03     0.3076579986E-05     0.7893730710E-03     0.2757277246E-07    -0.1053003041E+03     0.4743482818E+03     0.5810396847E+04
    0.7910263234E-03     0.4811228614E-03     0.3083084812E-05     0.7883644344E-03     0.2763970260E-07    -0.1058010790E+03     0.4728501201E+03     0.5814214910E+04
    0.7908120642E-03     0.4807182409E-03     0.3089469158E-05     0.7873764156E-03     0.2770548647E-07    -0.1062996843E+03     0.4713371396E+03     0.5817962902E+04
    0.7906018064E-03     0.4803210042E-03     0.3095734136E-05     0.7864087500E-03     0.2777012830E-07    -0.1067960787E+03     0.4698095002E+03     0.5821641503E+04
    0.7903954941E-03     0.4799310686E-03     0.3101880647E-05     0.7854611680E-03     0.2783363061E-07    -0.1072902115E+03     0.4682673990E+03     0.5825251323E+04
    0.7901930701E-03     0.4795483325E-03     0.3107910085E-05     0.7845333493E-03     0.2789600121E-07    -0.1077820630E+03     0.4667109297E+03     0.5828793223E+04
    0.7899945126E-03     0.4791727276E-03     0.3113823688E-05     0.7836250427E-03     0.2795724647E-07    -0.1082715859E+03     0.4651402516E+03     0.5832267909E+04
    0.7897997834E-03     0.4788041754E-03     0.3119622653E-05     0.7827359807E-03     0.2801737272E-07    -0.1087587229E+03     0.4635555276E+03     0.5835676097E+04
    0.7896089006E-03     0.4784426261E-03     0.3125308568E-05     0.7818659370E-03     0.2807639028E-07    -0.1092434004E+03     0.4619568824E+03     0.5839018586E+04
    0.7894219364E-03     0.4780880626E-03     0.3130883242E-05     0.7810147399E-03     0.2813431175E-07    -0.1097254863E+03     0.4603444419E+03     0.5842296183E+04
    0.7892377037E-03     0.4777397109E-03     0.3136343359E-05     0.7801809885E-03     0.2819110380E-07    -0.1102051474E+03     0.4587183635E+03     0.5845509412E+04
    0.7890573245E-03     0.4773982002E-03     0.3141694632E-05     0.7793655802E-03     0.2824681429E-07    -0.1106825487E+03     0.4570788441E+03     0.5848658931E+04
    0.7888806503E-03     0.4770633795E-03     0.3146938028E-05     0.7785681271E-03     0.2830144904E-07    -0.1111575511E+03     0.4554260076E+03     0.5851745567E+04
    0.7887075366E-03     0.4767351008E-03     0.3152074537E-05     0.7777882475E-03     0.2835501427E-07    -0.1116300709E+03     0.4537599768E+03     0.5854770143E+04
    0.7885379039E-03     0.4764132604E-03     0.3157105287E-05     0.7770256385E-03     0.2840751757E-07    -0.1121000527E+03     0.4520809086E+03     0.5857733416E+04
    0.7883716852E-03     0.4760977621E-03     0.3162031474E-05     0.7762800105E-03     0.2845896730E-07    -0.1125674567E+03     0.4503889610E+03     0.5860636148E+04
    0.7882088316E-03     0.4757885205E-03     0.3166854380E-05     0.7755510922E-03     0.2850937285E-07    -0.1130322494E+03     0.4486842900E+03     0.5863479107E+04
    0.7880492805E-03     0.4754854378E-03     0.3171575355E-05     0.7748385884E-03     0.2855874461E-07    -0.1134944102E+03     0.4469670164E+03     0.5866263122E+04
    0.7878929910E-03     0.4751884291E-03     0.3176195841E-05     0.7741422268E-03     0.2860709391E-07    -0.1139539186E+03     0.4452372570E+03     0.5868989021E+04
    0.7877399176E-03     0.4748974162E-03     0.3180717042E-05     0.7734617557E-03     0.2865442993E-07    -0.1144107362E+03     0.4434952025E+03     0.5871657517E+04
    0.7875900083E-03     0.4746123120E-03     0.3185140263E-05     0.7727969054E-03     0.2870076302E-07    -0.1148648354E+03     0.4417410073E+03     0.5874269388E+04
    0.7874432141E-03     0.4743330273E-03     0.3189466927E-05     0.7721474001E-03     0.2874610497E-07    -0.1153161988E+03     0.4399747867E+03     0.5876825466E+04
    0.7872994932E-03     0.4740594817E-03     0.3193698385E-05     0.7715129835E-03     0.2879046690E-07    -0.1157647991E+03     0.4381966918E+03     0.5879326528E+04
    0.7871587950E-03     0.4737915895E-03     0.3197835957E-05     0.7708933921E-03     0.2883385983E-07    -0.1162106103E+03     0.4364068738E+03     0.5881773355E+04
    0.7870210790E-03     0.4735292712E-03     0.3201881005E-05     0.7702883734E-03     0.2887629534E-07    -0.1166536063E+03     0.4346054818E+03     0.5884166726E+04
    0.7868862964E-03     0.4732724424E-03     0.3205834864E-05     0.7696976683E-03     0.2891778485E-07    -0.1170937614E+03     0.4327926653E+03     0.5886507423E+04
    0.7867544035E-03     0.4730210184E-03     0.3209698976E-05     0.7691210151E-03     0.2895834107E-07    -0.1175310572E+03     0.4309685344E+03     0.5888796277E+04
    0.7866253680E-03     0.4727749251E-03     0.3213474735E-05     0.7685581744E-03     0.2899797624E-07    -0.1179654631E+03     0.4291332346E+03     0.5891034065E+04
    0.7864991590E-03     0.4725340897E-03     0.3217163541E-05     0.7680089101E-03     0.2903670277E-07    -0.1183969410E+03     0.4272869122E+03     0.5893221568E+04
    0.7863757772E-03     0.4722984583E-03     0.3220766921E-05     0.7674730182E-03     0.2907453436E-07    -0.1188254343E+03     0.4254297107E+03     0.5895359567E+04
    0.7862552565E-03     0.4720680004E-03     0.3224286454E-05     0.7669503371E-03     0.2911148514E-07    -0.1192508417E+03     0.4235618115E+03     0.5897448802E+04
    0.7861367836E-03     0.4718421705E-03     0.3227720403E-05     0.7664398638E-03     0.2914753967E-07    -0.1196732994E+03     0.4216833196E+03     0.5899489939E+04
    0.7860211686E-03     0.4716213985E-03     0.3231073664E-05     0.7659421816E-03     0.2918274240E-07    -0.1200929257E+03     0.4197943367E+03     0.5901483801E+04
    0.7859082313E-03     0.4714055261E-03     0.3234346916E-05     0.7654569257E-03     0.2921709957E-07    -0.1205095968E+03     0.4178950409E+03     0.5903431129E+04
    0.7857978730E-03     0.4711944408E-03     0.3237541243E-05     0.7649838039E-03     0.2925062127E-07    -0.1209232578E+03     0.4159855714E+03     0.5905332699E+04
    0.7856900355E-03     0.4709880550E-03     0.3240657895E-05     0.7645225661E-03     0.2928331911E-07    -0.1213338761E+03     0.4140660650E+03     0.5907189281E+04
    0.7855846596E-03     0.4707862778E-03     0.3243698176E-05     0.7640729561E-03     0.2931520535E-07    -0.1217414363E+03     0.4121366203E+03     0.5909001682E+04
    0.7854817185E-03     0.4705890440E-03     0.3246663380E-05     0.7636347654E-03     0.2934629200E-07    -0.1221459093E+03     0.4101974078E+03     0.5910770626E+04
    0.7853811544E-03     0.4703962696E-03     0.3249554667E-05     0.7632077570E-03     0.2937658991E-07    -0.1225472696E+03     0.4082486030E+03     0.5912496841E+04
    0.7852829269E-03     0.4702078735E-03     0.3252373462E-05     0.7627916928E-03     0.2940611262E-07    -0.1229455154E+03     0.4062902597E+03     0.5914181152E+04
    0.7851870043E-03     0.4700237883E-03     0.3255121013E-05     0.7623863654E-03     0.2943487182E-07    -0.1233406214E+03     0.4043225460E+03     0.5915824275E+04
    0.7850933341E-03     0.4698439317E-03     0.3257798541E-05     0.7619915428E-03     0.2946287907E-07    -0.1237325715E+03     0.4023455939E+03     0.5917426959E+04
    0.7850018881E-03     0.4696682363E-03     0.3260407353E-05     0.7616070187E-03     0.2949014671E-07    -0.1241213494E+03     0.4003595294E+03     0.5918989945E+04
    0.7849126197E-03     0.4694966267E-03     0.3262948614E-05     0.7612325769E-03     0.2951668572E-07    -0.1245069324E+03     0.3983645204E+03     0.5920513939E+04
    0.7848254886E-03     0.4693290265E-03     0.3265423614E-05     0.7608679978E-03     0.2954250838E-07    -0.1248893132E+03     0.3963606534E+03     0.5921999706E+04
    0.7847404597E-03     0.4691653655E-03     0.3267833594E-05     0.7605130754E-03     0.2956762639E-07    -0.1252684770E+03     0.3943480518E+03     0.5923447968E+04
    0.7846574955E-03     0.4690055747E-03     0.3270179717E-05     0.7601676088E-03     0.2959205070E-07    -0.1256444021E+03     0.3923268781E+03     0.5924859420E+04
    0.7845765544E-03     0.4688495806E-03     0.3272463168E-05     0.7598313897E-03     0.2961579250E-07    -0.1260170752E+03     0.3902972550E+03     0.5926234777E+04
    0.7844976022E-03     0.4686973148E-03     0.3274685149E-05     0.7595042194E-03     0.2963886307E-07    -0.1263864830E+03     0.3882593020E+03     0.5927574746E+04
    0.7844205981E-03     0.4685487052E-03     0.3276846813E-05     0.7591858954E-03     0.2966127326E-07    -0.1267526128E+03     0.3862131390E+03     0.5928880031E+04
    0.7843455090E-03     0.4684036850E-03     0.3278949332E-05     0.7588762250E-03     0.2968303397E-07    -0.1271154520E+03     0.3841588829E+03     0.5930151327E+04
    0.7842722993E-03     0.4682621881E-03     0.3280993800E-05     0.7585750198E-03     0.2970415536E-07    -0.1274749817E+03     0.3820966899E+03     0.5931389298E+04
    0.7842009295E-03     0.4681241446E-03     0.3282981324E-05     0.7582820854E-03     0.2972464765E-07    -0.1278311906E+03     0.3800266760E+03     0.5932594627E+04
    0.7841313633E-03     0.4679894853E-03     0.3284913048E-05     0.7579972287E-03     0.2974452139E-07    -0.1281840742E+03     0.3779489149E+03     0.5933768012E+04
    0.7840635734E-03     0.4678581505E-03     0.3286790044E-05     0.7577202765E-03     0.2976378630E-07    -0.1285336146E+03     0.3758635575E+03     0.5934910098E+04
    0.7839975192E-03     0.4677300729E-03     0.3288613311E-05     0.7574510446E-03     0.2978245136E-07    -0.1288797948E+03     0.3737707564E+03     0.5936021524E+04
    0.7839331698E-03     0.4676051896E-03     0.3290383909E-05     0.7571893563E-03     0.2980052608E-07    -0.1292226051E+03     0.3716706207E+03     0.5937102943E+04
    0.7838704881E-03     0.4674834347E-03     0.3292102850E-05     0.7569350317E-03     0.2981801939E-07    -0.1295620359E+03     0.3695632599E+03     0.5938155002E+04
    0.7838094441E-03     0.4673647470E-03     0.3293771148E-05     0.7566878999E-03     0.2983494016E-07    -0.1298980778E+03     0.3674487804E+03     0.5939178339E+04
    0.7837500055E-03     0.4672490661E-03     0.3295389750E-05     0.7564477941E-03     0.2985129649E-07    -0.1302307156E+03     0.3653273282E+03     0.5940173565E+04
    0.7836921367E-03     0.4671363284E-03     0.3296959598E-05     0.7562145427E-03     0.2986709636E-07    -0.1305599409E+03     0.3631990091E+03     0.5941141302E+04
    0.7836358089E-03     0.4670264750E-03     0.3298481636E-05     0.7559879834E-03     0.2988234764E-07    -0.1308857455E+03     0.3610639255E+03     0.5942082165E+04
    0.7835809911E-03     0.4669194477E-03     0.3299956740E-05     0.7557679573E-03     0.2989705739E-07    -0.1312081153E+03     0.3589222201E+03     0.5942996744E+04
    0.7835276491E-03     0.4668151853E-03     0.3301385776E-05     0.7555543014E-03     0.2991123248E-07    -0.1315270432E+03     0.3567739945E+03     0.5943885636E+04
    0.7834757588E-03     0.4667136347E-03     0.3302769593E-05     0.7553468682E-03     0.2992487945E-07    -0.1318425159E+03     0.3546193874E+03     0.5944749415E+04
    0.7834252772E-03     0.4666147294E-03     0.3304108988E-05     0.7551454881E-03     0.2993800427E-07    -0.1321545330E+03     0.3524584601E+03     0.5945588680E+04
    0.7833761934E-03     0.4665184250E-03     0.3305404804E-05     0.7549500306E-03     0.2995061306E-07    -0.1324630815E+03     0.3502913454E+03     0.5946403989E+04
    0.7833284604E-03     0.4664246565E-03     0.3306657697E-05     0.7547603331E-03     0.2996271013E-07    -0.1327681500E+03     0.3481181848E+03     0.5947195890E+04
    0.7832820645E-03     0.4663333776E-03     0.3307868461E-05     0.7545762641E-03     0.2997430083E-07    -0.1330697323E+03     0.3459390693E+03     0.5947964943E+04
    0.7832369662E-03     0.4662445286E-03     0.3309037717E-05     0.7543976725E-03     0.2998538877E-07    -0.1333678174E+03     0.3437541365E+03     0.5948711680E+04
    0.7831931438E-03     0.4661580586E-03     0.3310166172E-05     0.7542244213E-03     0.2999597815E-07    -0.1336624048E+03     0.3415634367E+03     0.5949436656E+04
    0.7831505725E-03     0.4660739177E-03     0.3311254432E-05     0.7540563783E-03     0.3000607201E-07    -0.1339534818E+03     0.3393671020E+03     0.5950140390E+04
    0.7831092310E-03     0.4659920586E-03     0.3312303076E-05     0.7538934165E-03     0.3001567297E-07    -0.1342410338E+03     0.3371652634E+03     0.5950823390E+04
    0.7830691054E-03     0.4659124390E-03     0.3313312676E-05     0.7537354182E-03     0.3002478335E-07    -0.1345250405E+03     0.3349580510E+03     0.5951486161E+04
    0.7830301923E-03     0.4658350211E-03     0.3314283843E-05     0.7535822736E-03     0.3003340561E-07    -0.1348054783E+03     0.3327455138E+03     0.5952129226E+04
    0.7829922725E-03     0.4657596417E-03     0.3315216183E-05     0.7534336721E-03     0.3004153286E-07    -0.1350823739E+03     0.3305277760E+03     0.5952753017E+04
    0.7829554753E-03     0.4656863461E-03     0.3316110707E-05     0.7532896423E-03     0.3004917072E-07    -0.1353557687E+03     0.3283050082E+03     0.5953357988E+04
    0.7829198174E-03     0.4656151103E-03     0.3316967953E-05     0.7531501007E-03     0.3005632026E-07    -0.1356256500E+03     0.3260772545E+03     0.5953944638E+04
    0.7828852476E-03     0.4655458717E-03     0.3317788096E-05     0.7530149026E-03     0.3006297903E-07    -0.1358919945E+03     0.3238445981E+03     0.5954513442E+04
    0.7828517312E-03     0.4654785790E-03     0.3318571308E-05     0.7528839237E-03     0.3006914427E-07    -0.1361547876E+03     0.3216071626E+03     0.5955064857E+04
    0.7828192408E-03     0.4654131855E-03     0.3319317729E-05     0.7527570483E-03     0.3007481273E-07    -0.1364140200E+03     0.3193650710E+03     0.5955599331E+04
    0.7827877515E-03     0.4653496465E-03     0.3320027448E-05     0.7526341651E-03     0.3007998044E-07    -0.1366696846E+03     0.3171184452E+03     0.5956117304E+04
    0.7827572366E-03     0.4652879165E-03     0.3320700494E-05     0.7525151620E-03     0.3008464264E-07    -0.1369217799E+03     0.3148673662E+03     0.5956619218E+04
    0.7827276755E-03     0.4652279535E-03     0.3321336844E-05     0.7523999342E-03     0.3008879386E-07    -0.1371703046E+03     0.3126119120E+03     0.5957105505E+04
    0.7826990481E-03     0.4651697184E-03     0.3321936377E-05     0.7522883831E-03     0.3009242755E-07    -0.1374152488E+03     0.3103522419E+03     0.5957576573E+04
    0.7826713225E-03     0.4651131633E-03     0.3322498875E-05     0.7521803959E-03     0.3009553602E-07    -0.1376566169E+03     0.3080883958E+03     0.5958032847E+04
    0.7826444907E-03     0.4650582564E-03     0.3323024109E-05     0.7520758881E-03     0.3009811128E-07    -0.1378944037E+03     0.3058204856E+03     0.5958474728E+04
    0.7826185201E-03     0.4650049528E-03     0.3323511642E-05     0.7519747548E-03     0.3010014336E-07    -0.1381286011E+03     0.3035486733E+03     0.5958902599E+04
    0.7825933938E-03     0.4649532150E-03     0.3323961034E-05     0.7518769037E-03     0.3010162199E-07    -0.1383592139E+03     0.3012729908E+03     0.5959316860E+04
    0.7825690910E-03     0.4649030056E-03     0.3324371701E-05     0.7517822438E-03     0.3010253550E-07    -0.1385862385E+03     0.2989935529E+03     0.5959717890E+04
    0.7825455912E-03     0.4648542876E-03     0.3324742948E-05     0.7516906862E-03     0.3010287111E-07    -0.1388096717E+03     0.2967104735E+03     0.5960106058E+04
    0.7825228720E-03     0.4648070231E-03     0.3325073956E-05     0.7516021410E-03     0.3010261484E-07    -0.1390295149E+03     0.2944238257E+03     0.5960481732E+04
    0.7825009178E-03     0.4647611791E-03     0.3325363796E-05     0.7515165277E-03     0.3010175168E-07    -0.1392457654E+03     0.2921337202E+03     0.5960845267E+04
    0.7824797050E-03     0.4647167187E-03     0.3325611366E-05     0.7514337601E-03     0.3010026511E-07    -0.1394584215E+03     0.2898402705E+03     0.5961197012E+04
    0.7824592161E-03     0.4646736085E-03     0.3325815445E-05     0.7513537588E-03     0.3009813756E-07    -0.1396674851E+03     0.2875435454E+03     0.5961537312E+04
    0.7824394323E-03     0.4646318154E-03     0.3325974640E-05     0.7512764456E-03     0.3009535007E-07    -0.1398729549E+03     0.2852436552E+03     0.5961866501E+04
    0.7824203347E-03     0.4645913070E-03     0.3326087387E-05     0.7512017448E-03     0.3009188238E-07    -0.1400748299E+03     0.2829407094E+03     0.5962184906E+04
    0.7824019029E-03     0.4645520499E-03     0.3326151932E-05     0.7511295792E-03     0.3008771273E-07    -0.1402731132E+03     0.2806347764E+03     0.5962492851E+04
    0.7823841222E-03     0.4645140154E-03     0.3326166343E-05     0.7510598809E-03     0.3008281824E-07    -0.1404678043E+03     0.2783259627E+03     0.5962790651E+04
    0.7823669730E-03     0.4644771727E-03     0.3326128455E-05     0.7509925790E-03     0.3007717454E-07    -0.1406588999E+03     0.2760144178E+03     0.5963078606E+04
    0.7823504334E-03     0.4644414890E-03     0.3326035867E-05     0.7509276001E-03     0.3007075551E-07    -0.1408464077E+03     0.2737001680E+03     0.5963357028E+04
    0.7823344910E-03     0.4644069382E-03     0.3325885964E-05     0.7508648824E-03     0.3006353392E-07    -0.1410303314E+03     0.2713832752E+03     0.5963626213E+04
    0.7823191282E-03     0.4643734931E-03     0.3325675852E-05     0.7508043639E-03     0.3005548134E-07    -0.1412106656E+03     0.2690639277E+03     0.5963886442E+04
    0.7823043206E-03     0.4643411211E-03     0.3325402318E-05     0.7507459738E-03     0.3004656717E-07    -0.1413874186E+03     0.2667421514E+03     0.5964138004E+04
    0.7822900605E-03     0.4643098014E-03     0.3325061908E-05     0.7506896613E-03     0.3003676019E-07    -0.1415605922E+03     0.2644180451E+03     0.5964381177E+04
    0.7822763218E-03     0.4642795030E-03     0.3324650779E-05     0.7506353605E-03     0.3002602736E-07    -0.1417301864E+03     0.2620917585E+03     0.5964616225E+04
    0.7822630887E-03     0.4642502005E-03     0.3324164748E-05     0.7505830145E-03     0.3001433412E-07    -0.1418962115E+03     0.2597633104E+03     0.5964843422E+04
    0.7822503401E-03     0.4642218669E-03     0.3323599241E-05     0.7505325650E-03     0.3000164470E-07    -0.1420586737E+03     0.2574328033E+03     0.5965063027E+04
    0.7822380511E-03     0.4641944742E-03     0.3322949268E-05     0.7504839525E-03     0.2998792221E-07    -0.1422175817E+03     0.2551003797E+03     0.5965275289E+04
    0.7822261784E-03     0.4641679830E-03     0.3322209301E-05     0.7504371003E-03     0.2997312752E-07    -0.1423729615E+03     0.2527661028E+03     0.5965480459E+04
    0.7822146593E-03     0.4641423434E-03     0.3321373241E-05     0.7503919149E-03     0.2995721956E-07    -0.1425248643E+03     0.2504300295E+03     0.5965678781E+04
    0.7822033594E-03     0.4641174642E-03     0.3320434202E-05     0.7503482371E-03     0.2994015416E-07    -0.1426733954E+03     0.2480923029E+03     0.5965870475E+04
    0.7821919914E-03     0.4640931637E-03     0.3319384067E-05     0.7503057619E-03     0.2992188003E-07    -0.1428188027E+03     0.2457529831E+03     0.5966055749E+04
    0.7821799176E-03     0.4640690535E-03     0.3318212652E-05     0.7502638508E-03     0.2990233215E-07    -0.1429616486E+03     0.2434121692E+03     0.5966234756E+04
    0.7821656732E-03     0.4640442551E-03     0.3316905636E-05     0.7502210739E-03     0.2988141370E-07    -0.1431032324E+03     0.2410699651E+03     0.5966407547E+04
    0.7821458915E-03     0.4640167625E-03     0.3315439936E-05     0.7501741786E-03     0.2985895497E-07    -0.1432465632E+03     0.2387264340E+03     0.5966573933E+04
    0.7821127841E-03     0.4639819479E-03     0.3313773073E-05     0.7501156751E-03     0.2983461876E-07    -0.1433986092E+03     0.2363816903E+03     0.5966733168E+04
    0.7820483136E-03     0.4639291049E-03     0.3311818505E-05     0.7500282467E-03     0.2980767942E-07    -0.1435755264E+03     0.2340358688E+03     0.5966883226E+04
    0.7819106860E-03     0.4638334367E-03     0.3309388637E-05     0.7498717977E-03     0.2977651144E-07    -0.1438147790E+03     0.2316891534E+03     0.5967019105E+04
    0.7816030861E-03     0.4636375122E-03     0.3306063097E-05     0.7495534746E-03     0.2973740695E-07    -0.1442032284E+03     0.2293418412E+03     0.5967128887E+04
    0.7809015039E-03     0.4632084583E-03     0.3300884985E-05     0.7488584592E-03     0.2968184792E-07    -0.1449421746E+03     0.2269944521E+03     0.5967184489E+04
    0.7792891558E-03     0.4622397555E-03     0.3291664984E-05     0.7472912056E-03     0.2959025770E-07    -0.1464975379E+03     0.2246481535E+03     0.5967119741E+04
    0.7755819949E-03     0.4600291322E-03     0.3273409265E-05     0.7437163679E-03     0.2941788528E-07    -0.1499447818E+03     0.2223055170E+03     0.5966777033E+04
    0.7671099344E-03     0.4549929676E-03     0.3234886940E-05     0.7355737524E-03     0.2906398841E-07    -0.1577510018E+03     0.2199722564E+03     0.5965770589E+04
    0.7480695953E-03     0.4436893743E-03     0.3151736358E-05     0.7172989642E-03     0.2830994935E-07    -0.1754956144E+03     0.2176611955E+03     0.5963104896E+04
