1128
-0.50000000000000E+00
-0.49000000000000E+00
-0.48000000000000E+00
-0.47000000000000E+00
-0.46025000000000E+00
-0.45074400000000E+00
-0.44147500000000E+00
-0.43243800000000E+00
-0.42362700000000E+00
-0.41503700000000E+00
-0.40666100000000E+00
-0.39849400000000E+00
-0.39053200000000E+00
-0.38276900000000E+00
-0.37519900000000E+00
-0.36781900000000E+00
-0.36062400000000E+00
-0.35360800000000E+00
-0.34676800000000E+00
-0.34009900000000E+00
-0.33359600000000E+00
-0.32725600000000E+00
-0.32107500000000E+00
-0.31504800000000E+00
-0.30917200000000E+00
-0.30344300000000E+00
-0.29785700000000E+00
-0.29241000000000E+00
-0.28710000000000E+00
-0.28192200000000E+00
-0.27687400000000E+00
-0.27195300000000E+00
-0.26715400000000E+00
-0.26247500000000E+00
-0.25791300000000E+00
-0.25346500000000E+00
-0.24912900000000E+00
-0.24490000000000E+00
-0.24077800000000E+00
-0.23675800000000E+00
-0.23283900000000E+00
-0.22901800000000E+00
-0.22529300000000E+00
-0.22166100000000E+00
-0.21811900000000E+00
-0.21466600000000E+00
-0.21130000000000E+00
-0.20801700000000E+00
-0.20481700000000E+00
-0.20169600000000E+00
-0.19865400000000E+00
-0.19568700000000E+00
-0.19279500000000E+00
-0.18997500000000E+00
-0.18722600000000E+00
-0.18454500000000E+00
-0.18193200000000E+00
-0.17938300000000E+00
-0.17689900000000E+00
-0.17447600000000E+00
-0.17211400000000E+00
-0.16981200000000E+00
-0.16756600000000E+00
-0.16537700000000E+00
-0.16324300000000E+00
-0.16116200000000E+00
-0.15913300000000E+00
-0.15715400000000E+00
-0.15522500000000E+00
-0.15334500000000E+00
-0.15151100000000E+00
-0.14972300000000E+00
-0.14798000000000E+00
-0.14628100000000E+00
-0.14462400000000E+00
-0.14300800000000E+00
-0.14143300000000E+00
-0.13989700000000E+00
-0.13840000000000E+00
-0.13694000000000E+00
-0.13551600000000E+00
-0.13412800000000E+00
-0.13277500000000E+00
-0.13145600000000E+00
-0.13016900000000E+00
-0.12891500000000E+00
-0.12769200000000E+00
-0.12650000000000E+00
-0.12533700000000E+00
-0.12420400000000E+00
-0.12309900000000E+00
-0.12202100000000E+00
-0.12097100000000E+00
-0.11994700000000E+00
-0.11894800000000E+00
-0.11797400000000E+00
-0.11702500000000E+00
-0.11609900000000E+00
-0.11519700000000E+00
-0.11431700000000E+00
-0.11345900000000E+00
-0.11262200000000E+00
-0.11180700000000E+00
-0.11101200000000E+00
-0.11023600000000E+00
-0.10948100000000E+00
-0.10874400000000E+00
-0.10802500000000E+00
-0.10732400000000E+00
-0.10664100000000E+00
-0.10597500000000E+00
-0.10532600000000E+00
-0.10469300000000E+00
-0.10407500000000E+00
-0.10347300000000E+00
-0.10288700000000E+00
-0.10231400000000E+00
-0.10175700000000E+00
-0.10121300000000E+00
-0.10068200000000E+00
-0.10016500000000E+00
-0.99661200000000E-01
-0.99161200000000E-01
-0.98661200000000E-01
-0.98161200000000E-01
-0.97661200000000E-01
-0.97161200000000E-01
-0.96661200000000E-01
-0.96161200000000E-01
-0.95661200000000E-01
-0.95161200000000E-01
-0.94661200000000E-01
-0.94161200000000E-01
-0.93661200000000E-01
-0.93161200000000E-01
-0.92661200000000E-01
-0.92161200000000E-01
-0.91661200000000E-01
-0.91161200000000E-01
-0.90661200000000E-01
-0.90161200000000E-01
-0.89661200000000E-01
-0.89161200000000E-01
-0.88661200000000E-01
-0.88161200000000E-01
-0.87661200000000E-01
-0.87161200000000E-01
-0.86661200000000E-01
-0.86161200000000E-01
-0.85661200000000E-01
-0.85161200000000E-01
-0.84661200000000E-01
-0.84161200000000E-01
-0.83661200000000E-01
-0.83161200000000E-01
-0.82661200000000E-01
-0.82161200000000E-01
-0.81661200000000E-01
-0.81161200000000E-01
-0.80661200000000E-01
-0.80161200000000E-01
-0.79661200000000E-01
-0.79161200000000E-01
-0.78661200000000E-01
-0.78161200000000E-01
-0.77661200000000E-01
-0.77161200000000E-01
-0.76661200000000E-01
-0.76161200000000E-01
-0.75661200000000E-01
-0.75161200000000E-01
-0.74661200000000E-01
-0.74161200000000E-01
-0.73661200000000E-01
-0.73161200000000E-01
-0.72661200000000E-01
-0.72161200000000E-01
-0.71661200000000E-01
-0.71161200000000E-01
-0.70661200000000E-01
-0.70161200000000E-01
-0.69661200000000E-01
-0.69161200000000E-01
-0.68661200000000E-01
-0.68161200000000E-01
-0.67661200000000E-01
-0.67161200000000E-01
-0.66661200000000E-01
-0.66161200000000E-01
-0.65661200000000E-01
-0.65161200000000E-01
-0.64661200000000E-01
-0.64161200000000E-01
-0.63661200000000E-01
-0.63161200000000E-01
-0.62661200000000E-01
-0.62161200000000E-01
-0.61661200000000E-01
-0.61161200000000E-01
-0.60661200000000E-01
-0.60161200000000E-01
-0.59661200000000E-01
-0.59161200000000E-01
-0.58661200000000E-01
-0.58161200000000E-01
-0.57661200000000E-01
-0.57161200000000E-01
-0.56661200000000E-01
-0.56161200000000E-01
-0.55661200000000E-01
-0.55161200000000E-01
-0.54661200000000E-01
-0.54161200000000E-01
-0.53661200000000E-01
-0.53161200000000E-01
-0.52661200000000E-01
-0.52161200000000E-01
-0.51661200000000E-01
-0.51161200000000E-01
-0.50661200000000E-01
-0.50161200000000E-01
-0.49661200000000E-01
-0.49161200000000E-01
-0.48661200000000E-01
-0.48161200000000E-01
-0.47661200000000E-01
-0.47161200000000E-01
-0.46661200000000E-01
-0.46161200000000E-01
-0.45661200000000E-01
-0.45161200000000E-01
-0.44661200000000E-01
-0.44161200000000E-01
-0.43661200000000E-01
-0.43161200000000E-01
-0.42661200000000E-01
-0.42161200000000E-01
-0.41661200000000E-01
-0.41161200000000E-01
-0.40661200000000E-01
-0.40161200000000E-01
-0.39661200000000E-01
-0.39161200000000E-01
-0.38661200000000E-01
-0.38161200000000E-01
-0.37661200000000E-01
-0.37161200000000E-01
-0.36661200000000E-01
-0.36161200000000E-01
-0.35661200000000E-01
-0.35161200000000E-01
-0.34661200000000E-01
-0.34161200000000E-01
-0.33661200000000E-01
-0.33161200000000E-01
-0.32661200000000E-01
-0.32161200000000E-01
-0.31661200000000E-01
-0.31161200000000E-01
-0.30661200000000E-01
-0.30161200000000E-01
-0.29661200000000E-01
-0.29161200000000E-01
-0.28661200000000E-01
-0.28161200000000E-01
-0.27661200000000E-01
-0.27161200000000E-01
-0.26661200000000E-01
-0.26161200000000E-01
-0.25661200000000E-01
-0.25161200000000E-01
-0.24661200000000E-01
-0.24161200000000E-01
-0.23661200000000E-01
-0.23161200000000E-01
-0.22661200000000E-01
-0.22161200000000E-01
-0.21661200000000E-01
-0.21161200000000E-01
-0.20661200000000E-01
-0.20161200000000E-01
-0.19661200000000E-01
-0.19161200000000E-01
-0.18661200000000E-01
-0.18161200000000E-01
-0.17661200000000E-01
-0.17161200000000E-01
-0.16661200000000E-01
-0.16161200000000E-01
-0.15661200000000E-01
-0.15161200000000E-01
-0.14661200000000E-01
-0.14161200000000E-01
-0.13661200000000E-01
-0.13161200000000E-01
-0.12661200000000E-01
-0.12161200000000E-01
-0.11661200000000E-01
-0.11161200000000E-01
-0.10661200000000E-01
-0.10161200000000E-01
-0.96611700000000E-02
-0.91611700000000E-02
-0.86611700000000E-02
-0.81611700000000E-02
-0.76611700000000E-02
-0.71611700000000E-02
-0.66611700000000E-02
-0.61611700000000E-02
-0.56611700000000E-02
-0.51611700000000E-02
-0.46611700000000E-02
-0.41611700000000E-02
-0.36611700000000E-02
-0.31611700000000E-02
-0.26611700000000E-02
-0.21611700000000E-02
-0.16611700000000E-02
-0.11611700000000E-02
-0.66116600000000E-03
-0.16116600000000E-03
0.33883400000000E-03
0.83883400000000E-03
0.13388300000000E-02
0.18388300000000E-02
0.23388300000000E-02
0.28388300000000E-02
0.33388300000000E-02
0.38388300000000E-02
0.43388300000000E-02
0.48388300000000E-02
0.53388300000000E-02
0.58388300000000E-02
0.63388300000000E-02
0.68388300000000E-02
0.73388300000000E-02
0.78388300000000E-02
0.83388300000000E-02
0.88388300000000E-02
0.93388300000000E-02
0.98388300000000E-02
0.10338800000000E-01
0.10838800000000E-01
0.11338800000000E-01
0.11838800000000E-01
0.12338800000000E-01
0.12838800000000E-01
0.13338800000000E-01
0.13838800000000E-01
0.14338800000000E-01
0.14838800000000E-01
0.15338800000000E-01
0.15838800000000E-01
0.16338800000000E-01
0.16838800000000E-01
0.17338800000000E-01
0.17838800000000E-01
0.18338800000000E-01
0.18838800000000E-01
0.19338800000000E-01
0.19838800000000E-01
0.20338800000000E-01
0.20838800000000E-01
0.21338800000000E-01
0.21838800000000E-01
0.22338800000000E-01
0.22838800000000E-01
0.23338800000000E-01
0.23838800000000E-01
0.24338800000000E-01
0.24838800000000E-01
0.25338800000000E-01
0.25838800000000E-01
0.26338800000000E-01
0.26838800000000E-01
0.27338800000000E-01
0.27838800000000E-01
0.28338800000000E-01
0.28838800000000E-01
0.29338800000000E-01
0.29838800000000E-01
0.30338800000000E-01
0.30838800000000E-01
0.31338800000000E-01
0.31838800000000E-01
0.32338800000000E-01
0.32838800000000E-01
0.33338800000000E-01
0.33838800000000E-01
0.34338800000000E-01
0.34838800000000E-01
0.35338800000000E-01
0.35838800000000E-01
0.36338800000000E-01
0.36838800000000E-01
0.37338800000000E-01
0.37838800000000E-01
0.38338800000000E-01
0.38838800000000E-01
0.39338800000000E-01
0.39838800000000E-01
0.40338800000000E-01
0.40838800000000E-01
0.41338800000000E-01
0.41838800000000E-01
0.42338800000000E-01
0.42838800000000E-01
0.43338800000000E-01
0.43838800000000E-01
0.44338800000000E-01
0.44838800000000E-01
0.45338800000000E-01
0.45838800000000E-01
0.46338800000000E-01
0.46838800000000E-01
0.47338800000000E-01
0.47838800000000E-01
0.48338800000000E-01
0.48838800000000E-01
0.49338800000000E-01
0.49838800000000E-01
0.50338800000000E-01
0.50838800000000E-01
0.51338800000000E-01
0.51838800000000E-01
0.52338800000000E-01
0.52838800000000E-01
0.53338800000000E-01
0.53838800000000E-01
0.54338800000000E-01
0.54838800000000E-01
0.55338800000000E-01
0.55838800000000E-01
0.56338800000000E-01
0.56838800000000E-01
0.57338800000000E-01
0.57838800000000E-01
0.58338800000000E-01
0.58838800000000E-01
0.59338800000000E-01
0.59838800000000E-01
0.60338800000000E-01
0.60838800000000E-01
0.61338800000000E-01
0.61838800000000E-01
0.62338800000000E-01
0.62838800000000E-01
0.63338800000000E-01
0.63838800000000E-01
0.64338800000000E-01
0.64838800000000E-01
0.65338800000000E-01
0.65838800000000E-01
0.66338800000000E-01
0.66838800000000E-01
0.67338800000000E-01
0.67838800000000E-01
0.68338800000000E-01
0.68838800000000E-01
0.69338800000000E-01
0.69838800000000E-01
0.70338800000000E-01
0.70838800000000E-01
0.71338800000000E-01
0.71838800000000E-01
0.72338800000000E-01
0.72838800000000E-01
0.73338800000000E-01
0.73838800000000E-01
0.74338800000000E-01
0.74838800000000E-01
0.75338800000000E-01
0.75838800000000E-01
0.76338800000000E-01
0.76838800000000E-01
0.77338800000000E-01
0.77838800000000E-01
0.78338800000000E-01
0.78838800000000E-01
0.79338800000000E-01
0.79838800000000E-01
0.80338800000000E-01
0.80838800000000E-01
0.81338800000000E-01
0.81838800000000E-01
0.82338800000000E-01
0.82838800000000E-01
0.83338800000000E-01
0.83838800000000E-01
0.84338800000000E-01
0.84838800000000E-01
0.85338800000000E-01
0.85838800000000E-01
0.86338800000000E-01
0.86838800000000E-01
0.87338800000000E-01
0.87838800000000E-01
0.88338800000000E-01
0.88838800000000E-01
0.89338800000000E-01
0.89838800000000E-01
0.90338800000000E-01
0.90838800000000E-01
0.91338800000000E-01
0.91838800000000E-01
0.92338800000000E-01
0.92838800000000E-01
0.93338800000000E-01
0.93838800000000E-01
0.94338800000000E-01
0.94838800000000E-01
0.95338800000000E-01
0.95838800000000E-01
0.96338800000000E-01
0.96838800000000E-01
0.97338800000000E-01
0.97838800000000E-01
0.98338800000000E-01
0.98838800000000E-01
0.99338800000000E-01
0.99838800000000E-01
0.10033900000000E+00
0.10083900000000E+00
0.10133900000000E+00
0.10183900000000E+00
0.10233900000000E+00
0.10283900000000E+00
0.10333900000000E+00
0.10383900000000E+00
0.10433900000000E+00
0.10483900000000E+00
0.10533900000000E+00
0.10583900000000E+00
0.10633900000000E+00
0.10683900000000E+00
0.10733900000000E+00
0.10783900000000E+00
0.10833900000000E+00
0.10883900000000E+00
0.10933900000000E+00
0.10983900000000E+00
0.11033900000000E+00
0.11083900000000E+00
0.11133900000000E+00
0.11183900000000E+00
0.11233900000000E+00
0.11283900000000E+00
0.11333900000000E+00
0.11383900000000E+00
0.11433900000000E+00
0.11483900000000E+00
0.11533900000000E+00
0.11583900000000E+00
0.11633900000000E+00
0.11683900000000E+00
0.11733900000000E+00
0.11783900000000E+00
0.11833900000000E+00
0.11883900000000E+00
0.11933900000000E+00
0.11983900000000E+00
0.12033900000000E+00
0.12083900000000E+00
0.12133900000000E+00
0.12183900000000E+00
0.12233900000000E+00
0.12283900000000E+00
0.12333900000000E+00
0.12383900000000E+00
0.12433900000000E+00
0.12483900000000E+00
0.12533900000000E+00
0.12583900000000E+00
0.12633900000000E+00
0.12683900000000E+00
0.12733900000000E+00
0.12783900000000E+00
0.12833900000000E+00
0.12883900000000E+00
0.12933900000000E+00
0.12983900000000E+00
0.13033900000000E+00
0.13083900000000E+00
0.13133900000000E+00
0.13183900000000E+00
0.13233900000000E+00
0.13283900000000E+00
0.13333900000000E+00
0.13383900000000E+00
0.13433900000000E+00
0.13483900000000E+00
0.13533900000000E+00
0.13583900000000E+00
0.13633900000000E+00
0.13683900000000E+00
0.13733900000000E+00
0.13783900000000E+00
0.13833900000000E+00
0.13883900000000E+00
0.13933900000000E+00
0.13983900000000E+00
0.14033900000000E+00
0.14083900000000E+00
0.14133900000000E+00
0.14183900000000E+00
0.14233900000000E+00
0.14283900000000E+00
0.14333900000000E+00
0.14383900000000E+00
0.14433900000000E+00
0.14483900000000E+00
0.14533900000000E+00
0.14583900000000E+00
0.14633900000000E+00
0.14683900000000E+00
0.14733900000000E+00
0.14783900000000E+00
0.14833900000000E+00
0.14883900000000E+00
0.14933900000000E+00
0.14983900000000E+00
0.15033900000000E+00
0.15083900000000E+00
0.15133900000000E+00
0.15183900000000E+00
0.15233900000000E+00
0.15283900000000E+00
0.15333900000000E+00
0.15383900000000E+00
0.15433900000000E+00
0.15483900000000E+00
0.15533900000000E+00
0.15583900000000E+00
0.15633900000000E+00
0.15683900000000E+00
0.15733900000000E+00
0.15783900000000E+00
0.15833900000000E+00
0.15883900000000E+00
0.15933900000000E+00
0.15983900000000E+00
0.16033900000000E+00
0.16083900000000E+00
0.16133900000000E+00
0.16183900000000E+00
0.16233900000000E+00
0.16283900000000E+00
0.16333900000000E+00
0.16383900000000E+00
0.16433900000000E+00
0.16483900000000E+00
0.16533900000000E+00
0.16583900000000E+00
0.16633900000000E+00
0.16683900000000E+00
0.16733900000000E+00
0.16783900000000E+00
0.16833900000000E+00
0.16883900000000E+00
0.16933900000000E+00
0.16983900000000E+00
0.17033900000000E+00
0.17083900000000E+00
0.17133900000000E+00
0.17183900000000E+00
0.17233900000000E+00
0.17283900000000E+00
0.17333900000000E+00
0.17383900000000E+00
0.17433900000000E+00
0.17483900000000E+00
0.17533900000000E+00
0.17583900000000E+00
0.17633900000000E+00
0.17683900000000E+00
0.17733900000000E+00
0.17783900000000E+00
0.17833900000000E+00
0.17883900000000E+00
0.17933900000000E+00
0.17983900000000E+00
0.18033900000000E+00
0.18083900000000E+00
0.18133900000000E+00
0.18183900000000E+00
0.18233900000000E+00
0.18283900000000E+00
0.18333900000000E+00
0.18383900000000E+00
0.18433900000000E+00
0.18483900000000E+00
0.18533900000000E+00
0.18583900000000E+00
0.18633900000000E+00
0.18683900000000E+00
0.18733900000000E+00
0.18783900000000E+00
0.18833900000000E+00
0.18883900000000E+00
0.18933900000000E+00
0.18983900000000E+00
0.19033900000000E+00
0.19083900000000E+00
0.19133900000000E+00
0.19183900000000E+00
0.19233900000000E+00
0.19283900000000E+00
0.19333900000000E+00
0.19383900000000E+00
0.19433900000000E+00
0.19483900000000E+00
0.19533900000000E+00
0.19583900000000E+00
0.19633900000000E+00
0.19683900000000E+00
0.19733900000000E+00
0.19783900000000E+00
0.19833900000000E+00
0.19883900000000E+00
0.19933900000000E+00
0.19983900000000E+00
0.20033900000000E+00
0.20084400000000E+00
0.20135400000000E+00
0.20186900000000E+00
0.20238900000000E+00
0.20291500000000E+00
0.20344600000000E+00
0.20398200000000E+00
0.20452300000000E+00
0.20507000000000E+00
0.20562200000000E+00
0.20618000000000E+00
0.20674300000000E+00
0.20731300000000E+00
0.20788700000000E+00
0.20846800000000E+00
0.20905400000000E+00
0.20964600000000E+00
0.21024400000000E+00
0.21084800000000E+00
0.21145800000000E+00
0.21207500000000E+00
0.21269700000000E+00
0.21332600000000E+00
0.21396000000000E+00
0.21460200000000E+00
0.21524900000000E+00
0.21590300000000E+00
0.21656400000000E+00
0.21723100000000E+00
0.21790500000000E+00
0.21858600000000E+00
0.21927300000000E+00
0.21996800000000E+00
0.22066900000000E+00
0.22137700000000E+00
0.22209300000000E+00
0.22281500000000E+00
0.22354500000000E+00
0.22428200000000E+00
0.22502600000000E+00
0.22577800000000E+00
0.22653800000000E+00
0.22730500000000E+00
0.22807900000000E+00
0.22886200000000E+00
0.22965200000000E+00
0.23045000000000E+00
0.23125600000000E+00
0.23207000000000E+00
0.23289300000000E+00
0.23372300000000E+00
0.23456200000000E+00
0.23540900000000E+00
0.23626500000000E+00
0.23712900000000E+00
0.23800200000000E+00
0.23888400000000E+00
0.23977400000000E+00
0.24067400000000E+00
0.24158200000000E+00
0.24249900000000E+00
0.24342600000000E+00
0.24436200000000E+00
0.24530700000000E+00
0.24626200000000E+00
0.24722600000000E+00
0.24820000000000E+00
0.24918400000000E+00
0.25017700000000E+00
0.25118000000000E+00
0.25219400000000E+00
0.25321700000000E+00
0.25425100000000E+00
0.25529500000000E+00
0.25635000000000E+00
0.25741500000000E+00
0.25849100000000E+00
0.25957700000000E+00
0.26067500000000E+00
0.26178300000000E+00
0.26290200000000E+00
0.26403300000000E+00
0.26517500000000E+00
0.26632800000000E+00
0.26749300000000E+00
0.26867000000000E+00
0.26985800000000E+00
0.27105800000000E+00
0.27227000000000E+00
0.27349500000000E+00
0.27473100000000E+00
0.27598000000000E+00
0.27724200000000E+00
0.27851600000000E+00
0.27980200000000E+00
0.28110200000000E+00
0.28241500000000E+00
0.28374100000000E+00
0.28508000000000E+00
0.28643200000000E+00
0.28779800000000E+00
0.28917700000000E+00
0.29057100000000E+00
0.29197800000000E+00
0.29340000000000E+00
0.29483500000000E+00
0.29628500000000E+00
0.29775000000000E+00
0.29922900000000E+00
0.30072300000000E+00
0.30223100000000E+00
0.30375500000000E+00
0.30529500000000E+00
0.30684900000000E+00
0.30841900000000E+00
0.31000500000000E+00
0.31160700000000E+00
0.31322400000000E+00
0.31485800000000E+00
0.31650800000000E+00
0.31817500000000E+00
0.31985800000000E+00
0.32155900000000E+00
0.32327600000000E+00
0.32501000000000E+00
0.32676200000000E+00
0.32853100000000E+00
0.33031800000000E+00
0.33212300000000E+00
0.33394600000000E+00
0.33578700000000E+00
0.33764600000000E+00
0.33952400000000E+00
0.34142100000000E+00
0.34333700000000E+00
0.34527200000000E+00
0.34722600000000E+00
0.34920000000000E+00
0.35119400000000E+00
0.35320700000000E+00
0.35524100000000E+00
0.35729500000000E+00
0.35937000000000E+00
0.36146500000000E+00
0.36358100000000E+00
0.36571900000000E+00
0.36787700000000E+00
0.37005800000000E+00
0.37226000000000E+00
0.37448400000000E+00
0.37673100000000E+00
0.37900000000000E+00
0.38129100000000E+00
0.38360600000000E+00
0.38594300000000E+00
0.38830400000000E+00
0.39068900000000E+00
0.39309800000000E+00
0.39553000000000E+00
0.39798700000000E+00
0.40046900000000E+00
0.40297500000000E+00
0.40550600000000E+00
0.40806300000000E+00
0.41064500000000E+00
0.41325300000000E+00
0.41588700000000E+00
0.41854800000000E+00
0.42123500000000E+00
0.42394900000000E+00
0.42669000000000E+00
0.42945800000000E+00
0.43225500000000E+00
0.43507900000000E+00
0.43793100000000E+00
0.44081200000000E+00
0.44372200000000E+00
0.44666100000000E+00
0.44962900000000E+00
0.45262700000000E+00
0.45565500000000E+00
0.45871300000000E+00
0.46180200000000E+00
0.46492100000000E+00
0.46807200000000E+00
0.47125400000000E+00
0.47446900000000E+00
0.47771500000000E+00
0.48099400000000E+00
0.48430500000000E+00
0.48765000000000E+00
0.49102800000000E+00
0.49444000000000E+00
0.49788600000000E+00
0.50136600000000E+00
0.50488200000000E+00
0.50843200000000E+00
0.51201800000000E+00
0.51564000000000E+00
0.51929800000000E+00
0.52299200000000E+00
0.52672400000000E+00
0.53049300000000E+00
0.53429900000000E+00
0.53814400000000E+00
0.54202700000000E+00
0.54594900000000E+00
0.54991000000000E+00
0.55391100000000E+00
0.55795100000000E+00
0.56203200000000E+00
0.56615400000000E+00
0.57031800000000E+00
0.57452200000000E+00
0.57876900000000E+00
0.58305800000000E+00
0.58739100000000E+00
0.59176600000000E+00
0.59618500000000E+00
0.60064900000000E+00
0.60515700000000E+00
0.60971000000000E+00
0.61430900000000E+00
0.61895400000000E+00
0.62364500000000E+00
0.62838300000000E+00
0.63316800000000E+00
0.63800200000000E+00
0.64288300000000E+00
0.64781400000000E+00
0.65279300000000E+00
0.65782300000000E+00
0.66290300000000E+00
0.66803300000000E+00
0.67321500000000E+00
0.67844900000000E+00
0.68373500000000E+00
0.68907400000000E+00
0.69446700000000E+00
0.69991300000000E+00
0.70541400000000E+00
0.71096900000000E+00
0.71658100000000E+00
0.72224800000000E+00
0.72797200000000E+00
0.73375300000000E+00
0.73959300000000E+00
0.74549000000000E+00
0.75144700000000E+00
0.75746300000000E+00
0.76353900000000E+00
0.76967600000000E+00
0.77587400000000E+00
0.78213500000000E+00
0.78845800000000E+00
0.79484400000000E+00
0.80129400000000E+00
0.80780800000000E+00
0.81438800000000E+00
0.82103400000000E+00
0.82774600000000E+00
0.83452500000000E+00
0.84137100000000E+00
0.84828700000000E+00
0.85527100000000E+00
0.86232600000000E+00
0.86945000000000E+00
0.87664700000000E+00
0.88391500000000E+00
0.89125500000000E+00
0.89867000000000E+00
0.90615800000000E+00
0.91372100000000E+00
0.92136000000000E+00
0.92907500000000E+00
0.93686700000000E+00
0.94473800000000E+00
0.95268700000000E+00
0.96071500000000E+00
0.96882400000000E+00
0.97701400000000E+00
0.98528600000000E+00
0.99364000000000E+00
0.10020800000000E+01
0.10106000000000E+01
0.10192100000000E+01
0.10279000000000E+01
0.10366800000000E+01
0.10455500000000E+01
0.10545100000000E+01
0.10635500000000E+01
0.10726900000000E+01
0.10819200000000E+01
0.10912400000000E+01
0.11006600000000E+01
0.11101600000000E+01
0.11197700000000E+01
0.11294700000000E+01
0.11392600000000E+01
0.11491600000000E+01
0.11591500000000E+01
0.11692400000000E+01
0.11794400000000E+01
0.11897300000000E+01
0.12001300000000E+01
0.12106300000000E+01
0.12212400000000E+01
0.12319600000000E+01
0.12427800000000E+01
0.12537100000000E+01
0.12647500000000E+01
0.12758900000000E+01
0.12871600000000E+01
0.12985300000000E+01
0.13100200000000E+01
0.13216200000000E+01
0.13333400000000E+01
0.13451700000000E+01
0.13571200000000E+01
0.13692000000000E+01
0.13813900000000E+01
0.13937100000000E+01
0.14061400000000E+01
0.14187100000000E+01
0.14314000000000E+01
0.14442100000000E+01
0.14571500000000E+01
0.14702300000000E+01
0.14834300000000E+01
0.14967700000000E+01
0.15102400000000E+01
0.15238400000000E+01
0.15375800000000E+01
0.15514600000000E+01
0.15654700000000E+01
0.15796300000000E+01
0.15939300000000E+01
0.16083700000000E+01
0.16229600000000E+01
0.16376900000000E+01
0.16525600000000E+01
0.16675900000000E+01
0.16827700000000E+01
0.16981000000000E+01
0.17135800000000E+01
0.17292200000000E+01
0.17450100000000E+01
0.17609600000000E+01
0.17770800000000E+01
0.17933500000000E+01
0.18097800000000E+01
0.18263800000000E+01
0.18431500000000E+01
0.18600800000000E+01
0.18771800000000E+01
0.18944600000000E+01
0.19119000000000E+01
0.19295200000000E+01
0.19473200000000E+01
0.19653000000000E+01
0.19834500000000E+01
0.20017900000000E+01
0.20203100000000E+01
0.20390100000000E+01
0.20579000000000E+01
0.20769800000000E+01
0.20962500000000E+01
0.21157200000000E+01
0.21353800000000E+01
0.21552300000000E+01
0.21752900000000E+01
0.21955400000000E+01
0.22160000000000E+01
0.22366600000000E+01
0.22575300000000E+01
0.22786000000000E+01
0.22998900000000E+01
0.23213900000000E+01
0.23431100000000E+01
0.23650400000000E+01
0.23871900000000E+01
0.24095700000000E+01
0.24321600000000E+01
0.24549900000000E+01
0.24780400000000E+01
0.25013200000000E+01
0.25248400000000E+01
0.25485900000000E+01
0.25725700000000E+01
0.25968000000000E+01
0.26212700000000E+01
0.26459800000000E+01
0.26709500000000E+01
0.26961600000000E+01
0.27216200000000E+01
0.27473400000000E+01
0.27733100000000E+01
0.27995500000000E+01
0.28260400000000E+01
0.28528100000000E+01
0.28798400000000E+01
0.29071400000000E+01
0.29347100000000E+01
0.29625600000000E+01
0.29906900000000E+01
0.30190900000000E+01
