 -0.385705E+01
 -0.404494E+01
 -0.424006E+01
 -0.444009E+01
 -0.464239E+01
 -0.484679E+01
 -0.505313E+01
 -0.526122E+01
 -0.547090E+01
 -0.568203E+01
 -0.589446E+01
 -0.610802E+01
 -0.632255E+01
 -0.653795E+01
 -0.675406E+01
 -0.697071E+01
 -0.718780E+01
 -0.740517E+01
 -0.762269E+01
 -0.784024E+01
 -0.805768E+01
 -0.827486E+01
 -0.849167E+01
 -0.870799E+01
 -0.892366E+01
 -0.913858E+01
 -0.935264E+01
 -0.956568E+01
 -0.977760E+01
 -0.998827E+01
 -0.101975E+02
 -0.104053E+02
 -0.106115E+02
 -0.108160E+02
 -0.110186E+02
 -0.112192E+02
 -0.114178E+02
 -0.116143E+02
 -0.118084E+02
 -0.120002E+02
 -0.121895E+02
 -0.123762E+02
 -0.125603E+02
 -0.127416E+02
 -0.129201E+02
 -0.130957E+02
 -0.132683E+02
 -0.134378E+02
 -0.136042E+02
 -0.137674E+02
 -0.139274E+02
 -0.140841E+02
 -0.142374E+02
 -0.143874E+02
 -0.145339E+02
 -0.146770E+02
 -0.148166E+02
 -0.149527E+02
 -0.150852E+02
 -0.152143E+02
 -0.153398E+02
 -0.154618E+02
 -0.155803E+02
 -0.156952E+02
 -0.158066E+02
 -0.159146E+02
 -0.160191E+02
 -0.161201E+02
 -0.162178E+02
 -0.163120E+02
 -0.164030E+02
 -0.164906E+02
 -0.165750E+02
 -0.166562E+02
 -0.167342E+02
 -0.168092E+02
 -0.168811E+02
 -0.169500E+02
 -0.170160E+02
 -0.170792E+02
 -0.171396E+02
 -0.171972E+02
 -0.172522E+02
 -0.173045E+02
 -0.173544E+02
 -0.174017E+02
 -0.174467E+02
 -0.174894E+02
 -0.175298E+02
 -0.175680E+02
 -0.176041E+02
 -0.176382E+02
 -0.176702E+02
 -0.177004E+02
 -0.177288E+02
 -0.177553E+02
 -0.177801E+02
 -0.178033E+02
 -0.178249E+02
 -0.178450E+02
 -0.178636E+02
 -0.178808E+02
 -0.178967E+02
 -0.179112E+02
 -0.179246E+02
 -0.179367E+02
 -0.179478E+02
 -0.179578E+02
 -0.179667E+02
 -0.179747E+02
 -0.179817E+02
 -0.179879E+02
 -0.179932E+02
 -0.179978E+02
 -0.180016E+02
 -0.180047E+02
 -0.180071E+02
 -0.180088E+02
 -0.180100E+02
 -0.180106E+02
 -0.180107E+02
 -0.180102E+02
 -0.180093E+02
 -0.180079E+02
 -0.180059E+02
 -0.180034E+02
 -0.180004E+02
 -0.179968E+02
 -0.179927E+02
 -0.179881E+02
 -0.179829E+02
 -0.179771E+02
 -0.179708E+02
 -0.179638E+02
 -0.179563E+02
 -0.179482E+02
 -0.179395E+02
 -0.179301E+02
 -0.179202E+02
 -0.179096E+02
 -0.178984E+02
 -0.178866E+02
 -0.178741E+02
 -0.178609E+02
 -0.178471E+02
 -0.178326E+02
 -0.178174E+02
 -0.178016E+02
 -0.177850E+02
 -0.177677E+02
 -0.177497E+02
 -0.177310E+02
 -0.177116E+02
 -0.176914E+02
 -0.176705E+02
 -0.176489E+02
 -0.176264E+02
 -0.176032E+02
 -0.175792E+02
 -0.175545E+02
 -0.175289E+02
 -0.175025E+02
 -0.174753E+02
 -0.174473E+02
 -0.174185E+02
 -0.173888E+02
 -0.173583E+02
 -0.173269E+02
 -0.172947E+02
 -0.172615E+02
 -0.172276E+02
 -0.171927E+02
 -0.171569E+02
 -0.171202E+02
 -0.170826E+02
 -0.170441E+02
 -0.170046E+02
 -0.169642E+02
 -0.169229E+02
 -0.168806E+02
 -0.168373E+02
 -0.167930E+02
 -0.167478E+02
 -0.167016E+02
 -0.166544E+02
 -0.166062E+02
 -0.165570E+02
 -0.165067E+02
 -0.164554E+02
 -0.164031E+02
 -0.163497E+02
 -0.162953E+02
 -0.162398E+02
 -0.161833E+02
 -0.161257E+02
 -0.160670E+02
 -0.160072E+02
 -0.159463E+02
 -0.158843E+02
 -0.158212E+02
 -0.157570E+02
 -0.156916E+02
 -0.156251E+02
 -0.155575E+02
 -0.154887E+02
 -0.154188E+02
 -0.153478E+02
 -0.152755E+02
 -0.152021E+02
 -0.151275E+02
 -0.150518E+02
 -0.149748E+02
 -0.148967E+02
 -0.148174E+02
 -0.147368E+02
 -0.146551E+02
 -0.145722E+02
 -0.144880E+02
 -0.144026E+02
 -0.143160E+02
 -0.142282E+02
 -0.141392E+02
 -0.140489E+02
 -0.139574E+02
 -0.138647E+02
 -0.137707E+02
 -0.136754E+02
 -0.135790E+02
 -0.134813E+02
 -0.133823E+02
 -0.132821E+02
 -0.131806E+02
 -0.130779E+02
 -0.129740E+02
 -0.128688E+02
 -0.127623E+02
 -0.126546E+02
 -0.125457E+02
 -0.124355E+02
 -0.123240E+02
 -0.122113E+02
 -0.120974E+02
 -0.119823E+02
 -0.118659E+02
 -0.117482E+02
 -0.116294E+02
 -0.115093E+02
 -0.113880E+02
 -0.112654E+02
 -0.111417E+02
 -0.110168E+02
 -0.108906E+02
 -0.107633E+02
 -0.106347E+02
 -0.105050E+02
 -0.103741E+02
 -0.102421E+02
 -0.101088E+02
 -0.997446E+01
 -0.983894E+01
 -0.970228E+01
 -0.956450E+01
 -0.942559E+01
 -0.928558E+01
 -0.914448E+01
 -0.900228E+01
 -0.885901E+01
 -0.871468E+01
 -0.856929E+01
 -0.842287E+01
 -0.827541E+01
 -0.812695E+01
 -0.797748E+01
 -0.782702E+01
 -0.767559E+01
 -0.752320E+01
 -0.736986E+01
 -0.721560E+01
 -0.706042E+01
 -0.690434E+01
 -0.674738E+01
 -0.658956E+01
 -0.643089E+01
 -0.627138E+01
 -0.611106E+01
 -0.594995E+01
 -0.578806E+01
 -0.562541E+01
 -0.546202E+01
 -0.529791E+01
 -0.513309E+01
 -0.496760E+01
 -0.480144E+01
 -0.463464E+01
 -0.446722E+01
 -0.429920E+01
 -0.413059E+01
 -0.396144E+01
 -0.379174E+01
 -0.362153E+01
 -0.345082E+01
 -0.327964E+01
 -0.310802E+01
 -0.293597E+01
 -0.276353E+01
 -0.259070E+01
 -0.241751E+01
 -0.224399E+01
 -0.207017E+01
 -0.189605E+01
 -0.172168E+01
 -0.154706E+01
 -0.137223E+01
 -0.119721E+01
 -0.102203E+01
 -0.846702E+00
 -0.671258E+00
 -0.495720E+00
 -0.320112E+00
 -0.144460E+00
  0.643896E-01
  0.426777E+00
  0.789038E+00
  0.115107E+01
  0.151277E+01
  0.187402E+01
  0.223474E+01
  0.259480E+01
  0.295411E+01
  0.331257E+01
  0.367006E+01
  0.402651E+01
  0.438179E+01
  0.473581E+01
  0.508848E+01
  0.543970E+01
  0.578937E+01
  0.613740E+01
  0.648370E+01
  0.682817E+01
  0.717072E+01
  0.751126E+01
  0.784973E+01
  0.818603E+01
  0.852007E+01
  0.885178E+01
  0.918108E+01
  0.950789E+01
  0.983214E+01
  0.101538E+02
  0.104727E+02
  0.107888E+02
  0.111021E+02
  0.114125E+02
  0.117199E+02
  0.120244E+02
  0.123257E+02
  0.126239E+02
  0.129190E+02
  0.132108E+02
  0.134993E+02
  0.137845E+02
  0.140663E+02
  0.143447E+02
  0.146197E+02
  0.148912E+02
  0.151592E+02
  0.154237E+02
  0.156846E+02
  0.159419E+02
  0.161955E+02
  0.164456E+02
  0.166920E+02
  0.169347E+02
  0.171737E+02
  0.174090E+02
  0.176405E+02
  0.178684E+02
  0.180925E+02
  0.183129E+02
  0.185296E+02
  0.187425E+02
  0.189516E+02
  0.191571E+02
  0.193587E+02
  0.195567E+02
  0.197510E+02
  0.199415E+02
  0.201283E+02
  0.203114E+02
  0.204909E+02
  0.206667E+02
  0.208388E+02
  0.210074E+02
  0.211723E+02
  0.213336E+02
  0.214913E+02
  0.216456E+02
  0.217962E+02
  0.219434E+02
  0.220871E+02
  0.222274E+02
  0.223642E+02
  0.224977E+02
  0.226278E+02
  0.227545E+02
  0.228780E+02
  0.229981E+02
  0.231151E+02
  0.232288E+02
  0.233393E+02
  0.234467E+02
  0.235510E+02
  0.236522E+02
  0.237504E+02
  0.238456E+02
  0.239378E+02
  0.240270E+02
  0.241134E+02
  0.241969E+02
  0.242775E+02
  0.243554E+02
  0.244305E+02
  0.245029E+02
  0.245726E+02
  0.246397E+02
  0.247041E+02
  0.247660E+02
  0.248254E+02
  0.248822E+02
  0.249366E+02
  0.249886E+02
  0.250381E+02
  0.250853E+02
  0.251302E+02
  0.251729E+02
  0.252132E+02
  0.252514E+02
  0.252874E+02
  0.253213E+02
  0.253530E+02
  0.253827E+02
  0.254103E+02
  0.254360E+02
  0.254597E+02
  0.254815E+02
  0.255013E+02
  0.255193E+02
  0.255355E+02
  0.255499E+02
  0.255625E+02
  0.255734E+02
  0.255826E+02
  0.255901E+02
  0.255960E+02
  0.256003E+02
  0.256030E+02
  0.256041E+02
  0.256038E+02
  0.256019E+02
  0.255986E+02
  0.255939E+02
  0.255878E+02
  0.255803E+02
  0.255715E+02
  0.255613E+02
  0.255499E+02
  0.255372E+02
  0.255232E+02
  0.255081E+02
  0.254917E+02
  0.254742E+02
  0.254556E+02
  0.254359E+02
  0.254150E+02
  0.253931E+02
  0.253702E+02
  0.253463E+02
  0.253213E+02
  0.252954E+02
  0.252686E+02
  0.252408E+02
  0.252121E+02
  0.251826E+02
  0.251521E+02
  0.251208E+02
  0.250887E+02
  0.250558E+02
  0.250221E+02
  0.249877E+02
  0.249525E+02
  0.249166E+02
  0.248799E+02
  0.248426E+02
  0.248046E+02
  0.247659E+02
  0.247266E+02
  0.246867E+02
  0.246461E+02
  0.246050E+02
  0.245633E+02
  0.245210E+02
  0.244782E+02
  0.244348E+02
  0.243909E+02
  0.243466E+02
  0.243017E+02
  0.242564E+02
  0.242106E+02
  0.241643E+02
  0.241176E+02
  0.240705E+02
  0.240230E+02
  0.239751E+02
  0.239268E+02
  0.238781E+02
  0.238291E+02
  0.237797E+02
  0.237300E+02
  0.236799E+02
  0.236296E+02
  0.235789E+02
  0.235279E+02
  0.234766E+02
  0.234251E+02
  0.233733E+02
  0.233212E+02
  0.232689E+02
  0.232164E+02
  0.231636E+02
  0.231106E+02
  0.230574E+02
  0.230039E+02
  0.229503E+02
  0.228965E+02
  0.228425E+02
  0.227884E+02
  0.227341E+02
  0.226796E+02
  0.226249E+02
  0.225702E+02
  0.225153E+02
  0.224602E+02
  0.224051E+02
  0.223498E+02
  0.222944E+02
  0.222389E+02
  0.221833E+02
  0.221277E+02
  0.220719E+02
  0.220161E+02
  0.219602E+02
  0.219042E+02
  0.218481E+02
  0.217920E+02
  0.217359E+02
  0.216797E+02
  0.216234E+02
  0.215671E+02
  0.215108E+02
  0.214545E+02
  0.213981E+02
  0.213417E+02
  0.212853E+02
  0.212289E+02
  0.211725E+02
  0.211161E+02
  0.210597E+02
  0.210033E+02
  0.209469E+02
  0.208905E+02
  0.208341E+02
  0.207778E+02
  0.207214E+02
  0.206651E+02
  0.206089E+02
  0.205526E+02
  0.204964E+02
  0.204403E+02
  0.203841E+02
  0.203281E+02
  0.202720E+02
  0.202161E+02
  0.201601E+02
  0.201043E+02
  0.200485E+02
  0.199927E+02
  0.199370E+02
  0.198814E+02
  0.198259E+02
  0.197704E+02
  0.197150E+02
  0.196596E+02
  0.196044E+02
  0.195492E+02
  0.194941E+02
  0.194391E+02
  0.193842E+02
  0.193293E+02
  0.192746E+02
  0.192199E+02
  0.191653E+02
  0.191109E+02
  0.190565E+02
  0.190022E+02
  0.189480E+02
  0.188939E+02
  0.188399E+02
  0.187861E+02
  0.187323E+02
  0.186786E+02
  0.186250E+02
  0.185716E+02
  0.185182E+02
  0.184650E+02
  0.184119E+02
  0.183589E+02
  0.183059E+02
  0.182532E+02
  0.182005E+02
  0.181479E+02
  0.180955E+02
  0.180432E+02
  0.179910E+02
  0.179389E+02
  0.178869E+02
  0.178351E+02
  0.177834E+02
  0.177318E+02
  0.176803E+02
  0.176290E+02
  0.175777E+02
  0.175266E+02
  0.174757E+02
  0.174248E+02
  0.173741E+02
  0.173235E+02
  0.172731E+02
  0.172227E+02
  0.171725E+02
  0.171225E+02
  0.170725E+02
  0.170227E+02
  0.169731E+02
  0.169235E+02
  0.168741E+02
  0.168248E+02
  0.167757E+02
  0.167267E+02
  0.166778E+02
  0.166290E+02
  0.165804E+02
  0.165319E+02
  0.164836E+02
  0.164354E+02
  0.163873E+02
  0.163394E+02
  0.162916E+02
  0.162439E+02
  0.161964E+02
  0.161490E+02
  0.161017E+02
  0.160546E+02
  0.160076E+02
  0.159608E+02
  0.159140E+02
  0.158675E+02
  0.158210E+02
  0.157747E+02
  0.157285E+02
  0.156825E+02
  0.156366E+02
  0.155908E+02
  0.155452E+02
  0.154997E+02
  0.154544E+02
  0.154092E+02
  0.153641E+02
  0.153191E+02
  0.152743E+02
  0.152297E+02
  0.151851E+02
  0.151407E+02
  0.150965E+02
  0.150523E+02
  0.150083E+02
  0.149645E+02
  0.149208E+02
  0.148772E+02
  0.148337E+02
  0.147904E+02
  0.147472E+02
  0.147042E+02
  0.146613E+02
  0.146185E+02
  0.145758E+02
  0.145333E+02
  0.144910E+02
  0.144487E+02
  0.144066E+02
  0.143646E+02
  0.143228E+02
  0.142811E+02
  0.142395E+02
  0.141980E+02
  0.141567E+02
  0.141156E+02
  0.140745E+02
  0.140336E+02
  0.139928E+02
  0.139521E+02
  0.139116E+02
  0.138712E+02
  0.138310E+02
  0.137908E+02
  0.137508E+02
  0.137109E+02
  0.136712E+02
  0.136316E+02
  0.135921E+02
  0.135527E+02
  0.135133E+02
  0.134736E+02
  0.134337E+02
  0.133935E+02
  0.133530E+02
  0.133122E+02
  0.132712E+02
  0.132299E+02
  0.131884E+02
  0.131466E+02
  0.131045E+02
  0.130622E+02
  0.130196E+02
  0.129767E+02
  0.129336E+02
  0.128901E+02
  0.128465E+02
  0.128026E+02
  0.127584E+02
  0.127140E+02
  0.126692E+02
  0.126242E+02
  0.125790E+02
  0.125335E+02
  0.124877E+02
  0.124417E+02
  0.123955E+02
  0.123489E+02
  0.123021E+02
  0.122550E+02
  0.122077E+02
  0.121601E+02
  0.121123E+02
  0.120642E+02
  0.120159E+02
  0.119673E+02
  0.119185E+02
  0.118694E+02
  0.118201E+02
  0.117705E+02
  0.117207E+02
  0.116706E+02
  0.116202E+02
  0.115697E+02
  0.115189E+02
  0.114679E+02
  0.114166E+02
  0.113651E+02
  0.113134E+02
  0.112614E+02
  0.112092E+02
  0.111568E+02
  0.111041E+02
  0.110512E+02
  0.109982E+02
  0.109448E+02
  0.108913E+02
  0.108376E+02
  0.107836E+02
  0.107294E+02
  0.106751E+02
  0.106205E+02
  0.105657E+02
  0.105107E+02
  0.104556E+02
  0.104002E+02
  0.103447E+02
  0.102889E+02
  0.102330E+02
  0.101769E+02
  0.101206E+02
  0.100642E+02
  0.100075E+02
  0.995075E+01
  0.989379E+01
  0.983666E+01
  0.977939E+01
  0.972197E+01
  0.966439E+01
  0.960666E+01
  0.954882E+01
  0.949082E+01
  0.943267E+01
  0.937442E+01
  0.931603E+01
  0.925751E+01
  0.919887E+01
  0.914014E+01
  0.908130E+01
  0.902233E+01
  0.896327E+01
  0.890413E+01
  0.884487E+01
  0.878553E+01
  0.872614E+01
  0.866667E+01
  0.860709E+01
  0.854745E+01
  0.848776E+01
  0.842802E+01
  0.836824E+01
  0.830840E+01
  0.824852E+01
  0.818859E+01
  0.812863E+01
  0.806865E+01
  0.800866E+01
  0.794863E+01
  0.788860E+01
  0.782857E+01
  0.776855E+01
  0.770855E+01
  0.764852E+01
  0.758852E+01
  0.752856E+01
  0.746862E+01
  0.740870E+01
  0.734884E+01
  0.728903E+01
  0.722927E+01
  0.716956E+01
  0.710991E+01
  0.705033E+01
  0.699082E+01
  0.693141E+01
  0.687208E+01
  0.681284E+01
  0.675370E+01
  0.669466E+01
  0.663573E+01
  0.657693E+01
  0.651825E+01
  0.645971E+01
  0.640129E+01
  0.634301E+01
  0.628488E+01
  0.622691E+01
  0.616909E+01
  0.611143E+01
  0.605396E+01
  0.599666E+01
  0.593953E+01
  0.588260E+01
  0.582586E+01
  0.576933E+01
  0.571300E+01
  0.565689E+01
  0.560099E+01
  0.554531E+01
  0.548988E+01
  0.543466E+01
  0.537969E+01
  0.532497E+01
  0.527051E+01
  0.521630E+01
  0.516236E+01
  0.510868E+01
  0.505526E+01
  0.500214E+01
  0.494930E+01
  0.489675E+01
  0.484449E+01
  0.479254E+01
  0.474088E+01
  0.468954E+01
  0.463851E+01
  0.458780E+01
  0.453741E+01
  0.448735E+01
  0.443763E+01
  0.438824E+01
  0.433920E+01
  0.429050E+01
  0.424214E+01
  0.419415E+01
  0.414651E+01
  0.409923E+01
  0.405232E+01
  0.400578E+01
  0.395961E+01
  0.391381E+01
  0.386840E+01
  0.382337E+01
  0.377872E+01
  0.373447E+01
  0.369061E+01
  0.364713E+01
  0.360405E+01
  0.356138E+01
  0.351911E+01
  0.347725E+01
  0.343578E+01
  0.339473E+01
  0.335409E+01
  0.331386E+01
  0.327405E+01
  0.323465E+01
  0.319567E+01
  0.315710E+01
  0.311896E+01
  0.308124E+01
  0.304394E+01
  0.300706E+01
  0.297060E+01
  0.293457E+01
  0.289897E+01
  0.286378E+01
  0.282903E+01
  0.279469E+01
  0.276079E+01
  0.272731E+01
  0.269425E+01
  0.266161E+01
  0.262940E+01
  0.259761E+01
  0.256624E+01
  0.253530E+01
  0.250477E+01
  0.247466E+01
  0.244497E+01
  0.241569E+01
  0.238683E+01
  0.235839E+01
  0.233035E+01
  0.230272E+01
  0.227550E+01
  0.224869E+01
  0.222227E+01
  0.219626E+01
  0.217065E+01
  0.214543E+01
  0.212061E+01
  0.209617E+01
  0.207213E+01
  0.204847E+01
  0.202518E+01
  0.200228E+01
  0.197975E+01
  0.195760E+01
  0.193581E+01
  0.191439E+01
  0.189333E+01
  0.187263E+01
  0.185228E+01
  0.183229E+01
  0.181264E+01
  0.179333E+01
  0.177436E+01
  0.175573E+01
  0.173743E+01
  0.171945E+01
  0.170180E+01
  0.168446E+01
  0.166744E+01
  0.165072E+01
  0.163432E+01
  0.161821E+01
  0.160240E+01
  0.158687E+01
  0.157164E+01
  0.155668E+01
  0.154201E+01
  0.152760E+01
  0.151347E+01
  0.149959E+01
  0.148598E+01
  0.147261E+01
  0.145949E+01
  0.144662E+01
  0.143399E+01
  0.142158E+01
  0.140941E+01
  0.139746E+01
  0.138572E+01
  0.137420E+01
  0.136289E+01
  0.135178E+01
  0.134087E+01
  0.133015E+01
  0.131962E+01
  0.130927E+01
  0.129910E+01
  0.128911E+01
  0.127928E+01
  0.126961E+01
  0.126010E+01
  0.125074E+01
  0.124154E+01
  0.123247E+01
  0.122354E+01
  0.121475E+01
  0.120609E+01
  0.119754E+01
  0.118912E+01
  0.118081E+01
  0.117261E+01
  0.116452E+01
  0.115652E+01
  0.114862E+01
  0.114082E+01
  0.113309E+01
  0.112546E+01
  0.111789E+01
  0.111040E+01
  0.110299E+01
  0.109563E+01
  0.108834E+01
  0.108109E+01
  0.107391E+01
  0.106677E+01
  0.105967E+01
  0.105262E+01
  0.104560E+01
  0.103862E+01
  0.103166E+01
  0.102473E+01
  0.101782E+01
  0.101093E+01
  0.100406E+01
  0.997196E+00
  0.990339E+00
  0.983489E+00
  0.976642E+00
  0.969794E+00
  0.962939E+00
  0.956081E+00
  0.949214E+00
  0.942332E+00
  0.935436E+00
  0.928523E+00
  0.921589E+00
  0.914635E+00
  0.907657E+00
  0.900652E+00
  0.893619E+00
  0.886556E+00
  0.879458E+00
  0.872328E+00
  0.865161E+00
  0.857957E+00
  0.850718E+00
  0.843438E+00
  0.836113E+00
  0.828747E+00
  0.821339E+00
  0.813885E+00
  0.806386E+00
  0.798842E+00
  0.791248E+00
  0.783607E+00
  0.775921E+00
  0.768186E+00
  0.760400E+00
  0.752566E+00
  0.744685E+00
  0.736753E+00
  0.728773E+00
  0.720745E+00
  0.712668E+00
  0.704541E+00
  0.696369E+00
  0.688151E+00
  0.679885E+00
  0.671576E+00
  0.663224E+00
  0.654827E+00
  0.646388E+00
  0.637907E+00
  0.629385E+00
  0.620828E+00
  0.612232E+00
  0.603602E+00
  0.594938E+00
  0.586242E+00
  0.577516E+00
  0.568763E+00
  0.559983E+00
  0.551179E+00
  0.542352E+00
  0.533506E+00
  0.524644E+00
  0.515765E+00
  0.506875E+00
  0.497975E+00
  0.489067E+00
  0.480156E+00
  0.471242E+00
  0.462329E+00
  0.453422E+00
  0.444522E+00
  0.435631E+00
  0.426754E+00
  0.417892E+00
  0.409049E+00
  0.400230E+00
  0.391438E+00
  0.382675E+00
  0.373944E+00
  0.365250E+00
  0.356595E+00
  0.347983E+00
  0.339418E+00
  0.330904E+00
  0.322444E+00
  0.314041E+00
  0.305700E+00
