774
 -0.250000E-01
 -0.249000E-01
 -0.248000E-01
 -0.247000E-01
 -0.246000E-01
 -0.245000E-01
 -0.244000E-01
 -0.243000E-01
 -0.242000E-01
 -0.241000E-01
 -0.240000E-01
 -0.239000E-01
 -0.238000E-01
 -0.237000E-01
 -0.236000E-01
 -0.235000E-01
 -0.234000E-01
 -0.233000E-01
 -0.232000E-01
 -0.231000E-01
 -0.230000E-01
 -0.229000E-01
 -0.228000E-01
 -0.227000E-01
 -0.226000E-01
 -0.225000E-01
 -0.224000E-01
 -0.223000E-01
 -0.222000E-01
 -0.221000E-01
 -0.220000E-01
 -0.219000E-01
 -0.218000E-01
 -0.217000E-01
 -0.216000E-01
 -0.215000E-01
 -0.214000E-01
 -0.213000E-01
 -0.212000E-01
 -0.211000E-01
 -0.210000E-01
 -0.209000E-01
 -0.208000E-01
 -0.207000E-01
 -0.206000E-01
 -0.205000E-01
 -0.204000E-01
 -0.203000E-01
 -0.202000E-01
 -0.201000E-01
 -0.200000E-01
 -0.199000E-01
 -0.198000E-01
 -0.197000E-01
 -0.196000E-01
 -0.195000E-01
 -0.194000E-01
 -0.193000E-01
 -0.192000E-01
 -0.191000E-01
 -0.190000E-01
 -0.189000E-01
 -0.188000E-01
 -0.187000E-01
 -0.186000E-01
 -0.185000E-01
 -0.184000E-01
 -0.183000E-01
 -0.182000E-01
 -0.181000E-01
 -0.180000E-01
 -0.179000E-01
 -0.178000E-01
 -0.177000E-01
 -0.176000E-01
 -0.175000E-01
 -0.174000E-01
 -0.173000E-01
 -0.172000E-01
 -0.171000E-01
 -0.170000E-01
 -0.169000E-01
 -0.168000E-01
 -0.167000E-01
 -0.166000E-01
 -0.165000E-01
 -0.164000E-01
 -0.163000E-01
 -0.162000E-01
 -0.161000E-01
 -0.160000E-01
 -0.159000E-01
 -0.158000E-01
 -0.157000E-01
 -0.156000E-01
 -0.155000E-01
 -0.154000E-01
 -0.153000E-01
 -0.152000E-01
 -0.151000E-01
 -0.150000E-01
 -0.149000E-01
 -0.148000E-01
 -0.147000E-01
 -0.146000E-01
 -0.145000E-01
 -0.144000E-01
 -0.143000E-01
 -0.142000E-01
 -0.141000E-01
 -0.140000E-01
 -0.139000E-01
 -0.138000E-01
 -0.137000E-01
 -0.136000E-01
 -0.135000E-01
 -0.134000E-01
 -0.133000E-01
 -0.132000E-01
 -0.131000E-01
 -0.130000E-01
 -0.129000E-01
 -0.128000E-01
 -0.127000E-01
 -0.126000E-01
 -0.125000E-01
 -0.124000E-01
 -0.123000E-01
 -0.122000E-01
 -0.121000E-01
 -0.120000E-01
 -0.119000E-01
 -0.118000E-01
 -0.117000E-01
 -0.116000E-01
 -0.115000E-01
 -0.114000E-01
 -0.113000E-01
 -0.112000E-01
 -0.111000E-01
 -0.110000E-01
 -0.109000E-01
 -0.108000E-01
 -0.107000E-01
 -0.106000E-01
 -0.105000E-01
 -0.104000E-01
 -0.103000E-01
 -0.102000E-01
 -0.101000E-01
 -0.100000E-01
 -0.990000E-02
 -0.980000E-02
 -0.970000E-02
 -0.960000E-02
 -0.950000E-02
 -0.940000E-02
 -0.930000E-02
 -0.920000E-02
 -0.910000E-02
 -0.900000E-02
 -0.890000E-02
 -0.880000E-02
 -0.870000E-02
 -0.860000E-02
 -0.850000E-02
 -0.840000E-02
 -0.830000E-02
 -0.820000E-02
 -0.810000E-02
 -0.800000E-02
 -0.790000E-02
 -0.780000E-02
 -0.770000E-02
 -0.760000E-02
 -0.750000E-02
 -0.740000E-02
 -0.730000E-02
 -0.720000E-02
 -0.710000E-02
 -0.700000E-02
 -0.690000E-02
 -0.680000E-02
 -0.670000E-02
 -0.660000E-02
 -0.650000E-02
 -0.640000E-02
 -0.630000E-02
 -0.620000E-02
 -0.610000E-02
 -0.600000E-02
 -0.590000E-02
 -0.580000E-02
 -0.570000E-02
 -0.560000E-02
 -0.550000E-02
 -0.540000E-02
 -0.530000E-02
 -0.520000E-02
 -0.510000E-02
 -0.500000E-02
 -0.490000E-02
 -0.480000E-02
 -0.470000E-02
 -0.460000E-02
 -0.450000E-02
 -0.440000E-02
 -0.430000E-02
 -0.420000E-02
 -0.410000E-02
 -0.400000E-02
 -0.390000E-02
 -0.380000E-02
 -0.370000E-02
 -0.360000E-02
 -0.350000E-02
 -0.340000E-02
 -0.330000E-02
 -0.320000E-02
 -0.310000E-02
 -0.300000E-02
 -0.290000E-02
 -0.280000E-02
 -0.270000E-02
 -0.260000E-02
 -0.250000E-02
 -0.240000E-02
 -0.230000E-02
 -0.220000E-02
 -0.210000E-02
 -0.200000E-02
 -0.190000E-02
 -0.180000E-02
 -0.170000E-02
 -0.160000E-02
 -0.150000E-02
 -0.140000E-02
 -0.130000E-02
 -0.120000E-02
 -0.110000E-02
 -0.100000E-02
 -0.900000E-03
 -0.800000E-03
 -0.700000E-03
 -0.600000E-03
 -0.500000E-03
 -0.400000E-03
 -0.300000E-03
 -0.200000E-03
 -0.100000E-03
 -0.973885E-16
  0.100000E-03
  0.200000E-03
  0.300000E-03
  0.400000E-03
  0.500000E-03
  0.600000E-03
  0.700000E-03
  0.800000E-03
  0.900000E-03
  0.100000E-02
  0.110000E-02
  0.120000E-02
  0.130000E-02
  0.140000E-02
  0.150000E-02
  0.160000E-02
  0.170000E-02
  0.180000E-02
  0.190000E-02
  0.200000E-02
  0.210000E-02
  0.220000E-02
  0.230000E-02
  0.240000E-02
  0.250000E-02
  0.260000E-02
  0.270000E-02
  0.280000E-02
  0.290000E-02
  0.300000E-02
  0.310000E-02
  0.320000E-02
  0.330000E-02
  0.340000E-02
  0.350000E-02
  0.360000E-02
  0.370000E-02
  0.380000E-02
  0.390000E-02
  0.400000E-02
  0.410000E-02
  0.420000E-02
  0.430000E-02
  0.440000E-02
  0.450000E-02
  0.460000E-02
  0.470000E-02
  0.480000E-02
  0.490000E-02
  0.500000E-02
  0.510000E-02
  0.520000E-02
  0.530000E-02
  0.540000E-02
  0.550000E-02
  0.560000E-02
  0.570000E-02
  0.580000E-02
  0.590000E-02
  0.600000E-02
  0.610000E-02
  0.620000E-02
  0.630000E-02
  0.640000E-02
  0.650000E-02
  0.660000E-02
  0.670000E-02
  0.680000E-02
  0.690000E-02
  0.700000E-02
  0.710000E-02
  0.720000E-02
  0.730000E-02
  0.740000E-02
  0.750000E-02
  0.760000E-02
  0.770000E-02
  0.780000E-02
  0.790000E-02
  0.800000E-02
  0.810000E-02
  0.820000E-02
  0.830000E-02
  0.840000E-02
  0.850000E-02
  0.860000E-02
  0.870000E-02
  0.880000E-02
  0.890000E-02
  0.900000E-02
  0.910000E-02
  0.920000E-02
  0.930000E-02
  0.940000E-02
  0.950000E-02
  0.960000E-02
  0.970000E-02
  0.980000E-02
  0.990000E-02
  0.100000E-01
  0.101000E-01
  0.102000E-01
  0.103000E-01
  0.104000E-01
  0.105000E-01
  0.106000E-01
  0.107000E-01
  0.108000E-01
  0.109000E-01
  0.110000E-01
  0.111000E-01
  0.112000E-01
  0.113000E-01
  0.114000E-01
  0.115000E-01
  0.116000E-01
  0.117000E-01
  0.118000E-01
  0.119000E-01
  0.120000E-01
  0.121000E-01
  0.122000E-01
  0.123000E-01
  0.124000E-01
  0.125000E-01
  0.126000E-01
  0.127000E-01
  0.128000E-01
  0.129000E-01
  0.130000E-01
  0.131000E-01
  0.132000E-01
  0.133000E-01
  0.134000E-01
  0.135000E-01
  0.136000E-01
  0.137000E-01
  0.138000E-01
  0.139000E-01
  0.140000E-01
  0.141000E-01
  0.142000E-01
  0.143000E-01
  0.144000E-01
  0.145000E-01
  0.146000E-01
  0.147000E-01
  0.148000E-01
  0.149000E-01
  0.150000E-01
  0.151000E-01
  0.152000E-01
  0.153000E-01
  0.154000E-01
  0.155000E-01
  0.156000E-01
  0.157000E-01
  0.158000E-01
  0.159000E-01
  0.160000E-01
  0.161000E-01
  0.162000E-01
  0.163000E-01
  0.164000E-01
  0.165000E-01
  0.166000E-01
  0.167000E-01
  0.168000E-01
  0.169000E-01
  0.170000E-01
  0.171000E-01
  0.172000E-01
  0.173000E-01
  0.174000E-01
  0.175000E-01
  0.176000E-01
  0.177000E-01
  0.178000E-01
  0.179000E-01
  0.180000E-01
  0.181000E-01
  0.182000E-01
  0.183000E-01
  0.184000E-01
  0.185000E-01
  0.186000E-01
  0.187000E-01
  0.188000E-01
  0.189000E-01
  0.190000E-01
  0.191000E-01
  0.192000E-01
  0.193000E-01
  0.194000E-01
  0.195000E-01
  0.196000E-01
  0.197000E-01
  0.198000E-01
  0.199000E-01
  0.200000E-01
  0.201000E-01
  0.202000E-01
  0.203000E-01
  0.204000E-01
  0.205000E-01
  0.206000E-01
  0.207000E-01
  0.208000E-01
  0.209000E-01
  0.210000E-01
  0.211000E-01
  0.212000E-01
  0.213000E-01
  0.214000E-01
  0.215000E-01
  0.216000E-01
  0.217000E-01
  0.218000E-01
  0.219000E-01
  0.220000E-01
  0.221000E-01
  0.222000E-01
  0.223000E-01
  0.224000E-01
  0.225000E-01
  0.226000E-01
  0.227000E-01
  0.228000E-01
  0.229000E-01
  0.230000E-01
  0.231000E-01
  0.232000E-01
  0.233000E-01
  0.234000E-01
  0.235000E-01
  0.236000E-01
  0.237000E-01
  0.238000E-01
  0.239000E-01
  0.240000E-01
  0.241000E-01
  0.242000E-01
  0.243000E-01
  0.244000E-01
  0.245000E-01
  0.246000E-01
  0.247000E-01
  0.248000E-01
  0.249000E-01
  0.250000E-01
  0.251000E-01
  0.252005E-01
  0.253015E-01
  0.254030E-01
  0.255050E-01
  0.256076E-01
  0.257106E-01
  0.258141E-01
  0.259182E-01
  0.260228E-01
  0.261279E-01
  0.262336E-01
  0.263397E-01
  0.264464E-01
  0.265537E-01
  0.266614E-01
  0.267697E-01
  0.268786E-01
  0.269880E-01
  0.270979E-01
  0.272084E-01
  0.273194E-01
  0.274310E-01
  0.275432E-01
  0.276559E-01
  0.277692E-01
  0.278830E-01
  0.279975E-01
  0.281124E-01
  0.282280E-01
  0.283441E-01
  0.284609E-01
  0.285782E-01
  0.286961E-01
  0.288145E-01
  0.289336E-01
  0.290533E-01
  0.291735E-01
  0.292944E-01
  0.294159E-01
  0.295380E-01
  0.296607E-01
  0.297840E-01
  0.299079E-01
  0.300324E-01
  0.301576E-01
  0.302834E-01
  0.304098E-01
  0.305368E-01
  0.306645E-01
  0.307928E-01
  0.309218E-01
  0.310514E-01
  0.311817E-01
  0.313126E-01
  0.314441E-01
  0.315764E-01
  0.317092E-01
  0.318428E-01
  0.319770E-01
  0.321119E-01
  0.322474E-01
  0.323837E-01
  0.325206E-01
  0.326582E-01
  0.327965E-01
  0.329355E-01
  0.330752E-01
  0.332155E-01
  0.333566E-01
  0.334984E-01
  0.336409E-01
  0.337841E-01
  0.339280E-01
  0.340727E-01
  0.342180E-01
  0.343641E-01
  0.345109E-01
  0.346585E-01
  0.348068E-01
  0.349558E-01
  0.351056E-01
  0.352561E-01
  0.354074E-01
  0.355594E-01
  0.357122E-01
  0.358658E-01
  0.360201E-01
  0.361752E-01
  0.363311E-01
  0.364877E-01
  0.366452E-01
  0.368034E-01
  0.369624E-01
  0.371222E-01
  0.372829E-01
  0.374443E-01
  0.376065E-01
  0.377695E-01
  0.379334E-01
  0.380980E-01
  0.382635E-01
  0.384298E-01
  0.385970E-01
  0.387650E-01
  0.389338E-01
  0.391035E-01
  0.392740E-01
  0.394454E-01
  0.396176E-01
  0.397907E-01
  0.399646E-01
  0.401395E-01
  0.403151E-01
  0.404917E-01
  0.406692E-01
  0.408475E-01
  0.410268E-01
  0.412069E-01
  0.413879E-01
  0.415699E-01
  0.417527E-01
  0.419365E-01
  0.421212E-01
  0.423068E-01
  0.424933E-01
  0.426808E-01
  0.428692E-01
  0.430585E-01
  0.432488E-01
  0.434401E-01
  0.436323E-01
  0.438254E-01
  0.440196E-01
  0.442146E-01
  0.444107E-01
  0.446078E-01
  0.448058E-01
  0.450048E-01
  0.452049E-01
  0.454059E-01
  0.456079E-01
  0.458110E-01
  0.460150E-01
  0.462201E-01
  0.464262E-01
  0.466333E-01
  0.468415E-01
  0.470507E-01
  0.472610E-01
  0.474723E-01
  0.476846E-01
  0.478980E-01
  0.481125E-01
  0.483281E-01
  0.485447E-01
  0.487625E-01
  0.489813E-01
  0.492012E-01
  0.494222E-01
  0.496443E-01
  0.498675E-01
  0.500919E-01
  0.503173E-01
  0.505439E-01
  0.507716E-01
  0.510005E-01
  0.512305E-01
  0.514616E-01
  0.516939E-01
  0.519274E-01
  0.521620E-01
  0.523979E-01
  0.526348E-01
  0.528730E-01
  0.531124E-01
  0.533529E-01
  0.535947E-01
  0.538377E-01
  0.540819E-01
  0.543273E-01
  0.545739E-01
  0.548218E-01
  0.550709E-01
  0.553212E-01
  0.555729E-01
  0.558257E-01
  0.560798E-01
  0.563352E-01
  0.565919E-01
  0.568499E-01
  0.571091E-01
  0.573697E-01
  0.576315E-01
  0.578947E-01
  0.581592E-01
  0.584250E-01
  0.586921E-01
  0.589605E-01
  0.592303E-01
  0.595015E-01
  0.597740E-01
  0.600479E-01
  0.603231E-01
  0.605997E-01
  0.608777E-01
  0.611571E-01
  0.614379E-01
  0.617201E-01
  0.620037E-01
  0.622887E-01
  0.625752E-01
  0.628630E-01
  0.631523E-01
  0.634431E-01
  0.637353E-01
  0.640290E-01
  0.643241E-01
  0.646208E-01
  0.649189E-01
  0.652185E-01
  0.655196E-01
  0.658221E-01
  0.661263E-01
  0.664319E-01
  0.667391E-01
  0.670477E-01
  0.673580E-01
  0.676698E-01
  0.679831E-01
  0.682980E-01
  0.686145E-01
  0.689326E-01
  0.692523E-01
  0.695735E-01
  0.698964E-01
  0.702209E-01
  0.705470E-01
  0.708747E-01
  0.712041E-01
  0.715351E-01
  0.718678E-01
  0.722021E-01
  0.725381E-01
  0.728758E-01
  0.732152E-01
  0.735563E-01
  0.738991E-01
  0.742436E-01
  0.745898E-01
  0.749377E-01
  0.752874E-01
  0.756388E-01
  0.759920E-01
  0.763470E-01
  0.767037E-01
  0.770623E-01
  0.774226E-01
  0.777847E-01
  0.781486E-01
  0.785143E-01
  0.788819E-01
  0.792513E-01
  0.796226E-01
  0.799957E-01
  0.803707E-01
  0.807475E-01
  0.811263E-01
  0.815069E-01
  0.818894E-01
  0.822739E-01
  0.826603E-01
  0.830486E-01
