         767
 -0.250000E-01
 -0.249000E-01
 -0.248000E-01
 -0.247000E-01
 -0.246000E-01
 -0.245000E-01
 -0.244000E-01
 -0.243000E-01
 -0.242000E-01
 -0.241000E-01
 -0.240000E-01
 -0.239000E-01
 -0.238000E-01
 -0.237000E-01
 -0.236000E-01
 -0.235000E-01
 -0.234000E-01
 -0.233000E-01
 -0.232000E-01
 -0.231000E-01
 -0.230000E-01
 -0.229000E-01
 -0.228000E-01
 -0.227000E-01
 -0.226000E-01
 -0.225000E-01
 -0.224000E-01
 -0.223000E-01
 -0.222000E-01
 -0.221000E-01
 -0.220000E-01
 -0.219000E-01
 -0.218000E-01
 -0.217000E-01
 -0.216000E-01
 -0.215000E-01
 -0.214000E-01
 -0.213000E-01
 -0.212000E-01
 -0.211000E-01
 -0.210000E-01
 -0.209000E-01
 -0.208000E-01
 -0.207000E-01
 -0.206000E-01
 -0.205000E-01
 -0.204000E-01
 -0.203000E-01
 -0.202000E-01
 -0.201000E-01
 -0.200000E-01
 -0.199000E-01
 -0.198000E-01
 -0.197000E-01
 -0.196000E-01
 -0.195000E-01
 -0.194000E-01
 -0.193000E-01
 -0.192000E-01
 -0.191000E-01
 -0.190000E-01
 -0.189000E-01
 -0.188000E-01
 -0.187000E-01
 -0.186000E-01
 -0.185000E-01
 -0.184000E-01
 -0.183000E-01
 -0.182000E-01
 -0.181000E-01
 -0.180000E-01
 -0.179000E-01
 -0.178000E-01
 -0.177000E-01
 -0.176000E-01
 -0.175000E-01
 -0.174000E-01
 -0.173000E-01
 -0.172000E-01
 -0.171000E-01
 -0.170000E-01
 -0.169000E-01
 -0.168000E-01
 -0.167000E-01
 -0.166000E-01
 -0.165000E-01
 -0.164000E-01
 -0.163000E-01
 -0.162000E-01
 -0.161000E-01
 -0.160000E-01
 -0.159000E-01
 -0.158000E-01
 -0.157000E-01
 -0.156000E-01
 -0.155000E-01
 -0.154000E-01
 -0.153000E-01
 -0.152000E-01
 -0.151000E-01
 -0.150000E-01
 -0.149000E-01
 -0.148000E-01
 -0.147000E-01
 -0.146000E-01
 -0.145000E-01
 -0.144000E-01
 -0.143000E-01
 -0.142000E-01
 -0.141000E-01
 -0.140000E-01
 -0.139000E-01
 -0.138000E-01
 -0.137000E-01
 -0.136000E-01
 -0.135000E-01
 -0.134000E-01
 -0.133000E-01
 -0.132000E-01
 -0.131000E-01
 -0.130000E-01
 -0.129000E-01
 -0.128000E-01
 -0.127000E-01
 -0.126000E-01
 -0.125000E-01
 -0.124000E-01
 -0.123000E-01
 -0.122000E-01
 -0.121000E-01
 -0.120000E-01
 -0.119000E-01
 -0.118000E-01
 -0.117000E-01
 -0.116000E-01
 -0.115000E-01
 -0.114000E-01
 -0.113000E-01
 -0.112000E-01
 -0.111000E-01
 -0.110000E-01
 -0.109000E-01
 -0.108000E-01
 -0.107000E-01
 -0.106000E-01
 -0.105000E-01
 -0.104000E-01
 -0.103000E-01
 -0.102000E-01
 -0.101000E-01
 -0.100000E-01
 -0.990000E-02
 -0.980000E-02
 -0.970000E-02
 -0.960000E-02
 -0.950000E-02
 -0.940000E-02
 -0.930000E-02
 -0.920000E-02
 -0.910000E-02
 -0.900000E-02
 -0.890000E-02
 -0.880000E-02
 -0.870000E-02
 -0.860000E-02
 -0.850000E-02
 -0.840000E-02
 -0.830000E-02
 -0.820000E-02
 -0.810000E-02
 -0.800000E-02
 -0.790000E-02
 -0.780000E-02
 -0.770000E-02
 -0.760000E-02
 -0.750000E-02
 -0.740000E-02
 -0.730000E-02
 -0.720000E-02
 -0.710000E-02
 -0.700000E-02
 -0.690000E-02
 -0.680000E-02
 -0.670000E-02
 -0.660000E-02
 -0.650000E-02
 -0.640000E-02
 -0.630000E-02
 -0.620000E-02
 -0.610000E-02
 -0.600000E-02
 -0.590000E-02
 -0.580000E-02
 -0.570000E-02
 -0.560000E-02
 -0.550000E-02
 -0.540000E-02
 -0.530000E-02
 -0.520000E-02
 -0.510000E-02
 -0.500000E-02
 -0.490000E-02
 -0.480000E-02
 -0.470000E-02
 -0.460000E-02
 -0.450000E-02
 -0.440000E-02
 -0.430000E-02
 -0.420000E-02
 -0.410000E-02
 -0.400000E-02
 -0.390000E-02
 -0.380000E-02
 -0.370000E-02
 -0.360000E-02
 -0.350000E-02
 -0.340000E-02
 -0.330000E-02
 -0.320000E-02
 -0.310000E-02
 -0.300000E-02
 -0.290000E-02
 -0.280000E-02
 -0.270000E-02
 -0.260000E-02
 -0.250000E-02
 -0.240000E-02
 -0.230000E-02
 -0.220000E-02
 -0.210000E-02
 -0.200000E-02
 -0.190000E-02
 -0.180000E-02
 -0.170000E-02
 -0.160000E-02
 -0.150000E-02
 -0.140000E-02
 -0.130000E-02
 -0.120000E-02
 -0.110000E-02
 -0.100000E-02
 -0.900000E-03
 -0.800000E-03
 -0.700000E-03
 -0.600000E-03
 -0.500000E-03
 -0.400000E-03
 -0.300000E-03
 -0.200000E-03
 -0.100000E-03
 -0.973885E-16
  0.100000E-03
  0.200000E-03
  0.300000E-03
  0.400000E-03
  0.500000E-03
  0.600000E-03
  0.700000E-03
  0.800000E-03
  0.900000E-03
  0.100000E-02
  0.110000E-02
  0.120000E-02
  0.130000E-02
  0.140000E-02
  0.150000E-02
  0.160000E-02
  0.170000E-02
  0.180000E-02
  0.190000E-02
  0.200000E-02
  0.210000E-02
  0.220000E-02
  0.230000E-02
  0.240000E-02
  0.250000E-02
  0.260000E-02
  0.270000E-02
  0.280000E-02
  0.290000E-02
  0.300000E-02
  0.310000E-02
  0.320000E-02
  0.330000E-02
  0.340000E-02
  0.350000E-02
  0.360000E-02
  0.370000E-02
  0.380000E-02
  0.390000E-02
  0.400000E-02
  0.410000E-02
  0.420000E-02
  0.430000E-02
  0.440000E-02
  0.450000E-02
  0.460000E-02
  0.470000E-02
  0.480000E-02
  0.490000E-02
  0.500000E-02
  0.510000E-02
  0.520000E-02
  0.530000E-02
  0.540000E-02
  0.550000E-02
  0.560000E-02
  0.570000E-02
  0.580000E-02
  0.590000E-02
  0.600000E-02
  0.610000E-02
  0.620000E-02
  0.630000E-02
  0.640000E-02
  0.650000E-02
  0.660000E-02
  0.670000E-02
  0.680000E-02
  0.690000E-02
  0.700000E-02
  0.710000E-02
  0.720000E-02
  0.730000E-02
  0.740000E-02
  0.750000E-02
  0.760000E-02
  0.770000E-02
  0.780000E-02
  0.790000E-02
  0.800000E-02
  0.810000E-02
  0.820000E-02
  0.830000E-02
  0.840000E-02
  0.850000E-02
  0.860000E-02
  0.870000E-02
  0.880000E-02
  0.890000E-02
  0.900000E-02
  0.910000E-02
  0.920000E-02
  0.930000E-02
  0.940000E-02
  0.950000E-02
  0.960000E-02
  0.970000E-02
  0.980000E-02
  0.990000E-02
  0.100000E-01
  0.101000E-01
  0.102000E-01
  0.103000E-01
  0.104000E-01
  0.105000E-01
  0.106000E-01
  0.107000E-01
  0.108000E-01
  0.109000E-01
  0.110000E-01
  0.111000E-01
  0.112000E-01
  0.113000E-01
  0.114000E-01
  0.115000E-01
  0.116000E-01
  0.117000E-01
  0.118000E-01
  0.119000E-01
  0.120000E-01
  0.121000E-01
  0.122000E-01
  0.123000E-01
  0.124000E-01
  0.125000E-01
  0.126000E-01
  0.127000E-01
  0.128000E-01
  0.129000E-01
  0.130000E-01
  0.131000E-01
  0.132000E-01
  0.133000E-01
  0.134000E-01
  0.135000E-01
  0.136000E-01
  0.137000E-01
  0.138000E-01
  0.139000E-01
  0.140000E-01
  0.141000E-01
  0.142000E-01
  0.143000E-01
  0.144000E-01
  0.145000E-01
  0.146000E-01
  0.147000E-01
  0.148000E-01
  0.149000E-01
  0.150000E-01
  0.151000E-01
  0.152000E-01
  0.153000E-01
  0.154000E-01
  0.155000E-01
  0.156000E-01
  0.157000E-01
  0.158000E-01
  0.159000E-01
  0.160000E-01
  0.161000E-01
  0.162000E-01
  0.163000E-01
  0.164000E-01
  0.165000E-01
  0.166000E-01
  0.167000E-01
  0.168000E-01
  0.169000E-01
  0.170000E-01
  0.171000E-01
  0.172000E-01
  0.173000E-01
  0.174000E-01
  0.175000E-01
  0.176000E-01
  0.177000E-01
  0.178000E-01
  0.179000E-01
  0.180000E-01
  0.181000E-01
  0.182000E-01
  0.183000E-01
  0.184000E-01
  0.185000E-01
  0.186000E-01
  0.187000E-01
  0.188000E-01
  0.189000E-01
  0.190000E-01
  0.191000E-01
  0.192000E-01
  0.193000E-01
  0.194000E-01
  0.195000E-01
  0.196000E-01
  0.197000E-01
  0.198000E-01
  0.199000E-01
  0.200000E-01
  0.201000E-01
  0.202000E-01
  0.203000E-01
  0.204000E-01
  0.205000E-01
  0.206000E-01
  0.207000E-01
  0.208000E-01
  0.209000E-01
  0.210000E-01
  0.211000E-01
  0.212000E-01
  0.213000E-01
  0.214000E-01
  0.215000E-01
  0.216000E-01
  0.217000E-01
  0.218000E-01
  0.219000E-01
  0.220000E-01
  0.221000E-01
  0.222000E-01
  0.223000E-01
  0.224000E-01
  0.225000E-01
  0.226000E-01
  0.227000E-01
  0.228000E-01
  0.229000E-01
  0.230000E-01
  0.231000E-01
  0.232000E-01
  0.233000E-01
  0.234000E-01
  0.235000E-01
  0.236000E-01
  0.237000E-01
  0.238000E-01
  0.239000E-01
  0.240000E-01
  0.241000E-01
  0.242005E-01
  0.243015E-01
  0.244030E-01
  0.245050E-01
  0.246076E-01
  0.247106E-01
  0.248141E-01
  0.249182E-01
  0.250228E-01
  0.251279E-01
  0.252336E-01
  0.253397E-01
  0.254464E-01
  0.255537E-01
  0.256614E-01
  0.257697E-01
  0.258786E-01
  0.259880E-01
  0.260979E-01
  0.262084E-01
  0.263194E-01
  0.264310E-01
  0.265432E-01
  0.266559E-01
  0.267692E-01
  0.268830E-01
  0.269975E-01
  0.271124E-01
  0.272280E-01
  0.273441E-01
  0.274609E-01
  0.275782E-01
  0.276961E-01
  0.278145E-01
  0.279336E-01
  0.280533E-01
  0.281735E-01
  0.282944E-01
  0.284159E-01
  0.285380E-01
  0.286607E-01
  0.287840E-01
  0.289079E-01
  0.290324E-01
  0.291576E-01
  0.292834E-01
  0.294098E-01
  0.295368E-01
  0.296645E-01
  0.297928E-01
  0.299218E-01
  0.300514E-01
  0.301817E-01
  0.303126E-01
  0.304441E-01
  0.305764E-01
  0.307092E-01
  0.308428E-01
  0.309770E-01
  0.311119E-01
  0.312474E-01
  0.313837E-01
  0.315206E-01
  0.316582E-01
  0.317965E-01
  0.319355E-01
  0.320752E-01
  0.322155E-01
  0.323566E-01
  0.324984E-01
  0.326409E-01
  0.327841E-01
  0.329280E-01
  0.330727E-01
  0.332180E-01
  0.333641E-01
  0.335109E-01
  0.336585E-01
  0.338068E-01
  0.339558E-01
  0.341056E-01
  0.342561E-01
  0.344074E-01
  0.345594E-01
  0.347122E-01
  0.348658E-01
  0.350201E-01
  0.351752E-01
  0.353311E-01
  0.354877E-01
  0.356452E-01
  0.358034E-01
  0.359624E-01
  0.361222E-01
  0.362829E-01
  0.364443E-01
  0.366065E-01
  0.367695E-01
  0.369334E-01
  0.370980E-01
  0.372635E-01
  0.374298E-01
  0.375970E-01
  0.377650E-01
  0.379338E-01
  0.381035E-01
  0.382740E-01
  0.384454E-01
  0.386176E-01
  0.387907E-01
  0.389646E-01
  0.391395E-01
  0.393151E-01
  0.394917E-01
  0.396692E-01
  0.398475E-01
  0.400268E-01
  0.402069E-01
  0.403879E-01
  0.405699E-01
  0.407527E-01
  0.409365E-01
  0.411212E-01
  0.413068E-01
  0.414933E-01
  0.416808E-01
  0.418692E-01
  0.420585E-01
  0.422488E-01
  0.424401E-01
  0.426323E-01
  0.428254E-01
  0.430196E-01
  0.432146E-01
  0.434107E-01
  0.436078E-01
  0.438058E-01
  0.440048E-01
  0.442049E-01
  0.444059E-01
  0.446079E-01
  0.448110E-01
  0.450150E-01
  0.452201E-01
  0.454262E-01
  0.456333E-01
  0.458415E-01
  0.460507E-01
  0.462610E-01
  0.464723E-01
  0.466846E-01
  0.468980E-01
  0.471125E-01
  0.473281E-01
  0.475447E-01
  0.477625E-01
  0.479813E-01
  0.482012E-01
  0.484222E-01
  0.486443E-01
  0.488675E-01
  0.490919E-01
  0.493173E-01
  0.495439E-01
  0.497716E-01
  0.500005E-01
  0.502305E-01
  0.504616E-01
  0.506939E-01
  0.509274E-01
  0.511620E-01
  0.513979E-01
  0.516348E-01
  0.518730E-01
  0.521124E-01
  0.523529E-01
  0.525947E-01
  0.528377E-01
  0.530819E-01
  0.533273E-01
  0.535739E-01
  0.538218E-01
  0.540709E-01
  0.543212E-01
  0.545729E-01
  0.548257E-01
  0.550798E-01
  0.553352E-01
  0.555919E-01
  0.558499E-01
  0.561091E-01
  0.563697E-01
  0.566315E-01
  0.568947E-01
  0.571592E-01
  0.574250E-01
  0.576921E-01
  0.579605E-01
  0.582303E-01
  0.585015E-01
  0.587740E-01
  0.590479E-01
  0.593231E-01
  0.595997E-01
  0.598777E-01
  0.601571E-01
  0.604379E-01
  0.607201E-01
  0.610037E-01
  0.612887E-01
  0.615752E-01
  0.618630E-01
  0.621523E-01
  0.624431E-01
  0.627353E-01
  0.630290E-01
  0.633241E-01
  0.636208E-01
  0.639189E-01
  0.642185E-01
  0.645196E-01
  0.648221E-01
  0.651263E-01
  0.654319E-01
  0.657391E-01
  0.660477E-01
  0.663580E-01
  0.666698E-01
  0.669831E-01
  0.672980E-01
  0.676145E-01
  0.679326E-01
  0.682523E-01
  0.685735E-01
  0.688964E-01
  0.692209E-01
  0.695470E-01
  0.698747E-01
  0.702041E-01
  0.705351E-01
  0.708678E-01
  0.712021E-01
  0.715381E-01
  0.718758E-01
  0.722152E-01
  0.725563E-01
  0.728991E-01
  0.732436E-01
  0.735898E-01
  0.739377E-01
  0.742874E-01
  0.746388E-01
  0.749920E-01
  0.753470E-01
  0.757037E-01
  0.760623E-01
  0.764226E-01
  0.767847E-01
  0.771486E-01
  0.775143E-01
  0.778819E-01
  0.782513E-01
  0.786226E-01
  0.789957E-01
  0.793707E-01
  0.797475E-01
  0.801263E-01
  0.805069E-01
  0.808894E-01
  0.812739E-01
  0.816603E-01
  0.820486E-01
  0.824388E-01
  0.828310E-01
  0.832251E-01
