 -0.399999E+02
 -0.399993E+02
 -0.399980E+02
 -0.399960E+02
 -0.399934E+02
 -0.399901E+02
 -0.399861E+02
 -0.399815E+02
 -0.399761E+02
 -0.399700E+02
 -0.399632E+02
 -0.399557E+02
 -0.399474E+02
 -0.399384E+02
 -0.399287E+02
 -0.399182E+02
 -0.399069E+02
 -0.398949E+02
 -0.398821E+02
 -0.398685E+02
 -0.398540E+02
 -0.398388E+02
 -0.398228E+02
 -0.398059E+02
 -0.397882E+02
 -0.397696E+02
 -0.397502E+02
 -0.397299E+02
 -0.397088E+02
 -0.396867E+02
 -0.396638E+02
 -0.396400E+02
 -0.396152E+02
 -0.395896E+02
 -0.395630E+02
 -0.395354E+02
 -0.395069E+02
 -0.394775E+02
 -0.394471E+02
 -0.394157E+02
 -0.393833E+02
 -0.393499E+02
 -0.393155E+02
 -0.392801E+02
 -0.392437E+02
 -0.392062E+02
 -0.391677E+02
 -0.391281E+02
 -0.390874E+02
 -0.390457E+02
 -0.390028E+02
 -0.389589E+02
 -0.389139E+02
 -0.388677E+02
 -0.388204E+02
 -0.387720E+02
 -0.387224E+02
 -0.386716E+02
 -0.386197E+02
 -0.385666E+02
 -0.385122E+02
 -0.384567E+02
 -0.384000E+02
 -0.383420E+02
 -0.382828E+02
 -0.382224E+02
 -0.381607E+02
 -0.380977E+02
 -0.380335E+02
 -0.379679E+02
 -0.379011E+02
 -0.378329E+02
 -0.377634E+02
 -0.376926E+02
 -0.376205E+02
 -0.375470E+02
 -0.374721E+02
 -0.373958E+02
 -0.373182E+02
 -0.372392E+02
 -0.371587E+02
 -0.370769E+02
 -0.369936E+02
 -0.369089E+02
 -0.368227E+02
 -0.367350E+02
 -0.366459E+02
 -0.365554E+02
 -0.364633E+02
 -0.363697E+02
 -0.362746E+02
 -0.361780E+02
 -0.360799E+02
 -0.359802E+02
 -0.358790E+02
 -0.357762E+02
 -0.356719E+02
 -0.355659E+02
 -0.354584E+02
 -0.353493E+02
 -0.352386E+02
 -0.351262E+02
 -0.350122E+02
 -0.348966E+02
 -0.347794E+02
 -0.346605E+02
 -0.345399E+02
 -0.344177E+02
 -0.342938E+02
 -0.341682E+02
 -0.340409E+02
 -0.339119E+02
 -0.337812E+02
 -0.336488E+02
 -0.335146E+02
 -0.333787E+02
 -0.332411E+02
 -0.331017E+02
 -0.329606E+02
 -0.328177E+02
 -0.326730E+02
 -0.325266E+02
 -0.323784E+02
 -0.322284E+02
 -0.320766E+02
 -0.319230E+02
 -0.317676E+02
 -0.316104E+02
 -0.314513E+02
 -0.312905E+02
 -0.311278E+02
 -0.309633E+02
 -0.307970E+02
 -0.306288E+02
 -0.304588E+02
 -0.302869E+02
 -0.301132E+02
 -0.299376E+02
 -0.297602E+02
 -0.295809E+02
 -0.293998E+02
 -0.292168E+02
 -0.290320E+02
 -0.288453E+02
 -0.286567E+02
 -0.284663E+02
 -0.282740E+02
 -0.280798E+02
 -0.278838E+02
 -0.276859E+02
 -0.274861E+02
 -0.272845E+02
 -0.270810E+02
 -0.268756E+02
 -0.266684E+02
 -0.264594E+02
 -0.262485E+02
 -0.260357E+02
 -0.258211E+02
 -0.256047E+02
 -0.253864E+02
 -0.251663E+02
 -0.249443E+02
 -0.247206E+02
 -0.244950E+02
 -0.242676E+02
 -0.240384E+02
 -0.238074E+02
 -0.235746E+02
 -0.233400E+02
 -0.231037E+02
 -0.228655E+02
 -0.226257E+02
 -0.223840E+02
 -0.221407E+02
 -0.218956E+02
 -0.216488E+02
 -0.214002E+02
 -0.211500E+02
 -0.208981E+02
 -0.206445E+02
 -0.203893E+02
 -0.201324E+02
 -0.198738E+02
 -0.196136E+02
 -0.193519E+02
 -0.190885E+02
 -0.188235E+02
 -0.185570E+02
 -0.182889E+02
 -0.180193E+02
 -0.177482E+02
 -0.174755E+02
 -0.172014E+02
 -0.169258E+02
 -0.166488E+02
 -0.163703E+02
 -0.160904E+02
 -0.158091E+02
 -0.155265E+02
 -0.152424E+02
 -0.149571E+02
 -0.146704E+02
 -0.143824E+02
 -0.140932E+02
 -0.138027E+02
 -0.135109E+02
 -0.132180E+02
 -0.129239E+02
 -0.126286E+02
 -0.123321E+02
 -0.120346E+02
 -0.117359E+02
 -0.114362E+02
 -0.111355E+02
 -0.108337E+02
 -0.105309E+02
 -0.102272E+02
 -0.992247E+01
 -0.961686E+01
 -0.931036E+01
 -0.900300E+01
 -0.869479E+01
 -0.838578E+01
 -0.807598E+01
 -0.776542E+01
 -0.745414E+01
 -0.714215E+01
 -0.682949E+01
 -0.651619E+01
 -0.620227E+01
 -0.588776E+01
 -0.557269E+01
 -0.525710E+01
 -0.494101E+01
 -0.462444E+01
 -0.430744E+01
 -0.399002E+01
 -0.367223E+01
 -0.335408E+01
 -0.303562E+01
 -0.271686E+01
 -0.239784E+01
 -0.207859E+01
 -0.175915E+01
 -0.143953E+01
 -0.111978E+01
 -0.799920E+00
 -0.479983E+00
 -0.159999E+00
  0.159999E+00
  0.479983E+00
  0.799920E+00
  0.111978E+01
  0.143953E+01
  0.175915E+01
  0.207859E+01
  0.239784E+01
  0.271686E+01
  0.303562E+01
  0.335408E+01
  0.367223E+01
  0.399002E+01
  0.430744E+01
  0.462444E+01
  0.494101E+01
  0.525710E+01
  0.557269E+01
  0.588776E+01
  0.620227E+01
  0.651619E+01
  0.682949E+01
  0.714215E+01
  0.745414E+01
  0.776542E+01
  0.807598E+01
  0.838578E+01
  0.869479E+01
  0.900300E+01
  0.931036E+01
  0.961686E+01
  0.992247E+01
  0.102272E+02
  0.105309E+02
  0.108337E+02
  0.111355E+02
  0.114362E+02
  0.117359E+02
  0.120346E+02
  0.123321E+02
  0.126286E+02
  0.129239E+02
  0.132180E+02
  0.135109E+02
  0.138027E+02
  0.140932E+02
  0.143824E+02
  0.146704E+02
  0.149571E+02
  0.152424E+02
  0.155265E+02
  0.158091E+02
  0.160904E+02
  0.163703E+02
  0.166488E+02
  0.169258E+02
  0.172014E+02
  0.174755E+02
  0.177482E+02
  0.180193E+02
  0.182889E+02
  0.185570E+02
  0.188235E+02
  0.190885E+02
  0.193519E+02
  0.196136E+02
  0.198738E+02
  0.201324E+02
  0.203893E+02
  0.206445E+02
  0.208981E+02
  0.211500E+02
  0.214002E+02
  0.216488E+02
  0.218956E+02
  0.221407E+02
  0.223840E+02
  0.226257E+02
  0.228655E+02
  0.231037E+02
  0.233400E+02
  0.235746E+02
  0.238074E+02
  0.240384E+02
  0.242676E+02
  0.244950E+02
  0.247206E+02
  0.249443E+02
  0.251663E+02
  0.253864E+02
  0.256047E+02
  0.258211E+02
  0.260357E+02
  0.262485E+02
  0.264594E+02
  0.266684E+02
  0.268756E+02
  0.270810E+02
  0.272845E+02
  0.274861E+02
  0.276859E+02
  0.278838E+02
  0.280798E+02
  0.282740E+02
  0.284663E+02
  0.286567E+02
  0.288453E+02
  0.290320E+02
  0.292168E+02
  0.293998E+02
  0.295809E+02
  0.297602E+02
  0.299376E+02
  0.301132E+02
  0.302869E+02
  0.304588E+02
  0.306288E+02
  0.307970E+02
  0.309633E+02
  0.311278E+02
  0.312905E+02
  0.314513E+02
  0.316104E+02
  0.317676E+02
  0.319230E+02
  0.320766E+02
  0.322284E+02
  0.323784E+02
  0.325266E+02
  0.326730E+02
  0.328177E+02
  0.329606E+02
  0.331017E+02
  0.332411E+02
  0.333787E+02
  0.335146E+02
  0.336488E+02
  0.337812E+02
  0.339119E+02
  0.340409E+02
  0.341682E+02
  0.342938E+02
  0.344177E+02
  0.345399E+02
  0.346605E+02
  0.347794E+02
  0.348966E+02
  0.350122E+02
  0.351262E+02
  0.352386E+02
  0.353493E+02
  0.354584E+02
  0.355659E+02
  0.356719E+02
  0.357762E+02
  0.358790E+02
  0.359802E+02
  0.360799E+02
  0.361780E+02
  0.362746E+02
  0.363697E+02
  0.364633E+02
  0.365554E+02
  0.366459E+02
  0.367350E+02
  0.368227E+02
  0.369089E+02
  0.369936E+02
  0.370769E+02
  0.371587E+02
  0.372392E+02
  0.373182E+02
  0.373958E+02
  0.374721E+02
  0.375470E+02
  0.376205E+02
  0.376926E+02
  0.377634E+02
  0.378329E+02
  0.379011E+02
  0.379679E+02
  0.380335E+02
  0.380977E+02
  0.381607E+02
  0.382224E+02
  0.382828E+02
  0.383420E+02
  0.384000E+02
  0.384567E+02
  0.385122E+02
  0.385666E+02
  0.386197E+02
  0.386716E+02
  0.387224E+02
  0.387720E+02
  0.388204E+02
  0.388677E+02
  0.389139E+02
  0.389589E+02
  0.390028E+02
  0.390457E+02
  0.390874E+02
  0.391281E+02
  0.391677E+02
  0.392062E+02
  0.392437E+02
  0.392801E+02
  0.393155E+02
  0.393499E+02
  0.393833E+02
  0.394157E+02
  0.394471E+02
  0.394775E+02
  0.395069E+02
  0.395354E+02
  0.395630E+02
  0.395896E+02
  0.396152E+02
  0.396400E+02
  0.396638E+02
  0.396867E+02
  0.397088E+02
  0.397299E+02
  0.397502E+02
  0.397696E+02
  0.397882E+02
  0.398059E+02
  0.398228E+02
  0.398388E+02
  0.398540E+02
  0.398685E+02
  0.398821E+02
  0.398949E+02
  0.399069E+02
  0.399182E+02
  0.399287E+02
  0.399384E+02
  0.399474E+02
  0.399557E+02
  0.399632E+02
  0.399700E+02
  0.399761E+02
  0.399815E+02
  0.399862E+02
  0.399902E+02
  0.399936E+02
  0.399962E+02
  0.399982E+02
  0.399994E+02
  0.400000E+02
  0.399998E+02
  0.399990E+02
  0.399974E+02
  0.399951E+02
  0.399922E+02
  0.399885E+02
  0.399841E+02
  0.399790E+02
  0.399731E+02
  0.399666E+02
  0.399594E+02
  0.399514E+02
  0.399427E+02
  0.399333E+02
  0.399232E+02
  0.399124E+02
  0.399008E+02
  0.398885E+02
  0.398755E+02
  0.398618E+02
  0.398474E+02
  0.398322E+02
  0.398163E+02
  0.397997E+02
  0.397824E+02
  0.397643E+02
  0.397455E+02
  0.397261E+02
  0.397058E+02
  0.396849E+02
  0.396632E+02
  0.396409E+02
  0.396178E+02
  0.395939E+02
  0.395694E+02
  0.395442E+02
  0.395182E+02
  0.394915E+02
  0.394641E+02
  0.394360E+02
  0.394072E+02
  0.393777E+02
  0.393474E+02
  0.393165E+02
  0.392848E+02
  0.392525E+02
  0.392194E+02
  0.391856E+02
  0.391512E+02
  0.391160E+02
  0.390802E+02
  0.390436E+02
  0.390064E+02
  0.389684E+02
  0.389298E+02
  0.388905E+02
  0.388505E+02
  0.388098E+02
  0.387685E+02
  0.387265E+02
  0.386838E+02
  0.386404E+02
  0.385964E+02
  0.385517E+02
  0.385063E+02
  0.384603E+02
  0.384136E+02
  0.383663E+02
  0.383183E+02
  0.382697E+02
  0.382204E+02
  0.381705E+02
  0.381200E+02
  0.380688E+02
  0.380170E+02
  0.379646E+02
  0.379115E+02
  0.378578E+02
  0.378035E+02
  0.377486E+02
  0.376931E+02
  0.376370E+02
  0.375803E+02
  0.375230E+02
  0.374651E+02
  0.374066E+02
  0.373475E+02
  0.372878E+02
  0.372276E+02
  0.371668E+02
  0.371055E+02
  0.370435E+02
  0.369811E+02
  0.369180E+02
  0.368544E+02
  0.367903E+02
  0.367256E+02
  0.366604E+02
  0.365946E+02
  0.365283E+02
  0.364616E+02
  0.363943E+02
  0.363264E+02
  0.362581E+02
  0.361893E+02
  0.361199E+02
  0.360501E+02
  0.359798E+02
  0.359090E+02
  0.358377E+02
  0.357660E+02
  0.356938E+02
  0.356211E+02
  0.355480E+02
  0.354744E+02
  0.354003E+02
  0.353258E+02
  0.352509E+02
  0.351756E+02
  0.350998E+02
  0.350236E+02
  0.349470E+02
  0.348700E+02
  0.347925E+02
  0.347147E+02
  0.346365E+02
  0.345578E+02
  0.344788E+02
  0.343994E+02
  0.343197E+02
  0.342395E+02
  0.341590E+02
  0.340782E+02
  0.339970E+02
  0.339154E+02
  0.338335E+02
  0.337513E+02
  0.336687E+02
  0.335858E+02
  0.335026E+02
  0.334190E+02
  0.333352E+02
  0.332510E+02
  0.331666E+02
  0.330818E+02
  0.329968E+02
  0.329115E+02
  0.328259E+02
  0.327400E+02
  0.326538E+02
  0.325674E+02
  0.324808E+02
  0.323939E+02
  0.323067E+02
  0.322193E+02
  0.321317E+02
  0.320438E+02
  0.319557E+02
  0.318674E+02
  0.317788E+02
  0.316901E+02
  0.316011E+02
  0.315120E+02
  0.314226E+02
  0.313331E+02
  0.312434E+02
  0.311535E+02
  0.310634E+02
  0.309731E+02
  0.308827E+02
  0.307921E+02
  0.307014E+02
  0.306105E+02
  0.305195E+02
  0.304283E+02
  0.303370E+02
  0.302456E+02
  0.301540E+02
  0.300623E+02
  0.299705E+02
  0.298786E+02
  0.297866E+02
  0.296945E+02
  0.296023E+02
  0.295099E+02
  0.294175E+02
  0.293250E+02
  0.292325E+02
  0.291399E+02
  0.290472E+02
  0.289544E+02
  0.288615E+02
  0.287686E+02
  0.286757E+02
  0.285827E+02
  0.284897E+02
  0.283966E+02
  0.283034E+02
  0.282103E+02
  0.281171E+02
  0.280239E+02
  0.279307E+02
  0.278375E+02
  0.277442E+02
  0.276510E+02
  0.275577E+02
  0.274645E+02
  0.273712E+02
  0.272780E+02
  0.271847E+02
  0.270915E+02
  0.269983E+02
  0.269052E+02
  0.268120E+02
  0.267189E+02
  0.266258E+02
  0.265328E+02
  0.264398E+02
  0.263468E+02
  0.262539E+02
  0.261611E+02
  0.260683E+02
  0.259756E+02
  0.258829E+02
  0.257903E+02
  0.256977E+02
  0.256053E+02
  0.255129E+02
  0.254206E+02
  0.253283E+02
  0.252362E+02
  0.251441E+02
  0.250522E+02
  0.249603E+02
  0.248685E+02
  0.247768E+02
  0.246852E+02
  0.245938E+02
  0.245024E+02
  0.244112E+02
  0.243200E+02
  0.242290E+02
  0.241381E+02
  0.240473E+02
  0.239567E+02
  0.238661E+02
  0.237757E+02
  0.236855E+02
  0.235953E+02
  0.235053E+02
  0.234155E+02
  0.233258E+02
  0.232362E+02
  0.231468E+02
  0.230575E+02
  0.229684E+02
  0.228794E+02
  0.227906E+02
  0.227019E+02
  0.226134E+02
  0.225251E+02
  0.224369E+02
  0.223489E+02
  0.222610E+02
  0.221734E+02
  0.220859E+02
