    0.1197782158E-01     0.6731372997E-02     0.5160871981E-03     0.1280596807E-01     0.1989281298E-03    -0.3275704720E-02     0.4343738740E+01     0.4138542533E+03
    0.1025413990E-01     0.5756943856E-02     0.4397176960E-03     0.1092840175E-01     0.1673046241E-03    -0.8456522868E-02     0.1184968676E+02     0.4839910286E+03
    0.9180758633E-02     0.5147553135E-02     0.3909531657E-03     0.9743237659E-02     0.1462392663E-03    -0.1290289104E-01     0.1869133007E+02     0.5414216761E+03
    0.8415149192E-02     0.4711481439E-02     0.3554302323E-03     0.8889358751E-02     0.1305047643E-03    -0.1746361663E-01     0.2510228851E+02     0.5916932586E+03
    0.7828015267E-02     0.4376188345E-02     0.3276761614E-03     0.8229286067E-02     0.1180182713E-03    -0.2254838187E-01     0.3119046693E+02     0.6372065528E+03
    0.7355307899E-02     0.4105623256E-02     0.3049486121E-03     0.7694225384E-02     0.1076954016E-03    -0.2835328268E-01     0.3703862766E+02     0.6793931382E+03
    0.6962909364E-02     0.3880580769E-02     0.2857868969E-03     0.7247507394E-02     0.9894895890E-04    -0.3495605208E-01     0.4268271214E+02     0.7189976006E+03
    0.6629653440E-02     0.3689122674E-02     0.2692773073E-03     0.6866240061E-02     0.9140205082E-04    -0.4239397727E-01     0.4815025945E+02     0.7565256288E+03
    0.6341472061E-02     0.3523298904E-02     0.2548069400E-03     0.6535114138E-02     0.8479592014E-04    -0.5068936626E-01     0.5346494275E+02     0.7923511841E+03
    0.6088828242E-02     0.3377713056E-02     0.2419583965E-03     0.6243707918E-02     0.7895108241E-04    -0.5985076575E-01     0.5864208885E+02     0.8267271189E+03
    0.5864806473E-02     0.3248446008E-02     0.2304267898E-03     0.5984426556E-02     0.7373388828E-04    -0.6988344800E-01     0.6369507789E+02     0.8598523352E+03
    0.5664230149E-02     0.3132559605E-02     0.2199820215E-03     0.5751556767E-02     0.6904172605E-04    -0.8079327070E-01     0.6863621179E+02     0.8918901420E+03
    0.5483249600E-02     0.3027867101E-02     0.2104527191E-03     0.5540837871E-02     0.6479691031E-04    -0.9257934980E-01     0.7347358148E+02     0.9229568845E+03
    0.5318792115E-02     0.2932620397E-02     0.2017007895E-03     0.5348852275E-02     0.6093590181E-04    -0.1052440612E+00     0.7821618053E+02     0.9531606107E+03
    0.5168429837E-02     0.2845436843E-02     0.1936165746E-03     0.5172890305E-02     0.5740753726E-04    -0.1187869504E+00     0.8287180719E+02     0.9825910711E+03
    0.5030274491E-02     0.2765240732E-02     0.1861149713E-03     0.5010841167E-02     0.5417142786E-04    -0.1331948306E+00     0.8744520659E+02     0.1011310845E+04
    0.4902129530E-02     0.2690784571E-02     0.1790932607E-03     0.4860212616E-02     0.5117793804E-04    -0.1485349210E+00     0.9196361389E+02     0.1039518595E+04
    0.4782739200E-02     0.2621351470E-02     0.1724941470E-03     0.4719590940E-02     0.4839942899E-04    -0.1648125164E+00     0.9643382015E+02     0.1067277446E+04
    0.4671166511E-02     0.2556406058E-02     0.1662755620E-03     0.4587923783E-02     0.4581515651E-04    -0.1820244541E+00     0.1008576491E+03     0.1094616034E+04
    0.4566589915E-02     0.2495478342E-02     0.1604002614E-03     0.4464284773E-02     0.4340659635E-04    -0.2001752726E+00     0.1052376625E+03     0.1121565011E+04
    0.4468285407E-02     0.2438153645E-02     0.1548351053E-03     0.4347854494E-02     0.4115716189E-04    -0.2192750550E+00     0.1095771000E+03     0.1148157026E+04
    0.4375650363E-02     0.2384086791E-02     0.1495526418E-03     0.4237950372E-02     0.3905284471E-04    -0.2393311741E+00     0.1138780083E+03     0.1174415602E+04
    0.4288161972E-02     0.2332978190E-02     0.1445290192E-03     0.4133979125E-02     0.3708130410E-04    -0.2603510861E+00     0.1181422172E+03     0.1200361495E+04
    0.4205346181E-02     0.2284555842E-02     0.1397423320E-03     0.4035400751E-02     0.3523122310E-04    -0.2823471656E+00     0.1223723076E+03     0.1226018792E+04
    0.4126804909E-02     0.2238591423E-02     0.1351743416E-03     0.3941761840E-02     0.3349294510E-04    -0.3053275019E+00     0.1265697667E+03     0.1251403888E+04
    0.4052186702E-02     0.2194883278E-02     0.1308089058E-03     0.3852661410E-02     0.3185783078E-04    -0.3293003506E+00     0.1307359547E+03     0.1276531553E+04
    0.3981165464E-02     0.2153244060E-02     0.1266308249E-03     0.3767726054E-02     0.3031780773E-04    -0.3542788084E+00     0.1348729734E+03     0.1301420280E+04
    0.3913479371E-02     0.2113523612E-02     0.1226281957E-03     0.3686656861E-02     0.2886623096E-04    -0.3802665793E+00     0.1389810996E+03     0.1326076944E+04
    0.3848867259E-02     0.2075571805E-02     0.1187887672E-03     0.3609153918E-02     0.2749649055E-04    -0.4072769371E+00     0.1430622025E+03     0.1350517452E+04
    0.3787095581E-02     0.2039254294E-02     0.1151015243E-03     0.3534948483E-02     0.2620263376E-04    -0.4353242913E+00     0.1471180705E+03     0.1374756721E+04
    0.3727990496E-02     0.2004471558E-02     0.1115587147E-03     0.3463842227E-02     0.2497999832E-04    -0.4644061422E+00     0.1511479057E+03     0.1398793810E+04
    0.3671347986E-02     0.1971106048E-02     0.1081504942E-03     0.3395599273E-02     0.2382334520E-04    -0.4945425751E+00     0.1551541432E+03     0.1422646731E+04
    0.3616995741E-02     0.1939058571E-02     0.1048686441E-03     0.3330020619E-02     0.2272816632E-04    -0.5257486254E+00     0.1591383026E+03     0.1446327686E+04
    0.3564798362E-02     0.1908251489E-02     0.1017069544E-03     0.3266950878E-02     0.2169075306E-04    -0.5580271845E+00     0.1631002325E+03     0.1469838664E+04
    0.3514621672E-02     0.1878607688E-02     0.9865908831E-04     0.3206235303E-02     0.2070747259E-04    -0.5913874155E+00     0.1670405514E+03     0.1493186006E+04
    0.3466333794E-02     0.1850051220E-02     0.9571866356E-04     0.3147721145E-02     0.1977479846E-04    -0.6258448114E+00     0.1709605925E+03     0.1516380071E+04
    0.3419814672E-02     0.1822512929E-02     0.9287984424E-04     0.3091269199E-02     0.1888950233E-04    -0.6614151860E+00     0.1748616192E+03     0.1539430592E+04
    0.3374971646E-02     0.1795939720E-02     0.9013831825E-04     0.3036772887E-02     0.1804893538E-04    -0.6981012444E+00     0.1787433377E+03     0.1562337934E+04
    0.3331710543E-02     0.1770277482E-02     0.8748955307E-04     0.2984123321E-02     0.1725046555E-04    -0.7359123089E+00     0.1826061833E+03     0.1585106627E+04
    0.3289936688E-02     0.1745471655E-02     0.8492885801E-04     0.2933210433E-02     0.1649151078E-04    -0.7748650517E+00     0.1864512965E+03     0.1607745224E+04
    0.3249563247E-02     0.1721472203E-02     0.8245191359E-04     0.2883933235E-02     0.1576969014E-04    -0.8149760829E+00     0.1902797498E+03     0.1630261738E+04
    0.3210517516E-02     0.1698237356E-02     0.8005516413E-04     0.2836207504E-02     0.1508293189E-04    -0.8562551566E+00     0.1940918595E+03     0.1652659623E+04
    0.3172738836E-02     0.1675732427E-02     0.7773570779E-04     0.2789963443E-02     0.1442941775E-04    -0.8987044541E+00     0.1978872124E+03     0.1674937957E+04
    0.3136157032E-02     0.1653916971E-02     0.7548997513E-04     0.2745119268E-02     0.1380720787E-04    -0.9423414155E+00     0.2016667909E+03     0.1697103926E+04
    0.3100707310E-02     0.1632753630E-02     0.7331465053E-04     0.2701599398E-02     0.1321450672E-04    -0.9871836446E+00     0.2054315320E+03     0.1719164363E+04
    0.3066341927E-02     0.1612215147E-02     0.7120739865E-04     0.2659348904E-02     0.1264984755E-04    -0.1033233237E+01     0.2091809737E+03     0.1741117831E+04
    0.3033004012E-02     0.1592268743E-02     0.6916526462E-04     0.2618301428E-02     0.1211164881E-04    -0.1080508129E+01     0.2129159951E+03     0.1762970677E+04
    0.3000640841E-02     0.1572884013E-02     0.6718548805E-04     0.2578395345E-02     0.1159844420E-04    -0.1129026910E+01     0.2166374459E+03     0.1784729020E+04
    0.2969208896E-02     0.1554036004E-02     0.6526582669E-04     0.2539580211E-02     0.1110895099E-04    -0.1178799503E+01     0.2203454684E+03     0.1806394773E+04
    0.2938667341E-02     0.1535701294E-02     0.6340415206E-04     0.2501808623E-02     0.1064196410E-04    -0.1229836231E+01     0.2240402035E+03     0.1827969803E+04
    0.2908977759E-02     0.1517857869E-02     0.6159844430E-04     0.2465036045E-02     0.1019634657E-04    -0.1282146953E+01     0.2277217722E+03     0.1849455811E+04
    0.2880104026E-02     0.1500485017E-02     0.5984678106E-04     0.2429220532E-02     0.9771028859E-05    -0.1335741987E+01     0.2313902952E+03     0.1870854461E+04
    0.2852007337E-02     0.1483560376E-02     0.5814704667E-04     0.2394316709E-02     0.9364932064E-05    -0.1390640155E+01     0.2350464976E+03     0.1892170895E+04
    0.2824651536E-02     0.1467063086E-02     0.5649725190E-04     0.2360282194E-02     0.8977051295E-05    -0.1446860362E+01     0.2386910821E+03     0.1913410097E+04
    0.2798011613E-02     0.1450978978E-02     0.5489605620E-04     0.2327088397E-02     0.8606566943E-05    -0.1504402144E+01     0.2423234867E+03     0.1934569636E+04
    0.2772055064E-02     0.1435289312E-02     0.5334163819E-04     0.2294697235E-02     0.8252578851E-05    -0.1563282486E+01     0.2459443789E+03     0.1955654222E+04
    0.2746755647E-02     0.1419979064E-02     0.5183252746E-04     0.2263078233E-02     0.7914300589E-05    -0.1623505854E+01     0.2495538019E+03     0.1976664900E+04
    0.2722088490E-02     0.1405034016E-02     0.5036731455E-04     0.2232202557E-02     0.7590985901E-05    -0.1685071261E+01     0.2531517855E+03     0.1997602609E+04
    0.2698010161E-02     0.1390428541E-02     0.4894341427E-04     0.2202017527E-02     0.7281654494E-05    -0.1748030530E+01     0.2567413005E+03     0.2018485878E+04
    0.2674471025E-02     0.1376133130E-02     0.4755785721E-04     0.2172462350E-02     0.6985278904E-05    -0.1812465003E+01     0.2603266382E+03     0.2039341163E+04
    0.2651456865E-02     0.1362139848E-02     0.4620984901E-04     0.2143521111E-02     0.6701342874E-05    -0.1878362410E+01     0.2639071547E+03     0.2060165397E+04
    0.2628946590E-02     0.1348436591E-02     0.4489818040E-04     0.2115169294E-02     0.6429258716E-05    -0.1945737456E+01     0.2674833562E+03     0.2080962171E+04
    0.2606924001E-02     0.1335014143E-02     0.4362190701E-04     0.2087388253E-02     0.6168517271E-05    -0.2014600918E+01     0.2710551751E+03     0.2101731745E+04
    0.2585373440E-02     0.1321863641E-02     0.4238010781E-04     0.2060160111E-02     0.5918627974E-05    -0.2084964529E+01     0.2746225272E+03     0.2122474249E+04
    0.2564276870E-02     0.1308974694E-02     0.4117170759E-04     0.2033463727E-02     0.5679089897E-05    -0.2156851916E+01     0.2781858969E+03     0.2143193130E+04
    0.2543620228E-02     0.1296339348E-02     0.3999585694E-04     0.2007283056E-02     0.5449461676E-05    -0.2230275353E+01     0.2817451853E+03     0.2163888417E+04
    0.2523387082E-02     0.1283948146E-02     0.3885155936E-04     0.1981598867E-02     0.5229290691E-05    -0.2305259957E+01     0.2853008484E+03     0.2184563364E+04
    0.2503564797E-02     0.1271793946E-02     0.3773802935E-04     0.1956396742E-02     0.5018179107E-05    -0.2381819905E+01     0.2888527741E+03     0.2205217904E+04
    0.2484141324E-02     0.1259869931E-02     0.3665450354E-04     0.1931662885E-02     0.4815747574E-05    -0.2459969569E+01     0.2924008544E+03     0.2225851999E+04
    0.2465105018E-02     0.1248169525E-02     0.3560023557E-04     0.1907384018E-02     0.4621631865E-05    -0.2539722113E+01     0.2959449767E+03     0.2246465559E+04
    0.2446441923E-02     0.1236684703E-02     0.3457434703E-04     0.1883543832E-02     0.4435456967E-05    -0.2621104014E+01     0.2994855599E+03     0.2267061589E+04
    0.2428141546E-02     0.1225409544E-02     0.3357614445E-04     0.1860130357E-02     0.4256893785E-05    -0.2704130850E+01     0.3030224793E+03     0.2287639919E+04
    0.2410191203E-02     0.1214336755E-02     0.3260480957E-04     0.1837128749E-02     0.4085602229E-05    -0.2788826673E+01     0.3065561293E+03     0.2308203396E+04
    0.2392581244E-02     0.1203460903E-02     0.3165969382E-04     0.1814528059E-02     0.3921284122E-05    -0.2875206072E+01     0.3100863743E+03     0.2328751780E+04
    0.2375302497E-02     0.1192776827E-02     0.3074016347E-04     0.1792317858E-02     0.3763652967E-05    -0.2963285855E+01     0.3136130752E+03     0.2349284792E+04
    0.2358346151E-02     0.1182279563E-02     0.2984560010E-04     0.1770488095E-02     0.3612435005E-05    -0.3053080205E+01     0.3171360971E+03     0.2369802177E+04
    0.2341701242E-02     0.1171962815E-02     0.2897527309E-04     0.1749025986E-02     0.3467346314E-05    -0.3144614114E+01     0.3206558035E+03     0.2390306579E+04
    0.2325357332E-02     0.1161820585E-02     0.2812848352E-04     0.1727919336E-02     0.3328118882E-05    -0.3237917494E+01     0.3241725467E+03     0.2410800571E+04
    0.2309307006E-02     0.1151848702E-02     0.2730467671E-04     0.1707159679E-02     0.3194516326E-05    -0.3333002438E+01     0.3276861649E+03     0.2431283725E+04
    0.2293542596E-02     0.1142042884E-02     0.2650330408E-04     0.1686738443E-02     0.3066311737E-05    -0.3429883682E+01     0.3311965004E+03     0.2451755640E+04
    0.2278057113E-02     0.1132399208E-02     0.2572383158E-04     0.1666647673E-02     0.2943287180E-05    -0.3528580658E+01     0.3347033931E+03     0.2472215873E+04
    0.2262841623E-02     0.1122912532E-02     0.2496563241E-04     0.1646876891E-02     0.2825217886E-05    -0.3629119101E+01     0.3382071684E+03     0.2492666821E+04
    0.2247889589E-02     0.1113579201E-02     0.2422820267E-04     0.1627418725E-02     0.2711905387E-05    -0.3731510633E+01     0.3417076578E+03     0.2513107999E+04
    0.2233194471E-02     0.1104395571E-02     0.2351104565E-04     0.1608265885E-02     0.2603158797E-05    -0.3835774801E+01     0.3452046941E+03     0.2533538922E+04
    0.2218746474E-02     0.1095355899E-02     0.2281349255E-04     0.1589406568E-02     0.2498767442E-05    -0.3941958157E+01     0.3486990495E+03     0.2553964589E+04
    0.2204541879E-02     0.1086458233E-02     0.2213517823E-04     0.1570836901E-02     0.2398573214E-05    -0.4050059271E+01     0.3521900734E+03     0.2574381695E+04
    0.2190574972E-02     0.1077699397E-02     0.2147564161E-04     0.1552550516E-02     0.2302407958E-05    -0.4160089707E+01     0.3556775862E+03     0.2594789632E+04
    0.2176836829E-02     0.1069074148E-02     0.2083426884E-04     0.1534536632E-02     0.2210087803E-05    -0.4272088076E+01     0.3591623337E+03     0.2615193250E+04
    0.2163323861E-02     0.1060580638E-02     0.2021071285E-04     0.1516791699E-02     0.2121472578E-05    -0.4386058574E+01     0.3626436655E+03     0.2635589213E+04
    0.2150029422E-02     0.1052215038E-02     0.1960447119E-04     0.1499307893E-02     0.2036404505E-05    -0.4502040159E+01     0.3661218494E+03     0.2655979556E+04
    0.2136948893E-02     0.1043974766E-02     0.1901513589E-04     0.1482079972E-02     0.1954744188E-05    -0.4620048911E+01     0.3695966948E+03     0.2676363634E+04
    0.2124075947E-02     0.1035856192E-02     0.1844223042E-04     0.1465100566E-02     0.1876346989E-05    -0.4740110959E+01     0.3730684529E+03     0.2696743366E+04
    0.2111406305E-02     0.1027856930E-02     0.1788536859E-04     0.1448364831E-02     0.1801085493E-05    -0.4862237586E+01     0.3765369266E+03     0.2717118046E+04
    0.2098935623E-02     0.1019974577E-02     0.1734416664E-04     0.1431867959E-02     0.1728836115E-05    -0.4986437445E+01     0.3800019159E+03     0.2737486941E+04
    0.2086657921E-02     0.1012205714E-02     0.1681818279E-04     0.1415603070E-02     0.1659471954E-05    -0.5112748913E+01     0.3834636589E+03     0.2757851911E+04
    0.2074569542E-02     0.1004548298E-02     0.1630705674E-04     0.1399565973E-02     0.1592880286E-05    -0.5241194834E+01     0.3869219496E+03     0.2778212204E+04
    0.2062665128E-02     0.9969992456E-03     0.1581037182E-04     0.1383750402E-02     0.1528944878E-05    -0.5371803580E+01     0.3903770107E+03     0.2798569539E+04
    0.2050941167E-02     0.9895566066E-03     0.1532778527E-04     0.1368152394E-02     0.1467562418E-05    -0.5504585527E+01     0.3938286307E+03     0.2818923129E+04
    0.2039393706E-02     0.9822182228E-03     0.1485895593E-04     0.1352767727E-02     0.1408633043E-05    -0.5639561084E+01     0.3972766001E+03     0.2839272155E+04
    0.2028018472E-02     0.9749815768E-03     0.1440350087E-04     0.1337591095E-02     0.1352054512E-05    -0.5776758289E+01     0.4007211255E+03     0.2859618271E+04
    0.2016810299E-02     0.9678437419E-03     0.1396104313E-04     0.1322616702E-02     0.1297728813E-05    -0.5916204972E+01     0.4041624025E+03     0.2879963042E+04
    0.2005767601E-02     0.9608039380E-03     0.1353132448E-04     0.1307842983E-02     0.1245575134E-05    -0.6057910554E+01     0.4075998002E+03     0.2900303186E+04
    0.1994885878E-02     0.9538595789E-03     0.1311398416E-04     0.1293264692E-02     0.1195502662E-05    -0.6201906325E+01     0.4110335099E+03     0.2920640246E+04
    0.1984161062E-02     0.9470082956E-03     0.1270867684E-04     0.1278876942E-02     0.1147425363E-05    -0.6348220156E+01     0.4144637142E+03     0.2940975733E+04
    0.1973590002E-02     0.9402483797E-03     0.1231510950E-04     0.1264676403E-02     0.1101265851E-05    -0.6496868922E+01     0.4178901849E+03     0.2961308731E+04
    0.1963170499E-02     0.9335785740E-03     0.1193300034E-04     0.1250660364E-02     0.1056950282E-05    -0.6647857169E+01     0.4213126981E+03     0.2981638288E+04
    0.1952898519E-02     0.9269967573E-03     0.1156205964E-04     0.1236824984E-02     0.1014406260E-05    -0.6801222562E+01     0.4247310302E+03     0.3001963488E+04
    0.1942770694E-02     0.9205007448E-03     0.1120193980E-04     0.1223165237E-02     0.9735565897E-06    -0.6957023116E+01     0.4281457357E+03     0.3022288017E+04
    0.1932783894E-02     0.9140888666E-03     0.1085237417E-04     0.1209677982E-02     0.9343358741E-06    -0.7115243225E+01     0.4315565777E+03     0.3042610892E+04
    0.1922936804E-02     0.9077605051E-03     0.1051314099E-04     0.1196362050E-02     0.8966853809E-06    -0.7275879516E+01     0.4349629400E+03     0.3062928842E+04
    0.1913224651E-02     0.9015128467E-03     0.1018390786E-04     0.1183211727E-02     0.8605359372E-06    -0.7438986500E+01     0.4383653540E+03     0.3083245430E+04
    0.1903645194E-02     0.8953446594E-03     0.9864429372E-05     0.1170224539E-02     0.8258299678E-06    -0.7604595269E+01     0.4417635813E+03     0.3103559646E+04
    0.1894196376E-02     0.8892548059E-03     0.9554463017E-05     0.1157398160E-02     0.7925116613E-06    -0.7772728174E+01     0.4451573834E+03     0.3123870447E+04
    0.1884875055E-02     0.8832414577E-03     0.9253738966E-05     0.1144728848E-02     0.7605240569E-06    -0.7943416242E+01     0.4485468944E+03     0.3144179043E+04
    0.1875679081E-02     0.8773034443E-03     0.8962025543E-05     0.1132214289E-02     0.7298157629E-06    -0.8116675544E+01     0.4519318723E+03     0.3164484368E+04
    0.1866605836E-02     0.8714392024E-03     0.8679067871E-05     0.1119851161E-02     0.7003344332E-06    -0.8292525089E+01     0.4553124398E+03     0.3184787564E+04
    0.1857652916E-02     0.8656474529E-03     0.8404643864E-05     0.1107637063E-02     0.6720326640E-06    -0.8470971823E+01     0.4586883515E+03     0.3205087515E+04
    0.1848818658E-02     0.8599272647E-03     0.8138538445E-05     0.1095570052E-02     0.6448650093E-06    -0.8652034568E+01     0.4620593644E+03     0.3225383148E+04
    0.1840100130E-02     0.8542769497E-03     0.7880511613E-05     0.1083646741E-02     0.6187848039E-06    -0.8835745739E+01     0.4654255901E+03     0.3245675517E+04
    0.1831494481E-02     0.8486948716E-03     0.7630331450E-05     0.1071863855E-02     0.5937475390E-06    -0.9022155366E+01     0.4687871314E+03     0.3265965632E+04
    0.1823000376E-02     0.8431802693E-03     0.7387800135E-05     0.1060219754E-02     0.5697132574E-06    -0.9211286874E+01     0.4721437352E+03     0.3286252353E+04
    0.1814615247E-02     0.8377316535E-03     0.7152697575E-05     0.1048711414E-02     0.5466409418E-06    -0.9403165425E+01     0.4754954938E+03     0.3306536623E+04
    0.1806336811E-02     0.8323478337E-03     0.6924831509E-05     0.1037336696E-02     0.5244934959E-06    -0.9597836168E+01     0.4788421515E+03     0.3326817282E+04
    0.1798166752E-02     0.8270296055E-03     0.6704046262E-05     0.1026096410E-02     0.5032380495E-06    -0.9795237612E+01     0.4821831172E+03     0.3347091038E+04
    0.1790098266E-02     0.8217733859E-03     0.6490099712E-05     0.1014984526E-02     0.4828348482E-06    -0.9995424114E+01     0.4855188169E+03     0.3367360898E+04
    0.1782131821E-02     0.8165792591E-03     0.6282822204E-05     0.1004000540E-02     0.4632517032E-06    -0.1019849800E+02     0.4888489947E+03     0.3387625748E+04
    0.1774265706E-02     0.8114461614E-03     0.6082020595E-05     0.9931420896E-03     0.4444551203E-06    -0.1040445035E+02     0.4921737238E+03     0.3407886373E+04
    0.1766498112E-02     0.8063729873E-03     0.5887508626E-05     0.9824067847E-03     0.4264132534E-06    -0.1061323002E+02     0.4954930708E+03     0.3428143501E+04
    0.1758826202E-02     0.8013584706E-03     0.5699132319E-05     0.9717929625E-03     0.4090981659E-06    -0.1082484857E+02     0.4988064473E+03     0.3448393997E+04
    0.1751249266E-02     0.7964020165E-03     0.5516715897E-05     0.9612988943E-03     0.3924804597E-06    -0.1103940192E+02     0.5021139193E+03     0.3468638598E+04
    0.1743766048E-02     0.7915029319E-03     0.5340101261E-05     0.9509231867E-03     0.3765331882E-06    -0.1125689311E+02     0.5054152273E+03     0.3488876089E+04
    0.1736374577E-02     0.7866600585E-03     0.5169116953E-05     0.9406634723E-03     0.3612289112E-06    -0.1147734190E+02     0.5087104284E+03     0.3509107185E+04
    0.1729071085E-02     0.7818714332E-03     0.5003591799E-05     0.9305164591E-03     0.3465410538E-06    -0.1170087298E+02     0.5119995718E+03     0.3529332507E+04
    0.1721858147E-02     0.7771381107E-03     0.4843390859E-05     0.9204828981E-03     0.3324465967E-06    -0.1192748623E+02     0.5152823902E+03     0.3549550933E+04
    0.1714732829E-02     0.7724585139E-03     0.4688353036E-05     0.9105599952E-03     0.3189210983E-06    -0.1215705582E+02     0.5185589245E+03     0.3569762899E+04
    0.1707690316E-02     0.7678303664E-03     0.4538329676E-05     0.9007445812E-03     0.3059419628E-06    -0.1238970824E+02     0.5218289054E+03     0.3589967251E+04
    0.1700734437E-02     0.7632552841E-03     0.4393197632E-05     0.8910380763E-03     0.2934888941E-06    -0.1262549802E+02     0.5250920665E+03     0.3610162749E+04
    0.1693861697E-02     0.7587314532E-03     0.4252805805E-05     0.8814374714E-03     0.2815400852E-06    -0.1286432594E+02     0.5283484416E+03     0.3630349825E+04
    0.1687068536E-02     0.7542571746E-03     0.4117018411E-05     0.8719403302E-03     0.2700755938E-06    -0.1310631962E+02     0.5315977626E+03     0.3650527319E+04
    0.1680357791E-02     0.7498334847E-03     0.3985707716E-05     0.8625470079E-03     0.2590763279E-06    -0.1335151304E+02     0.5348400555E+03     0.3670695766E+04
    0.1673725221E-02     0.7454582593E-03     0.3858732905E-05     0.8532542238E-03     0.2485229178E-06    -0.1359984052E+02     0.5380753392E+03     0.3690855551E+04
    0.1667168796E-02     0.7411304984E-03     0.3735972210E-05     0.8440604112E-03     0.2383979646E-06    -0.1385143473E+02     0.5413033388E+03     0.3711005478E+04
    0.1660691480E-02     0.7368514209E-03     0.3617317301E-05     0.8349665306E-03     0.2286853885E-06    -0.1410626241E+02     0.5445237828E+03     0.3731144183E+04
    0.1654288104E-02     0.7326185092E-03     0.3502635203E-05     0.8259689249E-03     0.2193678093E-06    -0.1436430201E+02     0.5477366833E+03     0.3751272048E+04
    0.1647958350E-02     0.7284314083E-03     0.3391807826E-05     0.8170664265E-03     0.2104292840E-06    -0.1462568342E+02     0.5509420453E+03     0.3771389646E+04
    0.1641702493E-02     0.7242901476E-03     0.3284729582E-05     0.8082586717E-03     0.2018552535E-06    -0.1489038112E+02     0.5541395913E+03     0.3791495553E+04
    0.1635519835E-02     0.7201943231E-03     0.3181294873E-05     0.7995448049E-03     0.1936315445E-06    -0.1515829603E+02     0.5573290471E+03     0.3811588358E+04
    0.1629405347E-02     0.7161415102E-03     0.3081384582E-05     0.7909213886E-03     0.1857433884E-06    -0.1542956487E+02     0.5605104116E+03     0.3831668498E+04
    0.1623362144E-02     0.7121329899E-03     0.2984906106E-05     0.7823894635E-03     0.1781781818E-06    -0.1570428692E+02     0.5636834098E+03     0.3851734705E+04
    0.1617388182E-02     0.7081676583E-03     0.2891751677E-05     0.7739470865E-03     0.1709225923E-06    -0.1598238978E+02     0.5668480343E+03     0.3871787207E+04
    0.1611479210E-02     0.7042434553E-03     0.2801813596E-05     0.7655913016E-03     0.1639636904E-06    -0.1626404079E+02     0.5700042713E+03     0.3891826172E+04
    0.1605642160E-02     0.7003633251E-03     0.2715012637E-05     0.7573249570E-03     0.1572906769E-06    -0.1654909001E+02     0.5731518404E+03     0.3911850534E+04
    0.1599864678E-02     0.6965216807E-03     0.2631232601E-05     0.7491413146E-03     0.1508907887E-06    -0.1683762686E+02     0.5762907214E+03     0.3931860331E+04
    0.1594158807E-02     0.6927236859E-03     0.2550406987E-05     0.7410456001E-03     0.1447545715E-06    -0.1712961744E+02     0.5794206334E+03     0.3951854402E+04
    0.1588512147E-02     0.6889638604E-03     0.2472430850E-05     0.7330315850E-03     0.1388706416E-06    -0.1742495991E+02     0.5825412988E+03     0.3971831286E+04
    0.1582929566E-02     0.6852441334E-03     0.2397223937E-05     0.7251006812E-03     0.1332291835E-06    -0.1772393641E+02     0.5856526929E+03     0.3991791339E+04
    0.1577411799E-02     0.6815644744E-03     0.2324697452E-05     0.7172521536E-03     0.1278201001E-06    -0.1802633268E+02     0.5887549643E+03     0.4011735711E+04
    0.1571948185E-02     0.6779186166E-03     0.2254715667E-05     0.7094786564E-03     0.1226303923E-06    -0.1833243979E+02     0.5918496377E+03     0.4031674472E+04
    0.1566544043E-02     0.6743087157E-03     0.2187209585E-05     0.7017818876E-03     0.1176517536E-06    -0.1864240151E+02     0.5949366555E+03     0.4051607903E+04
    0.1561198696E-02     0.6707344344E-03     0.2122108003E-05     0.6941612230E-03     0.1128760848E-06    -0.1895594365E+02     0.5980157136E+03     0.4071534276E+04
    0.1555905081E-02     0.6671925981E-03     0.2059328174E-05     0.6866128200E-03     0.1082947772E-06    -0.1927323356E+02     0.6010867487E+03     0.4091453813E+04
    0.1550669549E-02     0.6636858950E-03     0.1998812144E-05     0.6791392073E-03     0.1039008600E-06    -0.1959436713E+02     0.6041494558E+03     0.4111365142E+04
    0.1545488981E-02     0.6602128486E-03     0.1940486103E-05     0.6717383171E-03     0.9968660507E-07    -0.1991915839E+02     0.6072037663E+03     0.4131268114E+04
    0.1540359336E-02     0.6567715992E-03     0.1884278041E-05     0.6644077266E-03     0.9564460762E-07    -0.2024778833E+02     0.6102496049E+03     0.4151162927E+04
    0.1535286038E-02     0.6533645191E-03     0.1830136318E-05     0.6571498981E-03     0.9176884342E-07    -0.2058023281E+02     0.6132864339E+03     0.4171046583E+04
    0.1530264617E-02     0.6499895660E-03     0.1777991141E-05     0.6499622313E-03     0.8805236177E-07    -0.2091638954E+02     0.6163141798E+03     0.4190919007E+04
    0.1525291673E-02     0.6466450772E-03     0.1727772936E-05     0.6428422778E-03     0.8448833086E-07    -0.2125658189E+02     0.6193329874E+03     0.4210781792E+04
    0.1520374749E-02     0.6433342164E-03     0.1679433437E-05     0.6357929664E-03     0.8107131178E-07    -0.2160069345E+02     0.6223425429E+03     0.4230633259E+04
    0.1515505055E-02     0.6400533127E-03     0.1632909741E-05     0.6288107077E-03     0.7779535796E-07    -0.2194863277E+02     0.6253423166E+03     0.4250470788E+04
    0.1510688167E-02     0.6368045071E-03     0.1588147259E-05     0.6218968383E-03     0.7465484816E-07    -0.2230051959E+02     0.6283324424E+03     0.4270295435E+04
    0.1505918529E-02     0.6335854183E-03     0.1545087083E-05     0.6150488064E-03     0.7164426075E-07    -0.2265631719E+02     0.6313126094E+03     0.4290106140E+04
    0.1501199115E-02     0.6303971767E-03     0.1503677736E-05     0.6082672347E-03     0.6875848366E-07    -0.2301611485E+02     0.6342827232E+03     0.4309902357E+04
    0.1496527018E-02     0.6272384389E-03     0.1463863519E-05     0.6015503480E-03     0.6599235594E-07    -0.2337989207E+02     0.6372426832E+03     0.4329684538E+04
    0.1491902880E-02     0.6241095258E-03     0.1425598455E-05     0.5948985122E-03     0.6334141765E-07    -0.2374768915E+02     0.6401919670E+03     0.4349449192E+04
    0.1487326881E-02     0.6210103902E-03     0.1388832219E-05     0.5883112065E-03     0.6080099218E-07    -0.2411947914E+02     0.6431304767E+03     0.4369196786E+04
    0.1482795438E-02     0.6179393352E-03     0.1353510432E-05     0.5817861090E-03     0.5836629378E-07    -0.2449538128E+02     0.6460583127E+03     0.4388928088E+04
    0.1478312868E-02     0.6148982098E-03     0.1319594084E-05     0.5753250181E-03     0.5603351620E-07    -0.2487531189E+02     0.6489749558E+03     0.4408640686E+04
    0.1473872316E-02     0.6118840450E-03     0.1287030535E-05     0.5689247014E-03     0.5379823860E-07    -0.2525936917E+02     0.6518802988E+03     0.4428334019E+04
    0.1469481124E-02     0.6088997766E-03     0.1255781489E-05     0.5625874500E-03     0.5165676948E-07    -0.2564751636E+02     0.6547742286E+03     0.4448008347E+04
    0.1465129110E-02     0.6059411504E-03     0.1225796249E-05     0.5563091348E-03     0.4960505315E-07    -0.2603982980E+02     0.6576564319E+03     0.4467661811E+04
    0.1460827341E-02     0.6030126346E-03     0.1197041728E-05     0.5500934342E-03     0.4763980366E-07    -0.2643626893E+02     0.6605267922E+03     0.4487294562E+04
    0.1456561835E-02     0.6001084214E-03     0.1169466683E-05     0.5439348495E-03     0.4575714838E-07    -0.2683691642E+02     0.6633849964E+03     0.4506904840E+04
    0.1452347688E-02     0.5972346252E-03     0.1143043148E-05     0.5378385134E-03     0.4395417828E-07    -0.2724172009E+02     0.6662309247E+03     0.4526492687E+04
    0.1448168995E-02     0.5943845914E-03     0.1117719442E-05     0.5317979956E-03     0.4222714768E-07    -0.2765059316E+02     0.6690644514E+03     0.4546057836E+04
    0.1444034812E-02     0.5915620148E-03     0.1093466330E-05     0.5258164501E-03     0.4057331794E-07    -0.2806388050E+02     0.6718852616E+03     0.4565598891E+04
    0.1439944009E-02     0.5887663951E-03     0.1070247222E-05     0.5198932344E-03     0.3898973713E-07    -0.2848126665E+02     0.6746930446E+03     0.4585114101E+04
    0.1435890396E-02     0.5859950239E-03     0.1048020367E-05     0.5140253300E-03     0.3747325621E-07    -0.2890296853E+02     0.6774878536E+03     0.4604604663E+04
    0.1431880579E-02     0.5832505723E-03     0.1026757199E-05     0.5082149202E-03     0.3602138054E-07    -0.2932902662E+02     0.6802693722E+03     0.4624069118E+04
    0.1427910472E-02     0.5805314106E-03     0.1006423098E-05     0.5024606135E-03     0.3463150371E-07    -0.2975923057E+02     0.6830371114E+03     0.4643504587E+04
    0.1423978824E-02     0.5778368597E-03     0.9869830434E-06     0.4967612166E-03     0.3330094645E-07    -0.3019380000E+02     0.6857911174E+03     0.4662912246E+04
    0.1420089568E-02     0.5751683470E-03     0.9684069232E-06     0.4911173628E-03     0.3202727723E-07    -0.3063260981E+02     0.6885314228E+03     0.4682292976E+04
    0.1416236150E-02     0.5725232577E-03     0.9506613475E-06     0.4855268629E-03     0.3080814567E-07    -0.3107560584E+02     0.6912575373E+03     0.4701644012E+04
    0.1412419188E-02     0.5699018178E-03     0.9337175244E-06     0.4799897600E-03     0.2964137083E-07    -0.3152321400E+02     0.6939691515E+03     0.4720964010E+04
    0.1408639236E-02     0.5673041572E-03     0.9175465415E-06     0.4745058001E-03     0.2852478906E-07    -0.3197574328E+02     0.6966661253E+03     0.4740252038E+04
    0.1404904778E-02     0.5647335936E-03     0.9021254194E-06     0.4690773779E-03     0.2745647771E-07    -0.3243267282E+02     0.6993483152E+03     0.4759508419E+04
    0.1401207083E-02     0.5621865123E-03     0.8874208876E-06     0.4637010960E-03     0.2643425516E-07    -0.3289338139E+02     0.7020155721E+03     0.4778733365E+04
    0.1397538789E-02     0.5596600033E-03     0.8734030661E-06     0.4583746130E-03     0.2545617889E-07    -0.3335849494E+02     0.7046674230E+03     0.4797923491E+04
    0.1393915898E-02     0.5571603226E-03     0.8600551865E-06     0.4531025141E-03     0.2452063458E-07    -0.3382794158E+02     0.7073038824E+03     0.4817080014E+04
    0.1390318466E-02     0.5546794033E-03     0.8473397894E-06     0.4478778748E-03     0.2362550235E-07    -0.3430185240E+02     0.7099247943E+03     0.4836202497E+04
    0.1386764078E-02     0.5522243075E-03     0.8352444110E-06     0.4427064700E-03     0.2276948333E-07    -0.3478046845E+02     0.7125296935E+03     0.4855288201E+04
    0.1383243026E-02     0.5497910706E-03     0.8237392864E-06     0.4375847443E-03     0.2195077286E-07    -0.3526335821E+02     0.7151184289E+03     0.4874337288E+04
    0.1379754929E-02     0.5473794570E-03     0.8128011281E-06     0.4325121846E-03     0.2116779734E-07    -0.3575087851E+02     0.7176908467E+03     0.4893348742E+04
    0.1376308807E-02     0.5449929569E-03     0.8024128815E-06     0.4274912072E-03     0.2041918990E-07    -0.3624256293E+02     0.7202467888E+03     0.4912322786E+04
    0.1372885954E-02     0.5426241351E-03     0.7925424075E-06     0.4225158248E-03     0.1970326764E-07    -0.3673869167E+02     0.7227859469E+03     0.4931257665E+04
    0.1369506181E-02     0.5402808046E-03     0.7831805662E-06     0.4175919997E-03     0.1901896982E-07    -0.3723941184E+02     0.7253080182E+03     0.4950152017E+04
    0.1366152577E-02     0.5379561442E-03     0.7742967465E-06     0.4127139321E-03     0.1836468746E-07    -0.3774458541E+02     0.7278129877E+03     0.4969006799E+04
    0.1362830570E-02     0.5356522785E-03     0.7658747629E-06     0.4078831461E-03     0.1773926251E-07    -0.3825497814E+02     0.7303005482E+03     0.4987819749E+04
    0.1359548763E-02     0.5333725613E-03     0.7579005294E-06     0.4031020428E-03     0.1714160876E-07    -0.3877007370E+02     0.7327703989E+03     0.5006590018E+04
    0.1356306082E-02     0.5311167705E-03     0.7503537445E-06     0.3983691144E-03     0.1657045312E-07    -0.3928863379E+02     0.7352227282E+03     0.5025321003E+04
    0.1353075570E-02     0.5288743210E-03     0.7432014456E-06     0.3936759833E-03     0.1602433511E-07    -0.3981170264E+02     0.7376574228E+03     0.5044012326E+04
    0.1349881920E-02     0.5266548593E-03     0.7364403257E-06     0.3890297940E-03     0.1550251579E-07    -0.4034046112E+02     0.7400741726E+03     0.5062662072E+04
    0.1346725709E-02     0.5244585150E-03     0.7300537732E-06     0.3844303292E-03     0.1500396178E-07    -0.4087376256E+02     0.7424728037E+03     0.5081270391E+04
    0.1343602235E-02     0.5222833647E-03     0.7240229484E-06     0.3798758751E-03     0.1452763010E-07    -0.4141072525E+02     0.7448531362E+03     0.5099837354E+04
    0.1340495796E-02     0.5201233344E-03     0.7183240520E-06     0.3753620880E-03     0.1407245067E-07    -0.4195226259E+02     0.7472147344E+03     0.5118359776E+04
    0.1337427471E-02     0.5179864833E-03     0.7129528741E-06     0.3708943964E-03     0.1363771511E-07    -0.4249884332E+02     0.7495575509E+03     0.5136838336E+04
    0.1334388227E-02     0.5158692734E-03     0.7078899226E-06     0.3664701271E-03     0.1322247493E-07    -0.4304967783E+02     0.7518812795E+03     0.5155272037E+04
    0.1331372178E-02     0.5137694054E-03     0.7031178498E-06     0.3620875552E-03     0.1282585301E-07    -0.4360534275E+02     0.7541856197E+03     0.5173658769E+04
    0.1328392626E-02     0.5116918883E-03     0.6986295745E-06     0.3577498085E-03     0.1244715381E-07    -0.4416571230E+02     0.7564705151E+03     0.5191999457E+04
    0.1325437524E-02     0.5096320467E-03     0.6944054104E-06     0.3534534935E-03     0.1208550929E-07    -0.4473040066E+02     0.7587356620E+03     0.5210293005E+04
    0.1322508122E-02     0.5075902938E-03     0.6904329442E-06     0.3491986701E-03     0.1174019209E-07    -0.4530004112E+02     0.7609808789E+03     0.5228538199E+04
    0.1319614189E-02     0.5055703499E-03     0.6867047569E-06     0.3449877915E-03     0.1141059543E-07    -0.4587413785E+02     0.7632058663E+03     0.5246734183E+04
    0.1316741010E-02     0.5035665448E-03     0.6832009941E-06     0.3408168685E-03     0.1109592155E-07    -0.4645261665E+02     0.7654103302E+03     0.5264879658E+04
    0.1313895707E-02     0.5015814903E-03     0.6799134056E-06     0.3366873072E-03     0.1079556447E-07    -0.4703614545E+02     0.7675942020E+03     0.5282974577E+04
    0.1311084690E-02     0.4996176031E-03     0.6768339174E-06     0.3326006148E-03     0.1050896236E-07    -0.4762395099E+02     0.7697571863E+03     0.5301018084E+04
    0.1308291306E-02     0.4976685054E-03     0.6739428911E-06     0.3285524341E-03     0.1023539151E-07    -0.4821621566E+02     0.7718989915E+03     0.5319008710E+04
    0.1305527509E-02     0.4957386841E-03     0.6712357441E-06     0.3245455198E-03     0.9974369858E-08    -0.4881358115E+02     0.7740194374E+03     0.5336945654E+04
    0.1302796904E-02     0.4938294289E-03     0.6687039343E-06     0.3205804532E-03     0.9725369029E-08    -0.4941507282E+02     0.7761183411E+03     0.5354828984E+04
    0.1300081378E-02     0.4919338457E-03     0.6663281779E-06     0.3166526546E-03     0.9487733495E-08    -0.5002107831E+02     0.7781954146E+03     0.5372657093E+04
    0.1297396474E-02     0.4900577583E-03     0.6641067452E-06     0.3127656758E-03     0.9261069585E-08    -0.5063224159E+02     0.7802504770E+03     0.5390429317E+04
    0.1294743716E-02     0.4882016631E-03     0.6620310424E-06     0.3089195714E-03     0.9044897665E-08    -0.5124740823E+02     0.7822833440E+03     0.5408145705E+04
    0.1292104105E-02     0.4863583708E-03     0.6600823449E-06     0.3051096934E-03     0.8838626381E-08    -0.5186711599E+02     0.7842937321E+03     0.5425804559E+04
    0.1289495720E-02     0.4845346714E-03     0.6582611823E-06     0.3013402385E-03     0.8641941217E-08    -0.5249198278E+02     0.7862813647E+03     0.5443404467E+04
    0.1286918577E-02     0.4827304917E-03     0.6565591176E-06     0.2976108958E-03     0.8454408088E-08    -0.5312073046E+02     0.7882460627E+03     0.5460945483E+04
    0.1284353279E-02     0.4809384900E-03     0.6549581289E-06     0.2939169152E-03     0.8275486746E-08    -0.5375401655E+02     0.7901876440E+03     0.5478426716E+04
    0.1281819101E-02     0.4791658697E-03     0.6534602234E-06     0.2902626382E-03     0.8104915291E-08    -0.5439245875E+02     0.7921058367E+03     0.5495846835E+04
    0.1279315244E-02     0.4774122550E-03     0.6520574356E-06     0.2866475766E-03     0.7942306348E-08    -0.5503470644E+02     0.7940004622E+03     0.5513205877E+04
    0.1276822204E-02     0.4756703418E-03     0.6507325582E-06     0.2830672463E-03     0.7787181997E-08    -0.5568146291E+02     0.7958712514E+03     0.5530502096E+04
    0.1274359520E-02     0.4739473576E-03     0.6494885392E-06     0.2795257687E-03     0.7639313946E-08    -0.5633343294E+02     0.7977180292E+03     0.5547735001E+04
    0.1271926003E-02     0.4722427483E-03     0.6483180446E-06     0.2760224494E-03     0.7498353470E-08    -0.5698931126E+02     0.7995406998E+03     0.5564905407E+04
    0.1269505825E-02     0.4705506486E-03     0.6472065276E-06     0.2725538763E-03     0.7363899067E-08    -0.5764946967E+02     0.8013389138E+03     0.5582011020E+04
    0.1267111566E-02     0.4688757060E-03     0.6461541623E-06     0.2691226730E-03     0.7235723007E-08    -0.5831465868E+02     0.8031124164E+03     0.5599050301E+04
    0.1264745920E-02     0.4672188476E-03     0.6451563423E-06     0.2657291338E-03     0.7113544956E-08    -0.5898395372E+02     0.8048610353E+03     0.5616023277E+04
    0.1262397149E-02     0.4655756381E-03     0.6442013533E-06     0.2623704052E-03     0.6997011698E-08    -0.5965735001E+02     0.8065846735E+03     0.5632930328E+04
    0.1260069220E-02     0.4639475575E-03     0.6432856965E-06     0.2590473563E-03     0.6885886159E-08    -0.6033558491E+02     0.8082829999E+03     0.5649768864E+04
    0.1257769112E-02     0.4623371146E-03     0.6424076568E-06     0.2557611739E-03     0.6779946686E-08    -0.6101822151E+02     0.8099558468E+03     0.5666538881E+04
    0.1255490427E-02     0.4607418913E-03     0.6415589251E-06     0.2525102927E-03     0.6678910868E-08    -0.6170467573E+02     0.8116030396E+03     0.5683240218E+04
    0.1253226805E-02     0.4591595659E-03     0.6407313884E-06     0.2492934571E-03     0.6582515254E-08    -0.6239570377E+02     0.8132242666E+03     0.5699870301E+04
    0.1250990333E-02     0.4575944466E-03     0.6399266373E-06     0.2461126090E-03     0.6490589193E-08    -0.6309149439E+02     0.8148195022E+03     0.5716430422E+04
    0.1248780413E-02     0.4560463132E-03     0.6391399359E-06     0.2429676009E-03     0.6402918388E-08    -0.6379075485E+02     0.8163884367E+03     0.5732919122E+04
    0.1246579284E-02     0.4545086548E-03     0.6383579757E-06     0.2398548626E-03     0.6319206265E-08    -0.6449426865E+02     0.8179308399E+03     0.5749334716E+04
    0.1244405049E-02     0.4529879929E-03     0.6375860312E-06     0.2367775682E-03     0.6239343089E-08    -0.6520280875E+02     0.8194466153E+03     0.5765677477E+04
    0.1242256524E-02     0.4514838625E-03     0.6368196777E-06     0.2337353415E-03     0.6163134175E-08    -0.6591509352E+02     0.8209355343E+03     0.5781946694E+04
    0.1240122138E-02     0.4499919997E-03     0.6360493642E-06     0.2307257695E-03     0.6090339304E-08    -0.6663127051E+02     0.8223974346E+03     0.5798141872E+04
    0.1238007577E-02     0.4485144504E-03     0.6352745547E-06     0.2277498210E-03     0.6020815056E-08    -0.6735211872E+02     0.8238320939E+03     0.5814261414E+04
    0.1235918201E-02     0.4470531287E-03     0.6344947359E-06     0.2248083543E-03     0.5954422286E-08    -0.6807710820E+02     0.8252392973E+03     0.5830304634E+04
    0.1233849621E-02     0.4456063846E-03     0.6337045808E-06     0.2219003202E-03     0.5890979281E-08    -0.6880555395E+02     0.8266188905E+03     0.5846271403E+04
    0.1231793014E-02     0.4441709808E-03     0.6328966526E-06     0.2190239204E-03     0.5830291205E-08    -0.6953827592E+02     0.8279707193E+03     0.5862160698E+04
    0.1229761225E-02     0.4427515018E-03     0.6320748109E-06     0.2161812392E-03     0.5772273222E-08    -0.7027558952E+02     0.8292946301E+03     0.5877972286E+04
    0.1227753558E-02     0.4413476907E-03     0.6312361093E-06     0.2133721047E-03     0.5716785647E-08    -0.7101626363E+02     0.8305903644E+03     0.5893704862E+04
    0.1225757371E-02     0.4399549479E-03     0.6303716400E-06     0.2105940923E-03     0.5663635669E-08    -0.7176066681E+02     0.8318577771E+03     0.5909357791E+04
    0.1223781790E-02     0.4385765035E-03     0.6294838365E-06     0.2078485765E-03     0.5612738353E-08    -0.7250956178E+02     0.8330967225E+03     0.5924930381E+04
    0.1221829872E-02     0.4372134227E-03     0.6285721638E-06     0.2051359380E-03     0.5563987076E-08    -0.7326217559E+02     0.8343070090E+03     0.5940422000E+04
    0.1219896928E-02     0.4358639699E-03     0.6276322552E-06     0.2024551509E-03     0.5517243724E-08    -0.7401789314E+02     0.8354884950E+03     0.5955832481E+04
    0.1217972585E-02     0.4345244176E-03     0.6266569598E-06     0.1998043867E-03     0.5472351975E-08    -0.7477788110E+02     0.8366409948E+03     0.5971160004E+04
    0.1216071590E-02     0.4331999826E-03     0.6256521941E-06     0.1971858749E-03     0.5429272316E-08    -0.7554279351E+02     0.8377643745E+03     0.5986404324E+04
    0.1214192083E-02     0.4318899446E-03     0.6246154655E-06     0.1945990735E-03     0.5387894905E-08    -0.7631163664E+02     0.8388584988E+03     0.6001565434E+04
    0.1212333592E-02     0.4305940110E-03     0.6235451093E-06     0.1920434983E-03     0.5348118179E-08    -0.7708367685E+02     0.8399232647E+03     0.6016644132E+04
    0.1210496885E-02     0.4293123673E-03     0.6224402287E-06     0.1895189641E-03     0.5309852311E-08    -0.7785802840E+02     0.8409585409E+03     0.6031640714E+04
    0.1208664599E-02     0.4280388124E-03     0.6212907370E-06     0.1870225648E-03     0.5272934092E-08    -0.7863580361E+02     0.8419641893E+03     0.6046554114E+04
    0.1206851010E-02     0.4267783939E-03     0.6201029441E-06     0.1845564431E-03     0.5237344432E-08    -0.7941849228E+02     0.8429400376E+03     0.6061382854E+04
    0.1205058526E-02     0.4255319150E-03     0.6188771704E-06     0.1821207588E-03     0.5203014395E-08    -0.8020548229E+02     0.8438859566E+03     0.6076126886E+04
    0.1203285982E-02     0.4242989149E-03     0.6176120086E-06     0.1797151222E-03     0.5169863452E-08    -0.8099593002E+02     0.8448018145E+03     0.6090786154E+04
    0.1201533533E-02     0.4230794450E-03     0.6163068765E-06     0.1773395061E-03     0.5137822275E-08    -0.8178901060E+02     0.8456874165E+03     0.6105359499E+04
    0.1199797733E-02     0.4218722439E-03     0.6149594313E-06     0.1749931926E-03     0.5106807726E-08    -0.8258432534E+02     0.8465426411E+03     0.6119846706E+04
    0.1198066713E-02     0.4206730998E-03     0.6135631220E-06     0.1726742754E-03     0.5076704690E-08    -0.8338342998E+02     0.8473673668E+03     0.6134246392E+04
    0.1196357163E-02     0.4194878392E-03     0.6121261335E-06     0.1703849983E-03     0.5047522641E-08    -0.8418726148E+02     0.8481614770E+03     0.6148558250E+04
    0.1194667045E-02     0.4183157187E-03     0.6106471645E-06     0.1681249293E-03     0.5019195081E-08    -0.8499477802E+02     0.8489248260E+03     0.6162781719E+04
    0.1192995752E-02     0.4171565198E-03     0.6091257790E-06     0.1658939184E-03     0.4991665281E-08    -0.8580520936E+02     0.8496572492E+03     0.6176915728E+04
    0.1191343571E-02     0.4160102736E-03     0.6075620237E-06     0.1636917206E-03     0.4964880869E-08    -0.8661784631E+02     0.8503586676E+03     0.6190960774E+04
    0.1189703250E-02     0.4148744240E-03     0.6059522361E-06     0.1615172114E-03     0.4938762493E-08    -0.8743278963E+02     0.8510289479E+03     0.6204915952E+04
    0.1188071858E-02     0.4137479325E-03     0.6042950697E-06     0.1593698897E-03     0.4913251660E-08    -0.8825150414E+02     0.8516679677E+03     0.6218779478E+04
    0.1186460337E-02     0.4126345506E-03     0.6025962489E-06     0.1572509728E-03     0.4888348432E-08    -0.8907443340E+02     0.8522756519E+03     0.6232551772E+04
    0.1184866939E-02     0.4115336424E-03     0.6008551744E-06     0.1551600844E-03     0.4864003912E-08    -0.8990067633E+02     0.8528518820E+03     0.6246232326E+04
    0.1183291179E-02     0.4104450308E-03     0.5990720078E-06     0.1530970838E-03     0.4840177393E-08    -0.9072956234E+02     0.8533965262E+03     0.6259820166E+04
    0.1181733301E-02     0.4093687534E-03     0.5972472971E-06     0.1510617911E-03     0.4816832151E-08    -0.9156045749E+02     0.8539095003E+03     0.6273315303E+04
    0.1180187724E-02     0.4083028326E-03     0.5953787139E-06     0.1490532904E-03     0.4793910027E-08    -0.9239339936E+02     0.8543907176E+03     0.6286717433E+04
    0.1178651446E-02     0.4072462102E-03     0.5934653595E-06     0.1470710844E-03     0.4771366260E-08    -0.9322957009E+02     0.8548400814E+03     0.6300025048E+04
    0.1177133971E-02     0.4062021296E-03     0.5915126545E-06     0.1451161710E-03     0.4749208106E-08    -0.9406928147E+02     0.8552575150E+03     0.6313238108E+04
    0.1175634135E-02     0.4051701777E-03     0.5895207816E-06     0.1431883116E-03     0.4727402443E-08    -0.9491159837E+02     0.8556429171E+03     0.6326355745E+04
    0.1174151855E-02     0.4041502775E-03     0.5874904509E-06     0.1412872804E-03     0.4705921257E-08    -0.9575575997E+02     0.8559962214E+03     0.6339378010E+04
    0.1172678148E-02     0.4031392773E-03     0.5854179346E-06     0.1394117384E-03     0.4684702292E-08    -0.9660224336E+02     0.8563173705E+03     0.6352304794E+04
    0.1171218726E-02     0.4021391369E-03     0.5833070521E-06     0.1375622972E-03     0.4663745512E-08    -0.9745190608E+02     0.8566062785E+03     0.6365134663E+04
    0.1169776551E-02     0.4011508457E-03     0.5811602445E-06     0.1357391542E-03     0.4643040742E-08    -0.9830440000E+02     0.8568628801E+03     0.6377867253E+04
    0.1168350909E-02     0.4001741119E-03     0.5789781161E-06     0.1339420113E-03     0.4622564172E-08    -0.9915903151E+02     0.8570871207E+03     0.6390502639E+04
    0.1166942080E-02     0.3992090009E-03     0.5767618610E-06     0.1321707409E-03     0.4602297945E-08    -0.1000150893E+03     0.8572789417E+03     0.6403040478E+04
    0.1165539960E-02     0.3982520294E-03     0.5745075993E-06     0.1304240492E-03     0.4582184795E-08    -0.1008732422E+03     0.8574382897E+03     0.6415479694E+04
    0.1164153350E-02     0.3973061660E-03     0.5722207859E-06     0.1287027329E-03     0.4562242909E-08    -0.1017343754E+03     0.8575651239E+03     0.6427819984E+04
    0.1162783029E-02     0.3963716314E-03     0.5699029301E-06     0.1270066660E-03     0.4542460017E-08    -0.1025979546E+03     0.8576594038E+03     0.6440061450E+04
    0.1161428457E-02     0.3954482101E-03     0.5675549809E-06     0.1253356257E-03     0.4522820396E-08    -0.1034633344E+03     0.8577210887E+03     0.6452203793E+04
    0.1160089933E-02     0.3945359737E-03     0.5651783353E-06     0.1236894791E-03     0.4503312814E-08    -0.1043298602E+03     0.8577501440E+03     0.6464246737E+04
    0.1158758669E-02     0.3936319189E-03     0.5627700610E-06     0.1220671781E-03     0.4483892438E-08    -0.1051980770E+03     0.8577465402E+03     0.6476188960E+04
    0.1157441705E-02     0.3927383830E-03     0.5603348035E-06     0.1204692222E-03     0.4464575629E-08    -0.1060688658E+03     0.8577102575E+03     0.6488030566E+04
    0.1156140511E-02     0.3918558204E-03     0.5578745473E-06     0.1188955521E-03     0.4445358470E-08    -0.1069417840E+03     0.8576412717E+03     0.6499771700E+04
    0.1154854591E-02     0.3909840577E-03     0.5553905259E-06     0.1173460350E-03     0.4426231782E-08    -0.1078161347E+03     0.8575395743E+03     0.6511411401E+04
    0.1153584134E-02     0.3901230986E-03     0.5528840923E-06     0.1158204261E-03     0.4407188177E-08    -0.1086913230E+03     0.8574051516E+03     0.6522950212E+04
    0.1152322675E-02     0.3892707266E-03     0.5503535487E-06     0.1143179092E-03     0.4388196699E-08    -0.1095676021E+03     0.8572379950E+03     0.6534387484E+04
    0.1151071166E-02     0.3884272492E-03     0.5478008503E-06     0.1128384649E-03     0.4369256144E-08    -0.1104460498E+03     0.8570381137E+03     0.6545721840E+04
    0.1149835273E-02     0.3875945223E-03     0.5452300088E-06     0.1113823972E-03     0.4350382555E-08    -0.1113268110E+03     0.8568055029E+03     0.6556953849E+04
    0.1148613717E-02     0.3867720807E-03     0.5426418452E-06     0.1099494031E-03     0.4331567146E-08    -0.1122092647E+03     0.8565401709E+03     0.6568083365E+04
    0.1147405876E-02     0.3859596824E-03     0.5400375123E-06     0.1085392455E-03     0.4312804405E-08    -0.1130930409E+03     0.8562421334E+03     0.6579110248E+04
    0.1146211589E-02     0.3851572397E-03     0.5374183862E-06     0.1071517307E-03     0.4294091243E-08    -0.1139778529E+03     0.8559114094E+03     0.6590034371E+04
    0.1145030947E-02     0.3843647491E-03     0.5347859697E-06     0.1057866867E-03     0.4275426183E-08    -0.1148633901E+03     0.8555480254E+03     0.6600855629E+04
    0.1143864463E-02     0.3835823494E-03     0.5321419620E-06     0.1044439776E-03     0.4256809922E-08    -0.1157492120E+03     0.8551520105E+03     0.6611573945E+04
    0.1142711500E-02     0.3828097796E-03     0.5294874621E-06     0.1031233232E-03     0.4238239002E-08    -0.1166348803E+03     0.8547233886E+03     0.6622189487E+04
    0.1141561176E-02     0.3820433526E-03     0.5268188384E-06     0.1018235333E-03     0.4219672655E-08    -0.1175217426E+03     0.8542621813E+03     0.6632701318E+04
    0.1140426729E-02     0.3812874813E-03     0.5241437465E-06     0.1005456592E-03     0.4201160831E-08    -0.1184107639E+03     0.8537684478E+03     0.6643108949E+04
    0.1139306318E-02     0.3805415136E-03     0.5214627711E-06     0.9928934459E-04     0.4182697493E-08    -0.1193011135E+03     0.8532422385E+03     0.6653412384E+04
    0.1138199030E-02     0.3798050968E-03     0.5187768615E-06     0.9805428550E-04     0.4164280094E-08    -0.1201923742E+03     0.8526835918E+03     0.6663611927E+04
    0.1137104495E-02     0.3790780725E-03     0.5160872743E-06     0.9684026155E-04     0.4145908952E-08    -0.1210842682E+03     0.8520925634E+03     0.6673707581E+04
    0.1136022562E-02     0.3783603550E-03     0.5133953590E-06     0.9564707034E-04     0.4127585584E-08    -0.1219765683E+03     0.8514692163E+03     0.6683699362E+04
    0.1134953358E-02     0.3776519497E-03     0.5107025745E-06     0.9447453122E-04     0.4109312849E-08    -0.1228690184E+03     0.8508136158E+03     0.6693587308E+04
    0.1133897231E-02     0.3769529366E-03     0.5080104669E-06     0.9332247995E-04     0.4091094742E-08    -0.1237612537E+03     0.8501258342E+03     0.6703371483E+04
    0.1132855006E-02     0.3762635425E-03     0.5053207088E-06     0.9219075835E-04     0.4072936818E-08    -0.1246527016E+03     0.8494059253E+03     0.6713052265E+04
    0.1131815406E-02     0.3755799870E-03     0.5026296369E-06     0.9107826140E-04     0.4054801905E-08    -0.1255444501E+03     0.8486539660E+03     0.6722628648E+04
    0.1130789904E-02     0.3749060551E-03     0.4999437728E-06     0.8998576193E-04     0.4036735227E-08    -0.1264375738E+03     0.8478700634E+03     0.6732100248E+04
    0.1129777685E-02     0.3742414285E-03     0.4972639938E-06     0.8891296522E-04     0.4018737115E-08    -0.1273314230E+03     0.8470542871E+03     0.6741467493E+04
    0.1128777867E-02     0.3735857674E-03     0.4945911293E-06     0.8785957529E-04     0.4000807876E-08    -0.1282255788E+03     0.8462067033E+03     0.6750730791E+04
    0.1127790062E-02     0.3729389234E-03     0.4919263982E-06     0.8682541784E-04     0.3982950998E-08    -0.1291197365E+03     0.8453274563E+03     0.6759889780E+04
    0.1126814006E-02     0.3723007625E-03     0.4892708660E-06     0.8581024583E-04     0.3965169378E-08    -0.1300137403E+03     0.8444166252E+03     0.6768944892E+04
    0.1125849666E-02     0.3716712258E-03     0.4866256715E-06     0.8481383145E-04     0.3947466844E-08    -0.1309074438E+03     0.8434742863E+03     0.6777896560E+04
    0.1124897140E-02     0.3710503166E-03     0.4839921107E-06     0.8383600765E-04     0.3929848613E-08    -0.1318006160E+03     0.8425005740E+03     0.6786744737E+04
    0.1123956723E-02     0.3704380926E-03     0.4813714719E-06     0.8287659394E-04     0.3912320257E-08    -0.1326929558E+03     0.8414956007E+03     0.6795489655E+04
    0.1123029062E-02     0.3698347277E-03     0.4787651625E-06     0.8193543376E-04     0.3894888631E-08    -0.1335839705E+03     0.8404594826E+03     0.6804131579E+04
    0.1122106542E-02     0.3692376670E-03     0.4761709880E-06     0.8101174810E-04     0.3877531661E-08    -0.1344743496E+03     0.8393923100E+03     0.6812670223E+04
    0.1121194999E-02     0.3686487951E-03     0.4735925211E-06     0.8010576586E-04     0.3860274361E-08    -0.1353650844E+03     0.8382942051E+03     0.6821105448E+04
    0.1120296115E-02     0.3680686332E-03     0.4710315695E-06     0.7921742564E-04     0.3843127588E-08    -0.1362558534E+03     0.8371653260E+03     0.6829437357E+04
    0.1119408945E-02     0.3674968296E-03     0.4684887364E-06     0.7834645304E-04     0.3826092745E-08    -0.1371461985E+03     0.8360058048E+03     0.6837666278E+04
    0.1118532994E-02     0.3669331734E-03     0.4659647308E-06     0.7749258610E-04     0.3809172435E-08    -0.1380358940E+03     0.8348157448E+03     0.6845792760E+04
    0.1117668046E-02     0.3663775539E-03     0.4634604080E-06     0.7665560541E-04     0.3792370589E-08    -0.1389247808E+03     0.8335952808E+03     0.6853817138E+04
    0.1116813981E-02     0.3658298982E-03     0.4609766884E-06     0.7583531788E-04     0.3775691805E-08    -0.1398127129E+03     0.8323445860E+03     0.6861739549E+04
    0.1115970745E-02     0.3652901474E-03     0.4585144288E-06     0.7503151346E-04     0.3759140485E-08    -0.1406995714E+03     0.8310638047E+03     0.6869560367E+04
    0.1115138358E-02     0.3647582669E-03     0.4560744831E-06     0.7424398683E-04     0.3742721225E-08    -0.1415852143E+03     0.8297530840E+03     0.6877279980E+04
    0.1114316923E-02     0.3642342422E-03     0.4536576512E-06     0.7347251941E-04     0.3726438475E-08    -0.1424694662E+03     0.8284125395E+03     0.6884898993E+04
    0.1113506823E-02     0.3637181637E-03     0.4512649194E-06     0.7271694826E-04     0.3710298239E-08    -0.1433519944E+03     0.8270423555E+03     0.6892417637E+04
    0.1112707470E-02     0.3632097974E-03     0.4488967910E-06     0.7197702716E-04     0.3694302836E-08    -0.1442324982E+03     0.8256426898E+03     0.6899836263E+04
    0.1111912592E-02     0.3627070551E-03     0.4465514526E-06     0.7125214702E-04     0.3678435684E-08    -0.1451118904E+03     0.8242136967E+03     0.6907154423E+04
    0.1111130113E-02     0.3622124820E-03     0.4442327748E-06     0.7054261503E-04     0.3662727169E-08    -0.1459908133E+03     0.8227555417E+03     0.6914372572E+04
    0.1110358841E-02     0.3617256462E-03     0.4419409060E-06     0.6984814605E-04     0.3647177217E-08    -0.1468686695E+03     0.8212683858E+03     0.6921491224E+04
    0.1109598162E-02     0.3612463108E-03     0.4396762497E-06     0.6916850978E-04     0.3631787921E-08    -0.1477451374E+03     0.8197524354E+03     0.6928510714E+04
    0.1108847766E-02     0.3607743264E-03     0.4374391987E-06     0.6850346396E-04     0.3616561605E-08    -0.1486200694E+03     0.8182078199E+03     0.6935431741E+04
    0.1108107479E-02     0.3603095938E-03     0.4352302186E-06     0.6785279213E-04     0.3601501245E-08    -0.1494933535E+03     0.8166347089E+03     0.6942254831E+04
    0.1107377211E-02     0.3598520473E-03     0.4330498234E-06     0.6721629844E-04     0.3586610284E-08    -0.1503648808E+03     0.8150333135E+03     0.6948980356E+04
    0.1106656885E-02     0.3594016235E-03     0.4308984949E-06     0.6659378654E-04     0.3571892036E-08    -0.1512345519E+03     0.8134038502E+03     0.6955608710E+04
    0.1105946415E-02     0.3589582467E-03     0.4287765867E-06     0.6598503132E-04     0.3557349038E-08    -0.1521023073E+03     0.8117464568E+03     0.6962140631E+04
    0.1105245799E-02     0.3585218725E-03     0.4266844981E-06     0.6538982807E-04     0.3542984250E-08    -0.1529680521E+03     0.8100613100E+03     0.6968576705E+04
    0.1104555038E-02     0.3580924588E-03     0.4246225992E-06     0.6480797311E-04     0.3528800506E-08    -0.1538316638E+03     0.8083485911E+03     0.6974917526E+04
    0.1103874299E-02     0.3576700212E-03     0.4225913326E-06     0.6423928563E-04     0.3514801285E-08    -0.1546929427E+03     0.8066085217E+03     0.6981163560E+04
    0.1103203855E-02     0.3572546095E-03     0.4205911463E-06     0.6368359008E-04     0.3500990231E-08    -0.1555515850E+03     0.8048413310E+03     0.6987315304E+04
    0.1102541950E-02     0.3568456066E-03     0.4186215981E-06     0.6314056950E-04     0.3487363812E-08    -0.1564075727E+03     0.8030471606E+03     0.6993373325E+04
    0.1101886219E-02     0.3564422044E-03     0.4166820375E-06     0.6260988943E-04     0.3473916768E-08    -0.1572616362E+03     0.8012261962E+03     0.6999337639E+04
    0.1101241378E-02     0.3560458905E-03     0.4147745018E-06     0.6209163117E-04     0.3460666271E-08    -0.1581140543E+03     0.7993786707E+03     0.7005208802E+04
    0.1100606515E-02     0.3556563303E-03     0.4128988562E-06     0.6158555251E-04     0.3447611486E-08    -0.1589643593E+03     0.7975048200E+03     0.7010987388E+04
    0.1099981187E-02     0.3552733364E-03     0.4110550766E-06     0.6109142791E-04     0.3434752637E-08    -0.1598123269E+03     0.7956048360E+03     0.7016674116E+04
    0.1099365134E-02     0.3548967769E-03     0.4092431454E-06     0.6060903334E-04     0.3422090127E-08    -0.1606578497E+03     0.7936788658E+03     0.7022269837E+04
    0.1098758253E-02     0.3545265790E-03     0.4074631531E-06     0.6013817657E-04     0.3409625210E-08    -0.1615008222E+03     0.7917271450E+03     0.7027775143E+04
    0.1098160415E-02     0.3541626615E-03     0.4057151519E-06     0.5967866418E-04     0.3397358890E-08    -0.1623411603E+03     0.7897499162E+03     0.7033190638E+04
    0.1097571551E-02     0.3538049582E-03     0.4039991526E-06     0.5923029664E-04     0.3385291942E-08    -0.1631788073E+03     0.7877473725E+03     0.7038517074E+04
    0.1096991556E-02     0.3534533917E-03     0.4023151289E-06     0.5879287408E-04     0.3373424887E-08    -0.1640137103E+03     0.7857197107E+03     0.7043755206E+04
    0.1096420374E-02     0.3531079004E-03     0.4006630477E-06     0.5836620072E-04     0.3361758241E-08    -0.1648458166E+03     0.7836671244E+03     0.7048905797E+04
    0.1095857932E-02     0.3527684211E-03     0.3990428793E-06     0.5795009028E-04     0.3350292547E-08    -0.1656750544E+03     0.7815898583E+03     0.7053969501E+04
    0.1095304185E-02     0.3524348992E-03     0.3974545778E-06     0.5754435843E-04     0.3339028265E-08    -0.1665013492E+03     0.7794881566E+03     0.7058946988E+04
    0.1094759078E-02     0.3521072765E-03     0.3958980689E-06     0.5714882098E-04     0.3327965664E-08    -0.1673246218E+03     0.7773622667E+03     0.7063838947E+04
    0.1094222558E-02     0.3517854891E-03     0.3943731944E-06     0.5676327845E-04     0.3317104440E-08    -0.1681448161E+03     0.7752123384E+03     0.7068646299E+04
    0.1093694657E-02     0.3514695035E-03     0.3928798384E-06     0.5638754623E-04     0.3306444631E-08    -0.1689618289E+03     0.7730385667E+03     0.7073369861E+04
    0.1093175466E-02     0.3511593099E-03     0.3914179155E-06     0.5602145217E-04     0.3295986522E-08    -0.1697754872E+03     0.7708411989E+03     0.7078010355E+04
    0.1092665258E-02     0.3508549549E-03     0.3899873808E-06     0.5566483386E-04     0.3285730775E-08    -0.1705855176E+03     0.7686204812E+03     0.7082568530E+04
    0.1092161011E-02     0.3505554285E-03     0.3885869954E-06     0.5531736274E-04     0.3275668023E-08    -0.1713921725E+03     0.7663766620E+03     0.7087044693E+04
    0.1091664461E-02     0.3502612422E-03     0.3872171455E-06     0.5497894049E-04     0.3265802686E-08    -0.1721959929E+03     0.7641098892E+03     0.7091439550E+04
    0.1091176870E-02     0.3499727613E-03     0.3858780784E-06     0.5464945923E-04     0.3256137964E-08    -0.1729968660E+03     0.7618204086E+03     0.7095753900E+04
    0.1090697690E-02     0.3496897722E-03     0.3845694042E-06     0.5432872700E-04     0.3246671666E-08    -0.1737944909E+03     0.7595085218E+03     0.7099988443E+04
    0.1090226621E-02     0.3494121336E-03     0.3832907303E-06     0.5401654635E-04     0.3237401700E-08    -0.1745887510E+03     0.7571743748E+03     0.7104144165E+04
    0.1089763535E-02     0.3491397643E-03     0.3820417612E-06     0.5371274352E-04     0.3228326724E-08    -0.1753795493E+03     0.7548182122E+03     0.7108221866E+04
    0.1089308292E-02     0.3488725800E-03     0.3808221826E-06     0.5341714571E-04     0.3219445256E-08    -0.1761668153E+03     0.7524402842E+03     0.7112222352E+04
    0.1088860814E-02     0.3486105129E-03     0.3796316642E-06     0.5312957873E-04     0.3210755713E-08    -0.1769505054E+03     0.7500407836E+03     0.7116146525E+04
    0.1088420992E-02     0.3483534866E-03     0.3784698549E-06     0.5284986923E-04     0.3202256338E-08    -0.1777305813E+03     0.7476199055E+03     0.7119995288E+04
    0.1087988777E-02     0.3481014458E-03     0.3773364340E-06     0.5257785428E-04     0.3193945609E-08    -0.1785069891E+03     0.7451778925E+03     0.7123769464E+04
    0.1087564080E-02     0.3478543257E-03     0.3762310762E-06     0.5231337587E-04     0.3185821936E-08    -0.1792796617E+03     0.7427150452E+03     0.7127469802E+04
    0.1087146818E-02     0.3476120576E-03     0.3751534032E-06     0.5205626698E-04     0.3177883341E-08    -0.1800485667E+03     0.7402315554E+03     0.7131097224E+04
    0.1086736908E-02     0.3473745737E-03     0.3741030290E-06     0.5180636296E-04     0.3170127776E-08    -0.1808136719E+03     0.7377276131E+03     0.7134652652E+04
    0.1086334281E-02     0.3471418136E-03     0.3730795841E-06     0.5156350699E-04     0.3162553299E-08    -0.1815749290E+03     0.7352034601E+03     0.7138136933E+04
    0.1085938852E-02     0.3469137114E-03     0.3720826832E-06     0.5132754309E-04     0.3155157836E-08    -0.1823322915E+03     0.7326593397E+03     0.7141550919E+04
    0.1085550553E-02     0.3466902068E-03     0.3711119387E-06     0.5109831787E-04     0.3147939284E-08    -0.1830857136E+03     0.7300954926E+03     0.7144895469E+04
    0.1085169283E-02     0.3464712271E-03     0.3701669265E-06     0.5087567392E-04     0.3140895246E-08    -0.1838351666E+03     0.7275121060E+03     0.7148171517E+04
    0.1084794977E-02     0.3462567117E-03     0.3692472301E-06     0.5065945793E-04     0.3134023377E-08    -0.1845806209E+03     0.7249093618E+03     0.7151379994E+04
    0.1084427565E-02     0.3460466025E-03     0.3683524587E-06     0.5044952678E-04     0.3127321499E-08    -0.1853220163E+03     0.7222875530E+03     0.7154521698E+04
    0.1084066964E-02     0.3458408352E-03     0.3674821936E-06     0.5024573416E-04     0.3120787207E-08    -0.1860593093E+03     0.7196469176E+03     0.7157597501E+04
    0.1083713095E-02     0.3456393453E-03     0.3666359974E-06     0.5004793218E-04     0.3114417941E-08    -0.1867924707E+03     0.7169876355E+03     0.7160608342E+04
    0.1083365899E-02     0.3454420770E-03     0.3658134511E-06     0.4985597993E-04     0.3108211268E-08    -0.1875214527E+03     0.7143099399E+03     0.7163555096E+04
    0.1083025309E-02     0.3452489719E-03     0.3650141294E-06     0.4966973806E-04     0.3102164681E-08    -0.1882462027E+03     0.7116140644E+03     0.7166438641E+04
    0.1082691292E-02     0.3450599829E-03     0.3642376148E-06     0.4948907080E-04     0.3096275727E-08    -0.1889666565E+03     0.7089002397E+03     0.7169259860E+04
    0.1082363834E-02     0.3448750692E-03     0.3634834934E-06     0.4931384521E-04     0.3090541965E-08    -0.1896827273E+03     0.7061686967E+03     0.7172019640E+04
    0.1082042993E-02     0.3446942111E-03     0.3627513598E-06     0.4914393040E-04     0.3084961023E-08    -0.1903942971E+03     0.7034196070E+03     0.7174718930E+04
    0.1081728242E-02     0.3445172055E-03     0.3620406258E-06     0.4897917457E-04     0.3079528936E-08    -0.1911013011E+03     0.7006531958E+03     0.7177358518E+04
    0.1081418248E-02     0.3443435919E-03     0.3613504317E-06     0.4881939169E-04     0.3074239413E-08    -0.1918040539E+03     0.6978696887E+03     0.7179938940E+04
    0.1081115038E-02     0.3441739813E-03     0.3606810404E-06     0.4866454985E-04     0.3069095687E-08    -0.1925027076E+03     0.6950693093E+03     0.7182461112E+04
    0.1080818163E-02     0.3440081966E-03     0.3600318958E-06     0.4851450954E-04     0.3064093990E-08    -0.1931970240E+03     0.6922523371E+03     0.7184925891E+04
    0.1080527367E-02     0.3438461205E-03     0.3594024852E-06     0.4836913663E-04     0.3059230918E-08    -0.1938869071E+03     0.6894189374E+03     0.7187334225E+04
    0.1080242520E-02     0.3436876755E-03     0.3587923400E-06     0.4822830507E-04     0.3054503416E-08    -0.1945723061E+03     0.6865692684E+03     0.7189687054E+04
    0.1079963518E-02     0.3435327965E-03     0.3582010249E-06     0.4809189753E-04     0.3049908659E-08    -0.1952531623E+03     0.6837036044E+03     0.7191985217E+04
    0.1079690264E-02     0.3433814186E-03     0.3576280960E-06     0.4795979623E-04     0.3045443741E-08    -0.1959294402E+03     0.6808221614E+03     0.7194229600E+04
    0.1079422681E-02     0.3432334841E-03     0.3570731193E-06     0.4783188644E-04     0.3041105806E-08    -0.1966011077E+03     0.6779251512E+03     0.7196421087E+04
    0.1079160667E-02     0.3430889266E-03     0.3565356465E-06     0.4770805227E-04     0.3036891856E-08    -0.1972681485E+03     0.6750127287E+03     0.7198560599E+04
    0.1078904178E-02     0.3429477002E-03     0.3560152686E-06     0.4758818693E-04     0.3032799187E-08    -0.1979305194E+03     0.6720851569E+03     0.7200648969E+04
    0.1078653106E-02     0.3428097399E-03     0.3555115588E-06     0.4747218276E-04     0.3028824911E-08    -0.1985881807E+03     0.6691427066E+03     0.7202687028E+04
    0.1078407373E-02     0.3426749862E-03     0.3550240774E-06     0.4735992913E-04     0.3024966023E-08    -0.1992411315E+03     0.6661854644E+03     0.7204675727E+04
    0.1078166916E-02     0.3425433895E-03     0.3545524200E-06     0.4725132466E-04     0.3021219768E-08    -0.1998893319E+03     0.6632136903E+03     0.7206615888E+04
    0.1077931637E-02     0.3424148866E-03     0.3540961645E-06     0.4714626614E-04     0.3017583212E-08    -0.2005327567E+03     0.6602275890E+03     0.7208508369E+04
    0.1077701478E-02     0.3422894287E-03     0.3536549074E-06     0.4704465438E-04     0.3014053551E-08    -0.2011713805E+03     0.6572273566E+03     0.7210354025E+04
    0.1077476349E-02     0.3421669579E-03     0.3532282455E-06     0.4694639252E-04     0.3010627948E-08    -0.2018051670E+03     0.6542132523E+03     0.7212153670E+04
    0.1077256169E-02     0.3420474175E-03     0.3528157688E-06     0.4685138257E-04     0.3007303479E-08    -0.2024341055E+03     0.6511854122E+03     0.7213908181E+04
    0.1077040869E-02     0.3419307554E-03     0.3524170827E-06     0.4675953089E-04     0.3004077316E-08    -0.2030581723E+03     0.6481440284E+03     0.7215618397E+04
    0.1076830374E-02     0.3418169198E-03     0.3520318024E-06     0.4667074720E-04     0.3000946676E-08    -0.2036773331E+03     0.6450893522E+03     0.7217285115E+04
    0.1076624600E-02     0.3417058552E-03     0.3516595379E-06     0.4658494114E-04     0.2997908698E-08    -0.2042915666E+03     0.6420215741E+03     0.7218909161E+04
    0.1076423478E-02     0.3415975111E-03     0.3512999089E-06     0.4650202496E-04     0.2994960571E-08    -0.2049008517E+03     0.6389408805E+03     0.7220491355E+04
    0.1076226925E-02     0.3414918331E-03     0.3509525360E-06     0.4642191229E-04     0.2992099449E-08    -0.2055051682E+03     0.6358474579E+03     0.7222032509E+04
    0.1076034873E-02     0.3413887717E-03     0.3506170493E-06     0.4634451935E-04     0.2989322534E-08    -0.2061044960E+03     0.6327414884E+03     0.7223533429E+04
    0.1075847248E-02     0.3412882775E-03     0.3502930880E-06     0.4626976540E-04     0.2986627062E-08    -0.2066988045E+03     0.6296232135E+03     0.7224994884E+04
    0.1075663971E-02     0.3411902977E-03     0.3499802878E-06     0.4619756982E-04     0.2984010200E-08    -0.2072880754E+03     0.6264928138E+03     0.7226417666E+04
    0.1075484964E-02     0.3410947809E-03     0.3496782866E-06     0.4612785294E-04     0.2981469097E-08    -0.2078723021E+03     0.6233504061E+03     0.7227802586E+04
    0.1075310169E-02     0.3410016834E-03     0.3493867432E-06     0.4606054019E-04     0.2979001030E-08    -0.2084514551E+03     0.6201962236E+03     0.7229150391E+04
    0.1075139503E-02     0.3409109538E-03     0.3491053120E-06     0.4599555759E-04     0.2976603202E-08    -0.2090255069E+03     0.6170305025E+03     0.7230461824E+04
    0.1074972901E-02     0.3408225459E-03     0.3488336537E-06     0.4593283251E-04     0.2974272820E-08    -0.2095944414E+03     0.6138534128E+03     0.7231737647E+04
    0.1074810284E-02     0.3407364100E-03     0.3485714297E-06     0.4587229362E-04     0.2972007054E-08    -0.2101582430E+03     0.6106651251E+03     0.7232978611E+04
    0.1074651587E-02     0.3406525010E-03     0.3483183104E-06     0.4581387196E-04     0.2969803102E-08    -0.2107168965E+03     0.6074658055E+03     0.7234185461E+04
    0.1074496742E-02     0.3405707738E-03     0.3480739733E-06     0.4575750109E-04     0.2967658174E-08    -0.2112703764E+03     0.6042556799E+03     0.7235358908E+04
    0.1074345672E-02     0.3404911807E-03     0.3478380938E-06     0.4570311493E-04     0.2965569410E-08    -0.2118186692E+03     0.6010349131E+03     0.7236499680E+04
    0.1074198315E-02     0.3404136784E-03     0.3476103556E-06     0.4565064969E-04     0.2963533969E-08    -0.2123617609E+03     0.5978036650E+03     0.7237608494E+04
    0.1074054604E-02     0.3403382233E-03     0.3473904484E-06     0.4560004391E-04     0.2961549009E-08    -0.2128996284E+03     0.5945621564E+03     0.7238686038E+04
    0.1073914465E-02     0.3402647698E-03     0.3471780598E-06     0.4555123658E-04     0.2959611612E-08    -0.2134322593E+03     0.5913105459E+03     0.7239733014E+04
    0.1073777843E-02     0.3401932791E-03     0.3469728900E-06     0.4550416991E-04     0.2957718913E-08    -0.2139596317E+03     0.5880490479E+03     0.7240750093E+04
    0.1073644649E-02     0.3401237002E-03     0.3467746241E-06     0.4545878456E-04     0.2955867852E-08    -0.2144817446E+03     0.5847777600E+03     0.7241737976E+04
    0.1073514851E-02     0.3400560028E-03     0.3465829759E-06     0.4541502688E-04     0.2954055556E-08    -0.2149985759E+03     0.5814968876E+03     0.7242697317E+04
    0.1073388353E-02     0.3399901358E-03     0.3463976388E-06     0.4537284181E-04     0.2952278918E-08    -0.2155101067E+03     0.5782066498E+03     0.7243628761E+04
    0.1073265118E-02     0.3399260672E-03     0.3462183252E-06     0.4533217761E-04     0.2950534920E-08    -0.2160163263E+03     0.5749071885E+03     0.7244532964E+04
    0.1073145061E-02     0.3398637506E-03     0.3460447356E-06     0.4529298264E-04     0.2948820381E-08    -0.2165172167E+03     0.5715987167E+03     0.7245410553E+04
    0.1073028130E-02     0.3398031489E-03     0.3458765763E-06     0.4525520675E-04     0.2947132088E-08    -0.2170127778E+03     0.5682813148E+03     0.7246262179E+04
    0.1072914263E-02     0.3397442243E-03     0.3457135566E-06     0.4521880213E-04     0.2945466788E-08    -0.2175029917E+03     0.5649551872E+03     0.7247088453E+04
    0.1072803401E-02     0.3396869392E-03     0.3455553853E-06     0.4518372234E-04     0.2943821149E-08    -0.2179878413E+03     0.5616205367E+03     0.7247889973E+04
    0.1072695484E-02     0.3396312567E-03     0.3454017698E-06     0.4514992225E-04     0.2942191753E-08    -0.2184673102E+03     0.5582775643E+03     0.7248667335E+04
    0.1072590442E-02     0.3395771358E-03     0.3452524078E-06     0.4511735646E-04     0.2940575003E-08    -0.2189414008E+03     0.5549263485E+03     0.7249421147E+04
    0.1072488236E-02     0.3395245472E-03     0.3451070094E-06     0.4508598340E-04     0.2938967337E-08    -0.2194100967E+03     0.5515670820E+03     0.7250151983E+04
    0.1072388796E-02     0.3394734518E-03     0.3449652725E-06     0.4505576174E-04     0.2937365012E-08    -0.2198733753E+03     0.5482000266E+03     0.7250860395E+04
    0.1072292064E-02     0.3394238137E-03     0.3448268880E-06     0.4502665046E-04     0.2935764117E-08    -0.2203312398E+03     0.5448252533E+03     0.7251546964E+04
    0.1072197986E-02     0.3393756000E-03     0.3446915461E-06     0.4499861058E-04     0.2934160647E-08    -0.2207836847E+03     0.5414428917E+03     0.7252212248E+04
    0.1072106510E-02     0.3393287774E-03     0.3445589311E-06     0.4497160460E-04     0.2932550468E-08    -0.2212306965E+03     0.5380531333E+03     0.7252856783E+04
    0.1072017580E-02     0.3392833134E-03     0.3444287199E-06     0.4494559617E-04     0.2930929285E-08    -0.2216722630E+03     0.5346561681E+03     0.7253481097E+04
    0.1071931145E-02     0.3392391758E-03     0.3443005803E-06     0.4492055007E-04     0.2929292633E-08    -0.2221083722E+03     0.5312521844E+03     0.7254085706E+04
    0.1071847145E-02     0.3391963312E-03     0.3441741663E-06     0.4489643157E-04     0.2927635822E-08    -0.2225390213E+03     0.5278413087E+03     0.7254671133E+04
    0.1071765533E-02     0.3391547495E-03     0.3440491232E-06     0.4487320749E-04     0.2925953987E-08    -0.2229642069E+03     0.5244236629E+03     0.7255237887E+04
    0.1071686264E-02     0.3391144025E-03     0.3439250871E-06     0.4485084647E-04     0.2924242108E-08    -0.2233839112E+03     0.5209994921E+03     0.7255786449E+04
    0.1071609268E-02     0.3390752538E-03     0.3438016653E-06     0.4482931612E-04     0.2922494790E-08    -0.2237981403E+03     0.5175688600E+03     0.7256317320E+04
    0.1071534522E-02     0.3390372827E-03     0.3436784662E-06     0.4480858775E-04     0.2920706567E-08    -0.2242068841E+03     0.5141319398E+03     0.7256830972E+04
    0.1071461957E-02     0.3390004542E-03     0.3435550659E-06     0.4478863190E-04     0.2918871620E-08    -0.2246101274E+03     0.5106889805E+03     0.7257327860E+04
    0.1071391532E-02     0.3389647423E-03     0.3434310222E-06     0.4476942040E-04     0.2916983836E-08    -0.2250078769E+03     0.5072400337E+03     0.7257808457E+04
    0.1071323201E-02     0.3389301194E-03     0.3433058700E-06     0.4475092633E-04     0.2915036843E-08    -0.2254001248E+03     0.5037852766E+03     0.7258273207E+04
    0.1071256916E-02     0.3388965589E-03     0.3431791176E-06     0.4473312369E-04     0.2913023958E-08    -0.2257868643E+03     0.5003248853E+03     0.7258722548E+04
    0.1071192630E-02     0.3388640328E-03     0.3430502401E-06     0.4471598694E-04     0.2910938116E-08    -0.2261680962E+03     0.4968589738E+03     0.7259156915E+04
    0.1071130303E-02     0.3388325181E-03     0.3429186854E-06     0.4469949225E-04     0.2908771964E-08    -0.2265438143E+03     0.4933877127E+03     0.7259576729E+04
    0.1071069886E-02     0.3388019870E-03     0.3427838598E-06     0.4468361594E-04     0.2906517735E-08    -0.2269140136E+03     0.4899112774E+03     0.7259982399E+04
    0.1071011339E-02     0.3387724159E-03     0.3426451311E-06     0.4466833544E-04     0.2904167259E-08    -0.2272786960E+03     0.4864297752E+03     0.7260374335E+04
    0.1070954618E-02     0.3387437809E-03     0.3425018231E-06     0.4465362911E-04     0.2901711974E-08    -0.2276378572E+03     0.4829433762E+03     0.7260752930E+04
    0.1070899683E-02     0.3387160583E-03     0.3423532110E-06     0.4463947611E-04     0.2899142884E-08    -0.2279914937E+03     0.4794522494E+03     0.7261118571E+04
    0.1070846489E-02     0.3386892239E-03     0.3421985124E-06     0.4462585599E-04     0.2896450481E-08    -0.2283396090E+03     0.4759565015E+03     0.7261471640E+04
    0.1070795002E-02     0.3386632574E-03     0.3420368912E-06     0.4461274980E-04     0.2893624838E-08    -0.2286822002E+03     0.4724562963E+03     0.7261812506E+04
    0.1070745180E-02     0.3386381361E-03     0.3418674461E-06     0.4460013905E-04     0.2890655561E-08    -0.2290192600E+03     0.4689518638E+03     0.7262141525E+04
    0.1070696974E-02     0.3386138354E-03     0.3416891947E-06     0.4458800522E-04     0.2887531566E-08    -0.2293507999E+03     0.4654432461E+03     0.7262459060E+04
    0.1070650357E-02     0.3385903371E-03     0.3415010832E-06     0.4457633144E-04     0.2884241294E-08    -0.2296768256E+03     0.4619305400E+03     0.7262765463E+04
    0.1070605287E-02     0.3385676204E-03     0.3413019782E-06     0.4456510165E-04     0.2880772774E-08    -0.2299973274E+03     0.4584140334E+03     0.7263061059E+04
    0.1070561707E-02     0.3385456586E-03     0.3410906346E-06     0.4455429899E-04     0.2877113179E-08    -0.2303123228E+03     0.4548937684E+03     0.7263346187E+04
    0.1070519588E-02     0.3385244344E-03     0.3408657177E-06     0.4454390881E-04     0.2873249234E-08    -0.2306218214E+03     0.4513698973E+03     0.7263621168E+04
    0.1070478852E-02     0.3385039157E-03     0.3406257707E-06     0.4453391522E-04     0.2869167024E-08    -0.2309258397E+03     0.4478426496E+03     0.7263886307E+04
    0.1070439416E-02     0.3384840690E-03     0.3403691990E-06     0.4452430236E-04     0.2864851749E-08    -0.2312244298E+03     0.4443120561E+03     0.7264141916E+04
    0.1070401141E-02     0.3384648429E-03     0.3400942625E-06     0.4451505291E-04     0.2860287950E-08    -0.2315176726E+03     0.4407782749E+03     0.7264388281E+04
    0.1070363785E-02     0.3384461549E-03     0.3397990475E-06     0.4450614611E-04     0.2855459327E-08    -0.2318057228E+03     0.4372415250E+03     0.7264625665E+04
    0.1070326888E-02     0.3384278524E-03     0.3394814015E-06     0.4449755241E-04     0.2850348196E-08    -0.2320889015E+03     0.4337019050E+03     0.7264854303E+04
    0.1070289594E-02     0.3384096587E-03     0.3391388692E-06     0.4448922645E-04     0.2844935130E-08    -0.2323678381E+03     0.4301595048E+03     0.7265074374E+04
    0.1070250211E-02     0.3383910338E-03     0.3387685553E-06     0.4448108916E-04     0.2839198071E-08    -0.2326437663E+03     0.4266145465E+03     0.7265285935E+04
    0.1070205416E-02     0.3383709211E-03     0.3383668317E-06     0.4447299389E-04     0.2833109856E-08    -0.2329191502E+03     0.4230671289E+03     0.7265488836E+04
    0.1070148646E-02     0.3383472402E-03     0.3379288352E-06     0.4446466027E-04     0.2826634351E-08    -0.2331988741E+03     0.4195174147E+03     0.7265682497E+04
    0.1070066870E-02     0.3383158674E-03     0.3374474406E-06     0.4445554002E-04     0.2819718088E-08    -0.2334926426E+03     0.4159655840E+03     0.7265865503E+04
    0.1069934247E-02     0.3382686281E-03     0.3369112566E-06     0.4444455344E-04     0.2812273785E-08    -0.2338197449E+03     0.4124117735E+03     0.7266034784E+04
    0.1069699477E-02     0.3381893006E-03     0.3363007058E-06     0.4442956464E-04     0.2804148229E-08    -0.2342184977E+03     0.4088562322E+03     0.7266183965E+04
    0.1069260772E-02     0.3380457021E-03     0.3355802641E-06     0.4440634248E-04     0.2795058254E-08    -0.2347650149E+03     0.4052993054E+03     0.7266300102E+04
    0.1068416381E-02     0.3377740495E-03     0.3346832079E-06     0.4436650713E-04     0.2784464935E-08    -0.2356104101E+03     0.4017415299E+03     0.7266357133E+04
    0.1066767339E-02     0.3372482152E-03     0.3334817540E-06     0.4429349393E-04     0.2771327316E-08    -0.2370543860E+03     0.3981838227E+03     0.7266302702E+04
    0.1063528270E-02     0.3362199196E-03     0.3317291971E-06     0.4415470198E-04     0.2753625369E-08    -0.2396902021E+03     0.3946277913E+03     0.7266031305E+04
    0.1057167142E-02     0.3342048527E-03     0.3289502687E-06     0.4388654581E-04     0.2727456961E-08    -0.2446875974E+03     0.3910765781E+03     0.7265328475E+04
    0.1044748898E-02     0.3302751876E-03     0.3242423469E-06     0.4336722105E-04     0.2685401892E-08    -0.2543356840E+03     0.3875361955E+03     0.7263750586E+04
    0.1020849660E-02     0.3227163545E-03     0.3159488214E-06     0.4237165733E-04     0.2613837102E-08    -0.2730488786E+03     0.3840180215E+03     0.7260352708E+04
    0.9761520741E-03     0.3085830357E-03     0.3012418410E-06     0.4051325409E-04     0.2489514786E-08    -0.3090987793E+03     0.3805433555E+03     0.7253040149E+04
