        3601
 -2.000000000000000E-002
 -1.997500000000000E-002
 -1.995000000000000E-002
 -1.992500000000000E-002
 -1.990000000000000E-002
 -1.987500000000000E-002
 -1.985000000000000E-002
 -1.982500000000000E-002
 -1.979999999999999E-002
 -1.977499999999999E-002
 -1.974999999999999E-002
 -1.972499999999999E-002
 -1.969999999999999E-002
 -1.967499999999999E-002
 -1.964999999999999E-002
 -1.962499999999999E-002
 -1.959999999999999E-002
 -1.957499999999999E-002
 -1.954999999999999E-002
 -1.952499999999999E-002
 -1.949999999999999E-002
 -1.947499999999999E-002
 -1.944999999999998E-002
 -1.942499999999998E-002
 -1.939999999999998E-002
 -1.937499999999998E-002
 -1.934999999999998E-002
 -1.932499999999998E-002
 -1.929999999999998E-002
 -1.927499999999998E-002
 -1.924999999999998E-002
 -1.922499999999998E-002
 -1.919999999999998E-002
 -1.917499999999998E-002
 -1.914999999999998E-002
 -1.912499999999998E-002
 -1.909999999999997E-002
 -1.907499999999997E-002
 -1.904999999999997E-002
 -1.902499999999997E-002
 -1.899999999999997E-002
 -1.897499999999997E-002
 -1.894999999999997E-002
 -1.892499999999997E-002
 -1.889999999999997E-002
 -1.887499999999997E-002
 -1.884999999999997E-002
 -1.882499999999997E-002
 -1.879999999999997E-002
 -1.877499999999997E-002
 -1.874999999999996E-002
 -1.872499999999996E-002
 -1.869999999999996E-002
 -1.867499999999996E-002
 -1.864999999999996E-002
 -1.862499999999996E-002
 -1.859999999999996E-002
 -1.857499999999996E-002
 -1.854999999999996E-002
 -1.852499999999996E-002
 -1.849999999999996E-002
 -1.847499999999996E-002
 -1.844999999999996E-002
 -1.842499999999996E-002
 -1.839999999999995E-002
 -1.837499999999995E-002
 -1.834999999999995E-002
 -1.832499999999995E-002
 -1.829999999999995E-002
 -1.827499999999995E-002
 -1.824999999999995E-002
 -1.822499999999995E-002
 -1.819999999999995E-002
 -1.817499999999995E-002
 -1.814999999999995E-002
 -1.812499999999995E-002
 -1.809999999999995E-002
 -1.807499999999995E-002
 -1.804999999999994E-002
 -1.802499999999994E-002
 -1.799999999999994E-002
 -1.797499999999994E-002
 -1.794999999999994E-002
 -1.792499999999994E-002
 -1.789999999999994E-002
 -1.787499999999994E-002
 -1.784999999999994E-002
 -1.782499999999994E-002
 -1.779999999999994E-002
 -1.777499999999994E-002
 -1.774999999999994E-002
 -1.772499999999994E-002
 -1.769999999999993E-002
 -1.767499999999993E-002
 -1.764999999999993E-002
 -1.762499999999993E-002
 -1.759999999999993E-002
 -1.757499999999993E-002
 -1.754999999999993E-002
 -1.752499999999993E-002
 -1.749999999999993E-002
 -1.747499999999993E-002
 -1.744999999999993E-002
 -1.742499999999993E-002
 -1.739999999999993E-002
 -1.737499999999993E-002
 -1.734999999999992E-002
 -1.732499999999992E-002
 -1.729999999999992E-002
 -1.727499999999992E-002
 -1.724999999999992E-002
 -1.722499999999992E-002
 -1.719999999999992E-002
 -1.717499999999992E-002
 -1.714999999999992E-002
 -1.712499999999992E-002
 -1.709999999999992E-002
 -1.707499999999992E-002
 -1.704999999999992E-002
 -1.702499999999992E-002
 -1.699999999999991E-002
 -1.697499999999991E-002
 -1.694999999999991E-002
 -1.692499999999991E-002
 -1.689999999999991E-002
 -1.687499999999991E-002
 -1.684999999999991E-002
 -1.682499999999991E-002
 -1.679999999999991E-002
 -1.677499999999991E-002
 -1.674999999999991E-002
 -1.672499999999991E-002
 -1.669999999999991E-002
 -1.667499999999991E-002
 -1.664999999999990E-002
 -1.662499999999990E-002
 -1.659999999999990E-002
 -1.657499999999990E-002
 -1.654999999999990E-002
 -1.652499999999990E-002
 -1.649999999999990E-002
 -1.647499999999990E-002
 -1.644999999999990E-002
 -1.642499999999990E-002
 -1.639999999999990E-002
 -1.637499999999990E-002
 -1.634999999999990E-002
 -1.632499999999990E-002
 -1.629999999999989E-002
 -1.627499999999989E-002
 -1.624999999999989E-002
 -1.622499999999989E-002
 -1.619999999999989E-002
 -1.617499999999989E-002
 -1.614999999999989E-002
 -1.612499999999989E-002
 -1.609999999999989E-002
 -1.607499999999989E-002
 -1.604999999999989E-002
 -1.602499999999989E-002
 -1.599999999999989E-002
 -1.597499999999989E-002
 -1.594999999999988E-002
 -1.592499999999988E-002
 -1.589999999999988E-002
 -1.587499999999988E-002
 -1.584999999999988E-002
 -1.582499999999988E-002
 -1.579999999999988E-002
 -1.577499999999988E-002
 -1.574999999999988E-002
 -1.572499999999988E-002
 -1.569999999999988E-002
 -1.567499999999988E-002
 -1.564999999999988E-002
 -1.562499999999988E-002
 -1.559999999999987E-002
 -1.557499999999987E-002
 -1.554999999999987E-002
 -1.552499999999987E-002
 -1.549999999999987E-002
 -1.547499999999987E-002
 -1.544999999999987E-002
 -1.542499999999987E-002
 -1.539999999999987E-002
 -1.537499999999987E-002
 -1.534999999999987E-002
 -1.532499999999987E-002
 -1.529999999999987E-002
 -1.527499999999987E-002
 -1.524999999999986E-002
 -1.522499999999986E-002
 -1.519999999999986E-002
 -1.517499999999986E-002
 -1.514999999999986E-002
 -1.512499999999986E-002
 -1.509999999999986E-002
 -1.507499999999986E-002
 -1.504999999999986E-002
 -1.502499999999986E-002
 -1.499999999999986E-002
 -1.497499999999986E-002
 -1.494999999999986E-002
 -1.492499999999986E-002
 -1.489999999999985E-002
 -1.487499999999985E-002
 -1.484999999999985E-002
 -1.482499999999985E-002
 -1.479999999999985E-002
 -1.477499999999985E-002
 -1.474999999999985E-002
 -1.472499999999985E-002
 -1.469999999999985E-002
 -1.467499999999985E-002
 -1.464999999999985E-002
 -1.462499999999985E-002
 -1.459999999999985E-002
 -1.457499999999985E-002
 -1.454999999999984E-002
 -1.452499999999984E-002
 -1.449999999999984E-002
 -1.447499999999984E-002
 -1.444999999999984E-002
 -1.442499999999984E-002
 -1.439999999999984E-002
 -1.437499999999984E-002
 -1.434999999999984E-002
 -1.432499999999984E-002
 -1.429999999999984E-002
 -1.427499999999984E-002
 -1.424999999999984E-002
 -1.422499999999983E-002
 -1.419999999999983E-002
 -1.417499999999983E-002
 -1.414999999999983E-002
 -1.412499999999983E-002
 -1.409999999999983E-002
 -1.407499999999983E-002
 -1.404999999999983E-002
 -1.402499999999983E-002
 -1.399999999999983E-002
 -1.397499999999983E-002
 -1.394999999999983E-002
 -1.392499999999983E-002
 -1.389999999999983E-002
 -1.387499999999982E-002
 -1.384999999999982E-002
 -1.382499999999982E-002
 -1.379999999999982E-002
 -1.377499999999982E-002
 -1.374999999999982E-002
 -1.372499999999982E-002
 -1.369999999999982E-002
 -1.367499999999982E-002
 -1.364999999999982E-002
 -1.362499999999982E-002
 -1.359999999999982E-002
 -1.357499999999982E-002
 -1.354999999999982E-002
 -1.352499999999981E-002
 -1.349999999999981E-002
 -1.347499999999981E-002
 -1.344999999999981E-002
 -1.342499999999981E-002
 -1.339999999999981E-002
 -1.337499999999981E-002
 -1.334999999999981E-002
 -1.332499999999981E-002
 -1.329999999999981E-002
 -1.327499999999981E-002
 -1.324999999999981E-002
 -1.322499999999981E-002
 -1.319999999999981E-002
 -1.317499999999980E-002
 -1.314999999999980E-002
 -1.312499999999980E-002
 -1.309999999999980E-002
 -1.307499999999980E-002
 -1.304999999999980E-002
 -1.302499999999980E-002
 -1.299999999999980E-002
 -1.297499999999980E-002
 -1.294999999999980E-002
 -1.292499999999980E-002
 -1.289999999999980E-002
 -1.287499999999980E-002
 -1.284999999999980E-002
 -1.282499999999979E-002
 -1.279999999999979E-002
 -1.277499999999979E-002
 -1.274999999999979E-002
 -1.272499999999979E-002
 -1.269999999999979E-002
 -1.267499999999979E-002
 -1.264999999999979E-002
 -1.262499999999979E-002
 -1.259999999999979E-002
 -1.257499999999979E-002
 -1.254999999999979E-002
 -1.252499999999979E-002
 -1.249999999999979E-002
 -1.247499999999978E-002
 -1.244999999999978E-002
 -1.242499999999978E-002
 -1.239999999999978E-002
 -1.237499999999978E-002
 -1.234999999999978E-002
 -1.232499999999978E-002
 -1.229999999999978E-002
 -1.227499999999978E-002
 -1.224999999999978E-002
 -1.222499999999978E-002
 -1.219999999999978E-002
 -1.217499999999978E-002
 -1.214999999999978E-002
 -1.212499999999977E-002
 -1.209999999999977E-002
 -1.207499999999977E-002
 -1.204999999999977E-002
 -1.202499999999977E-002
 -1.199999999999977E-002
 -1.197499999999977E-002
 -1.194999999999977E-002
 -1.192499999999977E-002
 -1.189999999999977E-002
 -1.187499999999977E-002
 -1.184999999999977E-002
 -1.182499999999977E-002
 -1.179999999999977E-002
 -1.177499999999976E-002
 -1.174999999999976E-002
 -1.172499999999976E-002
 -1.169999999999976E-002
 -1.167499999999976E-002
 -1.164999999999976E-002
 -1.162499999999976E-002
 -1.159999999999976E-002
 -1.157499999999976E-002
 -1.154999999999976E-002
 -1.152499999999976E-002
 -1.149999999999976E-002
 -1.147499999999976E-002
 -1.144999999999976E-002
 -1.142499999999975E-002
 -1.139999999999975E-002
 -1.137499999999975E-002
 -1.134999999999975E-002
 -1.132499999999975E-002
 -1.129999999999975E-002
 -1.127499999999975E-002
 -1.124999999999975E-002
 -1.122499999999975E-002
 -1.119999999999975E-002
 -1.117499999999975E-002
 -1.114999999999975E-002
 -1.112499999999975E-002
 -1.109999999999975E-002
 -1.107499999999974E-002
 -1.104999999999974E-002
 -1.102499999999974E-002
 -1.099999999999974E-002
 -1.097499999999974E-002
 -1.094999999999974E-002
 -1.092499999999974E-002
 -1.089999999999974E-002
 -1.087499999999974E-002
 -1.084999999999974E-002
 -1.082499999999974E-002
 -1.079999999999974E-002
 -1.077499999999974E-002
 -1.074999999999974E-002
 -1.072499999999973E-002
 -1.069999999999973E-002
 -1.067499999999973E-002
 -1.064999999999973E-002
 -1.062499999999973E-002
 -1.059999999999973E-002
 -1.057499999999973E-002
 -1.054999999999973E-002
 -1.052499999999973E-002
 -1.049999999999973E-002
 -1.047499999999973E-002
 -1.044999999999973E-002
 -1.042499999999973E-002
 -1.039999999999973E-002
 -1.037499999999972E-002
 -1.034999999999972E-002
 -1.032499999999972E-002
 -1.029999999999972E-002
 -1.027499999999972E-002
 -1.024999999999972E-002
 -1.022499999999972E-002
 -1.019999999999972E-002
 -1.017499999999972E-002
 -1.014999999999972E-002
 -1.012499999999972E-002
 -1.009999999999972E-002
 -1.007499999999972E-002
 -1.004999999999972E-002
 -1.002499999999971E-002
 -9.999999999999714E-003
 -9.974999999999713E-003
 -9.949999999999713E-003
 -9.924999999999712E-003
 -9.899999999999711E-003
 -9.874999999999710E-003
 -9.849999999999710E-003
 -9.824999999999709E-003
 -9.799999999999708E-003
 -9.774999999999708E-003
 -9.749999999999707E-003
 -9.724999999999706E-003
 -9.699999999999705E-003
 -9.674999999999705E-003
 -9.649999999999704E-003
 -9.624999999999703E-003
 -9.599999999999703E-003
 -9.574999999999702E-003
 -9.549999999999701E-003
 -9.524999999999700E-003
 -9.499999999999700E-003
 -9.474999999999699E-003
 -9.449999999999698E-003
 -9.424999999999698E-003
 -9.399999999999697E-003
 -9.374999999999696E-003
 -9.349999999999695E-003
 -9.324999999999695E-003
 -9.299999999999694E-003
 -9.274999999999693E-003
 -9.249999999999692E-003
 -9.224999999999692E-003
 -9.199999999999691E-003
 -9.174999999999690E-003
 -9.149999999999690E-003
 -9.124999999999689E-003
 -9.099999999999688E-003
 -9.074999999999687E-003
 -9.049999999999687E-003
 -9.024999999999686E-003
 -8.999999999999685E-003
 -8.974999999999685E-003
 -8.949999999999684E-003
 -8.924999999999683E-003
 -8.899999999999682E-003
 -8.874999999999682E-003
 -8.849999999999681E-003
 -8.824999999999680E-003
 -8.799999999999680E-003
 -8.774999999999679E-003
 -8.749999999999678E-003
 -8.724999999999677E-003
 -8.699999999999677E-003
 -8.674999999999676E-003
 -8.649999999999675E-003
 -8.624999999999675E-003
 -8.599999999999674E-003
 -8.574999999999673E-003
 -8.549999999999672E-003
 -8.524999999999672E-003
 -8.499999999999671E-003
 -8.474999999999670E-003
 -8.449999999999670E-003
 -8.424999999999669E-003
 -8.399999999999668E-003
 -8.374999999999667E-003
 -8.349999999999667E-003
 -8.324999999999666E-003
 -8.299999999999665E-003
 -8.274999999999665E-003
 -8.249999999999664E-003
 -8.224999999999663E-003
 -8.199999999999662E-003
 -8.174999999999662E-003
 -8.149999999999661E-003
 -8.124999999999660E-003
 -8.099999999999660E-003
 -8.074999999999659E-003
 -8.049999999999658E-003
 -8.024999999999657E-003
 -7.999999999999657E-003
 -7.974999999999656E-003
 -7.949999999999655E-003
 -7.924999999999655E-003
 -7.899999999999654E-003
 -7.874999999999653E-003
 -7.849999999999652E-003
 -7.824999999999652E-003
 -7.799999999999652E-003
 -7.774999999999652E-003
 -7.749999999999652E-003
 -7.724999999999652E-003
 -7.699999999999652E-003
 -7.674999999999653E-003
 -7.649999999999653E-003
 -7.624999999999653E-003
 -7.599999999999653E-003
 -7.574999999999653E-003
 -7.549999999999653E-003
 -7.524999999999653E-003
 -7.499999999999654E-003
 -7.474999999999654E-003
 -7.449999999999654E-003
 -7.424999999999654E-003
 -7.399999999999654E-003
 -7.374999999999654E-003
 -7.349999999999655E-003
 -7.324999999999655E-003
 -7.299999999999655E-003
 -7.274999999999655E-003
 -7.249999999999655E-003
 -7.224999999999655E-003
 -7.199999999999655E-003
 -7.174999999999656E-003
 -7.149999999999656E-003
 -7.124999999999656E-003
 -7.099999999999656E-003
 -7.074999999999656E-003
 -7.049999999999656E-003
 -7.024999999999657E-003
 -6.999999999999657E-003
 -6.974999999999657E-003
 -6.949999999999657E-003
 -6.924999999999657E-003
 -6.899999999999657E-003
 -6.874999999999657E-003
 -6.849999999999658E-003
 -6.824999999999658E-003
 -6.799999999999658E-003
 -6.774999999999658E-003
 -6.749999999999658E-003
 -6.724999999999658E-003
 -6.699999999999658E-003
 -6.674999999999659E-003
 -6.649999999999659E-003
 -6.624999999999659E-003
 -6.599999999999659E-003
 -6.574999999999659E-003
 -6.549999999999659E-003
 -6.524999999999660E-003
 -6.499999999999660E-003
 -6.474999999999660E-003
 -6.449999999999660E-003
 -6.424999999999660E-003
 -6.399999999999660E-003
 -6.374999999999660E-003
 -6.349999999999661E-003
 -6.324999999999661E-003
 -6.299999999999661E-003
 -6.274999999999661E-003
 -6.249999999999661E-003
 -6.224999999999661E-003
 -6.199999999999662E-003
 -6.174999999999662E-003
 -6.149999999999662E-003
 -6.124999999999662E-003
 -6.099999999999662E-003
 -6.074999999999662E-003
 -6.049999999999662E-003
 -6.024999999999663E-003
 -5.999999999999663E-003
 -5.974999999999663E-003
 -5.949999999999663E-003
 -5.924999999999663E-003
 -5.899999999999663E-003
 -5.874999999999663E-003
 -5.849999999999664E-003
 -5.824999999999664E-003
 -5.799999999999664E-003
 -5.774999999999664E-003
 -5.749999999999664E-003
 -5.724999999999664E-003
 -5.699999999999665E-003
 -5.674999999999665E-003
 -5.649999999999665E-003
 -5.624999999999665E-003
 -5.599999999999665E-003
 -5.574999999999665E-003
 -5.549999999999665E-003
 -5.524999999999666E-003
 -5.499999999999666E-003
 -5.474999999999666E-003
 -5.449999999999666E-003
 -5.424999999999666E-003
 -5.399999999999666E-003
 -5.374999999999667E-003
 -5.349999999999667E-003
 -5.324999999999667E-003
 -5.299999999999667E-003
 -5.274999999999667E-003
 -5.249999999999667E-003
 -5.224999999999667E-003
 -5.199999999999668E-003
 -5.174999999999668E-003
 -5.149999999999668E-003
 -5.124999999999668E-003
 -5.099999999999668E-003
 -5.074999999999668E-003
 -5.049999999999668E-003
 -5.024999999999669E-003
 -4.999999999999669E-003
 -4.974999999999669E-003
 -4.949999999999669E-003
 -4.924999999999669E-003
 -4.899999999999669E-003
 -4.874999999999670E-003
 -4.849999999999670E-003
 -4.824999999999670E-003
 -4.799999999999670E-003
 -4.774999999999670E-003
 -4.749999999999670E-003
 -4.724999999999670E-003
 -4.699999999999671E-003
 -4.674999999999671E-003
 -4.649999999999671E-003
 -4.624999999999671E-003
 -4.599999999999671E-003
 -4.574999999999671E-003
 -4.549999999999671E-003
 -4.524999999999672E-003
 -4.499999999999672E-003
 -4.474999999999672E-003
 -4.449999999999672E-003
 -4.424999999999672E-003
 -4.399999999999672E-003
 -4.374999999999673E-003
 -4.349999999999673E-003
 -4.324999999999673E-003
 -4.299999999999673E-003
 -4.274999999999673E-003
 -4.249999999999673E-003
 -4.224999999999673E-003
 -4.199999999999674E-003
 -4.174999999999674E-003
 -4.149999999999674E-003
 -4.124999999999674E-003
 -4.099999999999674E-003
 -4.074999999999674E-003
 -4.049999999999675E-003
 -4.024999999999675E-003
 -3.999999999999675E-003
 -3.974999999999675E-003
 -3.949999999999675E-003
 -3.924999999999675E-003
 -3.899999999999675E-003
 -3.874999999999676E-003
 -3.849999999999676E-003
 -3.824999999999676E-003
 -3.799999999999676E-003
 -3.774999999999676E-003
 -3.749999999999676E-003
 -3.724999999999676E-003
 -3.699999999999677E-003
 -3.674999999999677E-003
 -3.649999999999677E-003
 -3.624999999999677E-003
 -3.599999999999677E-003
 -3.574999999999677E-003
 -3.549999999999678E-003
 -3.524999999999678E-003
 -3.499999999999678E-003
 -3.474999999999678E-003
 -3.449999999999678E-003
 -3.424999999999678E-003
 -3.399999999999678E-003
 -3.374999999999679E-003
 -3.349999999999679E-003
 -3.324999999999679E-003
 -3.299999999999679E-003
 -3.274999999999679E-003
 -3.249999999999679E-003
 -3.224999999999680E-003
 -3.199999999999680E-003
 -3.174999999999680E-003
 -3.149999999999680E-003
 -3.124999999999680E-003
 -3.099999999999680E-003
 -3.074999999999680E-003
 -3.049999999999681E-003
 -3.024999999999681E-003
 -2.999999999999681E-003
 -2.974999999999681E-003
 -2.949999999999681E-003
 -2.924999999999681E-003
 -2.899999999999681E-003
 -2.874999999999682E-003
 -2.849999999999682E-003
 -2.824999999999682E-003
 -2.799999999999682E-003
 -2.774999999999682E-003
 -2.749999999999682E-003
 -2.724999999999683E-003
 -2.699999999999683E-003
 -2.674999999999683E-003
 -2.649999999999683E-003
 -2.624999999999683E-003
 -2.599999999999683E-003
 -2.574999999999683E-003
 -2.549999999999684E-003
 -2.524999999999684E-003
 -2.499999999999684E-003
 -2.474999999999684E-003
 -2.449999999999684E-003
 -2.424999999999684E-003
 -2.399999999999685E-003
 -2.374999999999685E-003
 -2.349999999999685E-003
 -2.324999999999685E-003
 -2.299999999999685E-003
 -2.274999999999685E-003
 -2.249999999999685E-003
 -2.224999999999686E-003
 -2.199999999999686E-003
 -2.174999999999686E-003
 -2.149999999999686E-003
 -2.124999999999686E-003
 -2.099999999999686E-003
 -2.074999999999686E-003
 -2.049999999999687E-003
 -2.024999999999687E-003
 -1.999999999999687E-003
 -1.974999999999687E-003
 -1.949999999999687E-003
 -1.924999999999687E-003
 -1.899999999999687E-003
 -1.874999999999687E-003
 -1.849999999999687E-003
 -1.824999999999687E-003
 -1.799999999999687E-003
 -1.774999999999687E-003
 -1.749999999999686E-003
 -1.724999999999686E-003
 -1.699999999999686E-003
 -1.674999999999686E-003
 -1.649999999999686E-003
 -1.624999999999686E-003
 -1.599999999999686E-003
 -1.574999999999686E-003
 -1.549999999999686E-003
 -1.524999999999686E-003
 -1.499999999999686E-003
 -1.474999999999686E-003
 -1.449999999999686E-003
 -1.424999999999686E-003
 -1.399999999999686E-003
 -1.374999999999686E-003
 -1.349999999999685E-003
 -1.324999999999685E-003
 -1.299999999999685E-003
 -1.274999999999685E-003
 -1.249999999999685E-003
 -1.224999999999685E-003
 -1.199999999999685E-003
 -1.174999999999685E-003
 -1.149999999999685E-003
 -1.124999999999685E-003
 -1.099999999999685E-003
 -1.074999999999685E-003
 -1.049999999999685E-003
 -1.024999999999685E-003
 -9.999999999996845E-004
 -9.749999999996846E-004
 -9.499999999996846E-004
 -9.249999999996846E-004
 -8.999999999996847E-004
 -8.749999999996847E-004
 -8.499999999996848E-004
 -8.249999999996848E-004
 -7.999999999996849E-004
 -7.749999999996849E-004
 -7.499999999996849E-004
 -7.249999999996850E-004
 -6.999999999996850E-004
 -6.749999999996851E-004
 -6.499999999996851E-004
 -6.249999999996852E-004
 -5.999999999996852E-004
 -5.749999999996852E-004
 -5.499999999996853E-004
 -5.249999999996853E-004
 -4.999999999996854E-004
 -4.749999999996854E-004
 -4.499999999996854E-004
 -4.249999999996853E-004
 -3.999999999996853E-004
 -3.749999999996853E-004
 -3.499999999996853E-004
 -3.249999999996853E-004
 -2.999999999996853E-004
 -2.749999999996853E-004
 -2.499999999996853E-004
 -2.249999999996852E-004
 -1.999999999996852E-004
 -1.749999999996852E-004
 -1.499999999996852E-004
 -1.249999999996852E-004
 -9.999999999968521E-005
 -7.499999999968521E-005
 -4.999999999968521E-005
 -2.499999999968521E-005
  3.147913245175882E-016
  2.500000000031479E-005
  5.000000000031479E-005
  7.500000000031479E-005
  1.000000000003148E-004
  1.250000000003148E-004
  1.500000000003148E-004
  1.750000000003148E-004
  2.000000000003148E-004
  2.250000000003148E-004
  2.500000000003149E-004
  2.750000000003149E-004
  3.000000000003149E-004
  3.250000000003149E-004
  3.500000000003149E-004
  3.750000000003149E-004
  4.000000000003149E-004
  4.250000000003149E-004
  4.500000000003149E-004
  4.750000000003150E-004
  5.000000000003150E-004
  5.250000000003149E-004
  5.500000000003149E-004
  5.750000000003148E-004
  6.000000000003148E-004
  6.250000000003148E-004
  6.500000000003147E-004
  6.750000000003147E-004
  7.000000000003146E-004
  7.250000000003146E-004
  7.500000000003145E-004
  7.750000000003145E-004
  8.000000000003145E-004
  8.250000000003144E-004
  8.500000000003144E-004
  8.750000000003143E-004
  9.000000000003143E-004
  9.250000000003142E-004
  9.500000000003142E-004
  9.750000000003142E-004
  1.000000000000314E-003
  1.025000000000314E-003
  1.050000000000314E-003
  1.075000000000314E-003
  1.100000000000314E-003
  1.125000000000315E-003
  1.150000000000315E-003
  1.175000000000315E-003
  1.200000000000315E-003
  1.225000000000315E-003
  1.250000000000315E-003
  1.275000000000315E-003
  1.300000000000315E-003
  1.325000000000315E-003
  1.350000000000315E-003
  1.375000000000315E-003
  1.400000000000315E-003
  1.425000000000315E-003
  1.450000000000315E-003
  1.475000000000315E-003
  1.500000000000316E-003
  1.525000000000316E-003
  1.550000000000316E-003
  1.575000000000316E-003
  1.600000000000316E-003
  1.625000000000316E-003
  1.650000000000316E-003
  1.675000000000316E-003
  1.700000000000316E-003
  1.725000000000316E-003
  1.750000000000316E-003
  1.775000000000316E-003
  1.800000000000316E-003
  1.825000000000316E-003
  1.850000000000316E-003
  1.875000000000317E-003
  1.900000000000317E-003
  1.925000000000317E-003
  1.950000000000317E-003
  1.975000000000317E-003
  2.000000000000317E-003
  2.025000000000316E-003
  2.050000000000316E-003
  2.075000000000316E-003
  2.100000000000316E-003
  2.125000000000316E-003
  2.150000000000316E-003
  2.175000000000316E-003
  2.200000000000315E-003
  2.225000000000315E-003
  2.250000000000315E-003
  2.275000000000315E-003
  2.300000000000315E-003
  2.325000000000315E-003
  2.350000000000315E-003
  2.375000000000314E-003
  2.400000000000314E-003
  2.425000000000314E-003
  2.450000000000314E-003
  2.475000000000314E-003
  2.500000000000314E-003
  2.525000000000313E-003
  2.550000000000313E-003
  2.575000000000313E-003
  2.600000000000313E-003
  2.625000000000313E-003
  2.650000000000313E-003
  2.675000000000313E-003
  2.700000000000312E-003
  2.725000000000312E-003
  2.750000000000312E-003
  2.775000000000312E-003
  2.800000000000312E-003
  2.825000000000312E-003
  2.850000000000311E-003
  2.875000000000311E-003
  2.900000000000311E-003
  2.925000000000311E-003
  2.950000000000311E-003
  2.975000000000311E-003
  3.000000000000311E-003
  3.025000000000310E-003
  3.050000000000310E-003
  3.075000000000310E-003
  3.100000000000310E-003
  3.125000000000310E-003
  3.150000000000310E-003
  3.175000000000310E-003
  3.200000000000309E-003
  3.225000000000309E-003
  3.250000000000309E-003
  3.275000000000309E-003
  3.300000000000309E-003
  3.325000000000309E-003
  3.350000000000308E-003
  3.375000000000308E-003
  3.400000000000308E-003
  3.425000000000308E-003
  3.450000000000308E-003
  3.475000000000308E-003
  3.500000000000308E-003
  3.525000000000307E-003
  3.550000000000307E-003
  3.575000000000307E-003
  3.600000000000307E-003
  3.625000000000307E-003
  3.650000000000307E-003
  3.675000000000306E-003
  3.700000000000306E-003
  3.725000000000306E-003
  3.750000000000306E-003
  3.775000000000306E-003
  3.800000000000306E-003
  3.825000000000306E-003
  3.850000000000305E-003
  3.875000000000305E-003
  3.900000000000305E-003
  3.925000000000305E-003
  3.950000000000305E-003
  3.975000000000305E-003
  4.000000000000305E-003
  4.025000000000304E-003
  4.050000000000304E-003
  4.075000000000304E-003
  4.100000000000304E-003
  4.125000000000304E-003
  4.150000000000304E-003
  4.175000000000303E-003
  4.200000000000303E-003
  4.225000000000303E-003
  4.250000000000303E-003
  4.275000000000303E-003
  4.300000000000303E-003
  4.325000000000303E-003
  4.350000000000302E-003
  4.375000000000302E-003
  4.400000000000302E-003
  4.425000000000302E-003
  4.450000000000302E-003
  4.475000000000302E-003
  4.500000000000302E-003
  4.525000000000301E-003
  4.550000000000301E-003
  4.575000000000301E-003
  4.600000000000301E-003
  4.625000000000301E-003
  4.650000000000301E-003
  4.675000000000300E-003
  4.700000000000300E-003
  4.725000000000300E-003
  4.750000000000300E-003
  4.775000000000300E-003
  4.800000000000300E-003
  4.825000000000300E-003
  4.850000000000299E-003
  4.875000000000299E-003
  4.900000000000299E-003
  4.925000000000299E-003
  4.950000000000299E-003
  4.975000000000299E-003
  5.000000000000298E-003
  5.025000000000298E-003
  5.050000000000298E-003
  5.075000000000298E-003
  5.100000000000298E-003
  5.125000000000298E-003
  5.150000000000298E-003
  5.175000000000297E-003
  5.200000000000297E-003
  5.225000000000297E-003
  5.250000000000297E-003
  5.275000000000297E-003
  5.300000000000297E-003
  5.325000000000297E-003
  5.350000000000296E-003
  5.375000000000296E-003
  5.400000000000296E-003
  5.425000000000296E-003
  5.450000000000296E-003
  5.475000000000296E-003
  5.500000000000295E-003
  5.525000000000295E-003
  5.550000000000295E-003
  5.575000000000295E-003
  5.600000000000295E-003
  5.625000000000295E-003
  5.650000000000295E-003
  5.675000000000294E-003
  5.700000000000294E-003
  5.725000000000294E-003
  5.750000000000294E-003
  5.775000000000294E-003
  5.800000000000294E-003
  5.825000000000293E-003
  5.850000000000293E-003
  5.875000000000293E-003
  5.900000000000293E-003
  5.925000000000293E-003
  5.950000000000293E-003
  5.975000000000293E-003
  6.000000000000292E-003
  6.025000000000292E-003
  6.050000000000292E-003
  6.075000000000292E-003
  6.100000000000292E-003
  6.125000000000292E-003
  6.150000000000292E-003
  6.175000000000291E-003
  6.200000000000291E-003
  6.225000000000291E-003
  6.250000000000291E-003
  6.275000000000291E-003
  6.300000000000291E-003
  6.325000000000290E-003
  6.350000000000290E-003
  6.375000000000290E-003
  6.400000000000290E-003
  6.425000000000290E-003
  6.450000000000290E-003
  6.475000000000290E-003
  6.500000000000289E-003
  6.525000000000289E-003
  6.550000000000289E-003
  6.575000000000289E-003
  6.600000000000289E-003
  6.625000000000289E-003
  6.650000000000288E-003
  6.675000000000288E-003
  6.700000000000288E-003
  6.725000000000288E-003
  6.750000000000288E-003
  6.775000000000288E-003
  6.800000000000288E-003
  6.825000000000287E-003
  6.850000000000287E-003
  6.875000000000287E-003
  6.900000000000287E-003
  6.925000000000287E-003
  6.950000000000287E-003
  6.975000000000287E-003
  7.000000000000286E-003
  7.025000000000286E-003
  7.050000000000286E-003
  7.075000000000286E-003
  7.100000000000286E-003
  7.125000000000286E-003
  7.150000000000285E-003
  7.175000000000285E-003
  7.200000000000285E-003
  7.225000000000285E-003
  7.250000000000285E-003
  7.275000000000285E-003
  7.300000000000285E-003
  7.325000000000284E-003
  7.350000000000284E-003
  7.375000000000284E-003
  7.400000000000284E-003
  7.425000000000284E-003
  7.450000000000284E-003
  7.475000000000284E-003
  7.500000000000283E-003
  7.525000000000283E-003
  7.550000000000283E-003
  7.575000000000283E-003
  7.600000000000283E-003
  7.625000000000283E-003
  7.650000000000282E-003
  7.675000000000282E-003
  7.700000000000282E-003
  7.725000000000282E-003
  7.750000000000282E-003
  7.775000000000282E-003
  7.800000000000282E-003
  7.825000000000281E-003
  7.850000000000282E-003
  7.875000000000283E-003
  7.900000000000284E-003
  7.925000000000284E-003
  7.950000000000285E-003
  7.975000000000286E-003
  8.000000000000286E-003
  8.025000000000287E-003
  8.050000000000288E-003
  8.075000000000289E-003
  8.100000000000289E-003
  8.125000000000290E-003
  8.150000000000291E-003
  8.175000000000291E-003
  8.200000000000292E-003
  8.225000000000293E-003
  8.250000000000294E-003
  8.275000000000294E-003
  8.300000000000295E-003
  8.325000000000296E-003
  8.350000000000296E-003
  8.375000000000297E-003
  8.400000000000298E-003
  8.425000000000299E-003
  8.450000000000299E-003
  8.475000000000300E-003
  8.500000000000301E-003
  8.525000000000301E-003
  8.550000000000302E-003
  8.575000000000303E-003
  8.600000000000304E-003
  8.625000000000304E-003
  8.650000000000305E-003
  8.675000000000306E-003
  8.700000000000306E-003
  8.725000000000307E-003
  8.750000000000308E-003
  8.775000000000309E-003
  8.800000000000309E-003
  8.825000000000310E-003
  8.850000000000311E-003
  8.875000000000311E-003
  8.900000000000312E-003
  8.925000000000313E-003
  8.950000000000314E-003
  8.975000000000314E-003
  9.000000000000315E-003
  9.025000000000316E-003
  9.050000000000316E-003
  9.075000000000317E-003
  9.100000000000318E-003
  9.125000000000319E-003
  9.150000000000319E-003
  9.175000000000320E-003
  9.200000000000321E-003
  9.225000000000321E-003
  9.250000000000322E-003
  9.275000000000323E-003
  9.300000000000324E-003
  9.325000000000324E-003
  9.350000000000325E-003
  9.375000000000326E-003
  9.400000000000326E-003
  9.425000000000327E-003
  9.450000000000328E-003
  9.475000000000329E-003
  9.500000000000329E-003
  9.525000000000330E-003
  9.550000000000331E-003
  9.575000000000332E-003
  9.600000000000332E-003
  9.625000000000333E-003
  9.650000000000334E-003
  9.675000000000334E-003
  9.700000000000335E-003
  9.725000000000336E-003
  9.750000000000337E-003
  9.775000000000337E-003
  9.800000000000338E-003
  9.825000000000339E-003
  9.850000000000339E-003
  9.875000000000340E-003
  9.900000000000341E-003
  9.925000000000342E-003
  9.950000000000342E-003
  9.975000000000343E-003
  1.000000000000034E-002
  1.002500000000034E-002
  1.005000000000035E-002
  1.007500000000035E-002
  1.010000000000035E-002
  1.012500000000035E-002
  1.015000000000035E-002
  1.017500000000035E-002
  1.020000000000035E-002
  1.022500000000035E-002
  1.025000000000035E-002
  1.027500000000035E-002
  1.030000000000035E-002
  1.032500000000035E-002
  1.035000000000035E-002
  1.037500000000035E-002
  1.040000000000036E-002
  1.042500000000036E-002
  1.045000000000036E-002
  1.047500000000036E-002
  1.050000000000036E-002
  1.052500000000036E-002
  1.055000000000036E-002
  1.057500000000036E-002
  1.060000000000036E-002
  1.062500000000036E-002
  1.065000000000036E-002
  1.067500000000036E-002
  1.070000000000036E-002
  1.072500000000036E-002
  1.075000000000037E-002
  1.077500000000037E-002
  1.080000000000037E-002
  1.082500000000037E-002
  1.085000000000037E-002
  1.087500000000037E-002
  1.090000000000037E-002
  1.092500000000037E-002
  1.095000000000037E-002
  1.097500000000037E-002
  1.100000000000037E-002
  1.102500000000037E-002
  1.105000000000037E-002
  1.107500000000037E-002
  1.110000000000038E-002
  1.112500000000038E-002
  1.115000000000038E-002
  1.117500000000038E-002
  1.120000000000038E-002
  1.122500000000038E-002
  1.125000000000038E-002
  1.127500000000038E-002
  1.130000000000038E-002
  1.132500000000038E-002
  1.135000000000038E-002
  1.137500000000038E-002
  1.140000000000038E-002
  1.142500000000038E-002
  1.145000000000039E-002
  1.147500000000039E-002
  1.150000000000039E-002
  1.152500000000039E-002
  1.155000000000039E-002
  1.157500000000039E-002
  1.160000000000039E-002
  1.162500000000039E-002
  1.165000000000039E-002
  1.167500000000039E-002
  1.170000000000039E-002
  1.172500000000039E-002
  1.175000000000039E-002
  1.177500000000039E-002
  1.180000000000040E-002
  1.182500000000040E-002
  1.185000000000040E-002
  1.187500000000040E-002
  1.190000000000040E-002
  1.192500000000040E-002
  1.195000000000040E-002
  1.197500000000040E-002
  1.200000000000040E-002
  1.202500000000040E-002
  1.205000000000040E-002
  1.207500000000040E-002
  1.210000000000040E-002
  1.212500000000040E-002
  1.215000000000041E-002
  1.217500000000041E-002
  1.220000000000041E-002
  1.222500000000041E-002
  1.225000000000041E-002
  1.227500000000041E-002
  1.230000000000041E-002
  1.232500000000041E-002
  1.235000000000041E-002
  1.237500000000041E-002
  1.240000000000041E-002
  1.242500000000041E-002
  1.245000000000041E-002
  1.247500000000041E-002
  1.250000000000042E-002
  1.252500000000042E-002
  1.255000000000042E-002
  1.257500000000042E-002
  1.260000000000042E-002
  1.262500000000042E-002
  1.265000000000042E-002
  1.267500000000042E-002
  1.270000000000042E-002
  1.272500000000042E-002
  1.275000000000042E-002
  1.277500000000042E-002
  1.280000000000042E-002
  1.282500000000042E-002
  1.285000000000043E-002
  1.287500000000043E-002
  1.290000000000043E-002
  1.292500000000043E-002
  1.295000000000043E-002
  1.297500000000043E-002
  1.300000000000043E-002
  1.302500000000043E-002
  1.305000000000043E-002
  1.307500000000043E-002
  1.310000000000043E-002
  1.312500000000043E-002
  1.315000000000043E-002
  1.317500000000043E-002
  1.320000000000044E-002
  1.322500000000044E-002
  1.325000000000044E-002
  1.327500000000044E-002
  1.330000000000044E-002
  1.332500000000044E-002
  1.335000000000044E-002
  1.337500000000044E-002
  1.340000000000044E-002
  1.342500000000044E-002
  1.345000000000044E-002
  1.347500000000044E-002
  1.350000000000044E-002
  1.352500000000044E-002
  1.355000000000045E-002
  1.357500000000045E-002
  1.360000000000045E-002
  1.362500000000045E-002
  1.365000000000045E-002
  1.367500000000045E-002
  1.370000000000045E-002
  1.372500000000045E-002
  1.375000000000045E-002
  1.377500000000045E-002
  1.380000000000045E-002
  1.382500000000045E-002
  1.385000000000045E-002
  1.387500000000045E-002
  1.390000000000046E-002
  1.392500000000046E-002
  1.395000000000046E-002
  1.397500000000046E-002
  1.400000000000046E-002
  1.402500000000046E-002
  1.405000000000046E-002
  1.407500000000046E-002
  1.410000000000046E-002
  1.412500000000046E-002
  1.415000000000046E-002
  1.417500000000046E-002
  1.420000000000046E-002
  1.422500000000046E-002
  1.425000000000047E-002
  1.427500000000047E-002
  1.430000000000047E-002
  1.432500000000047E-002
  1.435000000000047E-002
  1.437500000000047E-002
  1.440000000000047E-002
  1.442500000000047E-002
  1.445000000000047E-002
  1.447500000000047E-002
  1.450000000000047E-002
  1.452500000000047E-002
  1.455000000000047E-002
  1.457500000000047E-002
  1.460000000000048E-002
  1.462500000000048E-002
  1.465000000000048E-002
  1.467500000000048E-002
  1.470000000000048E-002
  1.472500000000048E-002
  1.475000000000048E-002
  1.477500000000048E-002
  1.480000000000048E-002
  1.482500000000048E-002
  1.485000000000048E-002
  1.487500000000048E-002
  1.490000000000048E-002
  1.492500000000048E-002
  1.495000000000049E-002
  1.497500000000049E-002
  1.500000000000049E-002
  1.502500000000049E-002
  1.505000000000049E-002
  1.507500000000049E-002
  1.510000000000049E-002
  1.512500000000049E-002
  1.515000000000049E-002
  1.517500000000049E-002
  1.520000000000049E-002
  1.522500000000049E-002
  1.525000000000049E-002
  1.527500000000049E-002
  1.530000000000050E-002
  1.532500000000050E-002
  1.535000000000050E-002
  1.537500000000050E-002
  1.540000000000050E-002
  1.542500000000050E-002
  1.545000000000050E-002
  1.547500000000050E-002
  1.550000000000050E-002
  1.552500000000050E-002
  1.555000000000050E-002
  1.557500000000050E-002
  1.560000000000050E-002
  1.562500000000050E-002
  1.565000000000050E-002
  1.567500000000050E-002
  1.570000000000051E-002
  1.572500000000051E-002
  1.575000000000051E-002
  1.577500000000051E-002
  1.580000000000051E-002
  1.582500000000051E-002
  1.585000000000051E-002
  1.587500000000051E-002
  1.590000000000051E-002
  1.592500000000051E-002
  1.595000000000051E-002
  1.597500000000051E-002
  1.600000000000051E-002
  1.602500000000051E-002
  1.605000000000052E-002
  1.607500000000052E-002
  1.610000000000052E-002
  1.612500000000052E-002
  1.615000000000052E-002
  1.617500000000052E-002
  1.620000000000052E-002
  1.622500000000052E-002
  1.625000000000052E-002
  1.627500000000052E-002
  1.630000000000052E-002
  1.632500000000052E-002
  1.635000000000052E-002
  1.637500000000052E-002
  1.640000000000053E-002
  1.642500000000053E-002
  1.645000000000053E-002
  1.647500000000053E-002
  1.650000000000053E-002
  1.652500000000053E-002
  1.655000000000053E-002
  1.657500000000053E-002
  1.660000000000053E-002
  1.662500000000053E-002
  1.665000000000053E-002
  1.667500000000053E-002
  1.670000000000053E-002
  1.672500000000053E-002
  1.675000000000054E-002
  1.677500000000054E-002
  1.680000000000054E-002
  1.682500000000054E-002
  1.685000000000054E-002
  1.687500000000054E-002
  1.690000000000054E-002
  1.692500000000054E-002
  1.695000000000054E-002
  1.697500000000054E-002
  1.700000000000054E-002
  1.702500000000054E-002
  1.705000000000054E-002
  1.707500000000054E-002
  1.710000000000055E-002
  1.712500000000055E-002
  1.715000000000055E-002
  1.717500000000055E-002
  1.720000000000055E-002
  1.722500000000055E-002
  1.725000000000055E-002
  1.727500000000055E-002
  1.730000000000055E-002
  1.732500000000055E-002
  1.735000000000055E-002
  1.737500000000055E-002
  1.740000000000055E-002
  1.742500000000055E-002
  1.745000000000056E-002
  1.747500000000056E-002
  1.750000000000056E-002
  1.752500000000056E-002
  1.755000000000056E-002
  1.757500000000056E-002
  1.760000000000056E-002
  1.762500000000056E-002
  1.765000000000056E-002
  1.767500000000056E-002
  1.770000000000056E-002
  1.772500000000056E-002
  1.775000000000056E-002
  1.777500000000056E-002
  1.780000000000057E-002
  1.782500000000057E-002
  1.785000000000057E-002
  1.787500000000057E-002
  1.790000000000057E-002
  1.792500000000057E-002
  1.795000000000057E-002
  1.797500000000057E-002
  1.800000000000057E-002
  1.802500000000057E-002
  1.805000000000057E-002
  1.807500000000057E-002
  1.810000000000057E-002
  1.812500000000057E-002
  1.815000000000058E-002
  1.817500000000058E-002
  1.820000000000058E-002
  1.822500000000058E-002
  1.825000000000058E-002
  1.827500000000058E-002
  1.830000000000058E-002
  1.832500000000058E-002
  1.835000000000058E-002
  1.837500000000058E-002
  1.840000000000058E-002
  1.842500000000058E-002
  1.845000000000058E-002
  1.847500000000058E-002
  1.850000000000059E-002
  1.852500000000059E-002
  1.855000000000059E-002
  1.857500000000059E-002
  1.860000000000059E-002
  1.862500000000059E-002
  1.865000000000059E-002
  1.867500000000059E-002
  1.870000000000059E-002
  1.872500000000059E-002
  1.875000000000059E-002
  1.877500000000059E-002
  1.880000000000059E-002
  1.882500000000059E-002
  1.885000000000060E-002
  1.887500000000060E-002
  1.890000000000060E-002
  1.892500000000060E-002
  1.895000000000060E-002
  1.897500000000060E-002
  1.900000000000060E-002
  1.902500000000060E-002
  1.905000000000060E-002
  1.907500000000060E-002
  1.910000000000060E-002
  1.912500000000060E-002
  1.915000000000060E-002
  1.917500000000060E-002
  1.920000000000061E-002
  1.922500000000061E-002
  1.925000000000061E-002
  1.927500000000061E-002
  1.930000000000061E-002
  1.932500000000061E-002
  1.935000000000061E-002
  1.937500000000061E-002
  1.940000000000061E-002
  1.942500000000061E-002
  1.945000000000061E-002
  1.947500000000061E-002
  1.950000000000061E-002
  1.952500000000061E-002
  1.955000000000062E-002
  1.957500000000062E-002
  1.960000000000062E-002
  1.962500000000062E-002
  1.965000000000062E-002
  1.967500000000062E-002
  1.970000000000062E-002
  1.972500000000062E-002
  1.975000000000062E-002
  1.977500000000062E-002
  1.980000000000062E-002
  1.982500000000062E-002
  1.985000000000062E-002
  1.987500000000062E-002
  1.990000000000063E-002
  1.992500000000063E-002
  1.995000000000063E-002
  1.997500000000063E-002
  2.000000000000063E-002
  2.002500000000063E-002
  2.005000000000063E-002
  2.007500000000063E-002
  2.010000000000063E-002
  2.012500000000063E-002
  2.015000000000063E-002
  2.017500000000063E-002
  2.020000000000063E-002
  2.022500000000063E-002
  2.025000000000064E-002
  2.027500000000064E-002
  2.030000000000064E-002
  2.032500000000064E-002
  2.035000000000064E-002
  2.037500000000064E-002
  2.040000000000064E-002
  2.042500000000064E-002
  2.045000000000064E-002
  2.047500000000064E-002
  2.050000000000064E-002
  2.052500000000064E-002
  2.055000000000064E-002
  2.057500000000064E-002
  2.060000000000065E-002
  2.062500000000065E-002
  2.065000000000065E-002
  2.067500000000065E-002
  2.070000000000065E-002
  2.072500000000065E-002
  2.075000000000065E-002
  2.077500000000065E-002
  2.080000000000065E-002
  2.082500000000065E-002
  2.085000000000065E-002
  2.087500000000065E-002
  2.090000000000065E-002
  2.092500000000065E-002
  2.095000000000066E-002
  2.097500000000066E-002
  2.100000000000066E-002
  2.102500000000066E-002
  2.105000000000066E-002
  2.107500000000066E-002
  2.110000000000066E-002
  2.112500000000066E-002
  2.115000000000066E-002
  2.117500000000066E-002
  2.120000000000066E-002
  2.122500000000066E-002
  2.125000000000066E-002
  2.127500000000066E-002
  2.130000000000067E-002
  2.132500000000067E-002
  2.135000000000067E-002
  2.137500000000067E-002
  2.140000000000067E-002
  2.142500000000067E-002
  2.145000000000067E-002
  2.147500000000067E-002
  2.150000000000067E-002
  2.152500000000067E-002
  2.155000000000067E-002
  2.157500000000067E-002
  2.160000000000067E-002
  2.162500000000067E-002
  2.165000000000068E-002
  2.167500000000068E-002
  2.170000000000068E-002
  2.172500000000068E-002
  2.175000000000068E-002
  2.177500000000068E-002
  2.180000000000068E-002
  2.182500000000068E-002
  2.185000000000068E-002
  2.187500000000068E-002
  2.190000000000068E-002
  2.192500000000068E-002
  2.195000000000068E-002
  2.197500000000068E-002
  2.200000000000069E-002
  2.202500000000069E-002
  2.205000000000069E-002
  2.207500000000069E-002
  2.210000000000069E-002
  2.212500000000069E-002
  2.215000000000069E-002
  2.217500000000069E-002
  2.220000000000069E-002
  2.222500000000069E-002
  2.225000000000069E-002
  2.227500000000069E-002
  2.230000000000069E-002
  2.232500000000069E-002
  2.235000000000070E-002
  2.237500000000070E-002
  2.240000000000070E-002
  2.242500000000070E-002
  2.245000000000070E-002
  2.247500000000070E-002
  2.250000000000070E-002
  2.252500000000070E-002
  2.255000000000070E-002
  2.257500000000070E-002
  2.260000000000070E-002
  2.262500000000070E-002
  2.265000000000070E-002
  2.267500000000071E-002
  2.270000000000071E-002
  2.272500000000071E-002
  2.275000000000071E-002
  2.277500000000071E-002
  2.280000000000071E-002
  2.282500000000071E-002
  2.285000000000071E-002
  2.287500000000071E-002
  2.290000000000071E-002
  2.292500000000071E-002
  2.295000000000071E-002
  2.297500000000071E-002
  2.300000000000071E-002
  2.302500000000072E-002
  2.305000000000072E-002
  2.307500000000072E-002
  2.310000000000072E-002
  2.312500000000072E-002
  2.315000000000072E-002
  2.317500000000072E-002
  2.320000000000072E-002
  2.322500000000072E-002
  2.325000000000072E-002
  2.327500000000072E-002
  2.330000000000072E-002
  2.332500000000072E-002
  2.335000000000072E-002
  2.337500000000073E-002
  2.340000000000073E-002
  2.342500000000073E-002
  2.345000000000073E-002
  2.347500000000073E-002
  2.350000000000073E-002
  2.352500000000073E-002
  2.355000000000073E-002
  2.357500000000073E-002
  2.360000000000073E-002
  2.362500000000073E-002
  2.365000000000073E-002
  2.367500000000073E-002
  2.370000000000073E-002
  2.372500000000074E-002
  2.375000000000074E-002
  2.377500000000074E-002
  2.380000000000074E-002
  2.382500000000074E-002
  2.385000000000074E-002
  2.387500000000074E-002
  2.390000000000074E-002
  2.392500000000074E-002
  2.395000000000074E-002
  2.397500000000074E-002
  2.400000000000074E-002
  2.402500000000074E-002
  2.405000000000074E-002
  2.407500000000075E-002
  2.410000000000075E-002
  2.412500000000075E-002
  2.415000000000075E-002
  2.417500000000075E-002
  2.420000000000075E-002
  2.422500000000075E-002
  2.425000000000075E-002
  2.427500000000075E-002
  2.430000000000075E-002
  2.432500000000075E-002
  2.435000000000075E-002
  2.437500000000075E-002
  2.440000000000075E-002
  2.442500000000076E-002
  2.445000000000076E-002
  2.447500000000076E-002
  2.450000000000076E-002
  2.452500000000076E-002
  2.455000000000076E-002
  2.457500000000076E-002
  2.460000000000076E-002
  2.462500000000076E-002
  2.465000000000076E-002
  2.467500000000076E-002
  2.470000000000076E-002
  2.472500000000076E-002
  2.475000000000076E-002
  2.477500000000077E-002
  2.480000000000077E-002
  2.482500000000077E-002
  2.485000000000077E-002
  2.487500000000077E-002
  2.490000000000077E-002
  2.492500000000077E-002
  2.495000000000077E-002
  2.497500000000077E-002
  2.500000000000077E-002
  2.502500000000077E-002
  2.505000000000077E-002
  2.507500000000077E-002
  2.510000000000077E-002
  2.512500000000078E-002
  2.515000000000078E-002
  2.517500000000078E-002
  2.520000000000078E-002
  2.522500000000078E-002
  2.525000000000078E-002
  2.527500000000078E-002
  2.530000000000078E-002
  2.532500000000078E-002
  2.535000000000078E-002
  2.537500000000078E-002
  2.540000000000078E-002
  2.542500000000078E-002
  2.545000000000078E-002
  2.547500000000079E-002
  2.550000000000079E-002
  2.552500000000079E-002
  2.555000000000079E-002
  2.557500000000079E-002
  2.560000000000079E-002
  2.562500000000079E-002
  2.565000000000079E-002
  2.567500000000079E-002
  2.570000000000079E-002
  2.572500000000079E-002
  2.575000000000079E-002
  2.577500000000079E-002
  2.580000000000079E-002
  2.582500000000080E-002
  2.585000000000080E-002
  2.587500000000080E-002
  2.590000000000080E-002
  2.592500000000080E-002
  2.595000000000080E-002
  2.597500000000080E-002
  2.600000000000080E-002
  2.602500000000080E-002
  2.605000000000080E-002
  2.607500000000080E-002
  2.610000000000080E-002
  2.612500000000080E-002
  2.615000000000080E-002
  2.617500000000081E-002
  2.620000000000081E-002
  2.622500000000081E-002
  2.625000000000081E-002
  2.627500000000081E-002
  2.630000000000081E-002
  2.632500000000081E-002
  2.635000000000081E-002
  2.637500000000081E-002
  2.640000000000081E-002
  2.642500000000081E-002
  2.645000000000081E-002
  2.647500000000081E-002
  2.650000000000081E-002
  2.652500000000082E-002
  2.655000000000082E-002
  2.657500000000082E-002
  2.660000000000082E-002
  2.662500000000082E-002
  2.665000000000082E-002
  2.667500000000082E-002
  2.670000000000082E-002
  2.672500000000082E-002
  2.675000000000082E-002
  2.677500000000082E-002
  2.680000000000082E-002
  2.682500000000082E-002
  2.685000000000082E-002
  2.687500000000083E-002
  2.690000000000083E-002
  2.692500000000083E-002
  2.695000000000083E-002
  2.697500000000083E-002
  2.700000000000083E-002
  2.702500000000083E-002
  2.705000000000083E-002
  2.707500000000083E-002
  2.710000000000083E-002
  2.712500000000083E-002
  2.715000000000083E-002
  2.717500000000083E-002
  2.720000000000083E-002
  2.722500000000084E-002
  2.725000000000084E-002
  2.727500000000084E-002
  2.730000000000084E-002
  2.732500000000084E-002
  2.735000000000084E-002
  2.737500000000084E-002
  2.740000000000084E-002
  2.742500000000084E-002
  2.745000000000084E-002
  2.747500000000084E-002
  2.750000000000084E-002
  2.752500000000084E-002
  2.755000000000084E-002
  2.757500000000085E-002
  2.760000000000085E-002
  2.762500000000085E-002
  2.765000000000085E-002
  2.767500000000085E-002
  2.770000000000085E-002
  2.772500000000085E-002
  2.775000000000085E-002
  2.777500000000085E-002
  2.780000000000085E-002
  2.782500000000085E-002
  2.785000000000085E-002
  2.787500000000085E-002
  2.790000000000085E-002
  2.792500000000086E-002
  2.795000000000086E-002
  2.797500000000086E-002
  2.800000000000086E-002
  2.802500000000086E-002
  2.805000000000086E-002
  2.807500000000086E-002
  2.810000000000086E-002
  2.812500000000086E-002
  2.815000000000086E-002
  2.817500000000086E-002
  2.820000000000086E-002
  2.822500000000086E-002
  2.825000000000086E-002
  2.827500000000087E-002
  2.830000000000087E-002
  2.832500000000087E-002
  2.835000000000087E-002
  2.837500000000087E-002
  2.840000000000087E-002
  2.842500000000087E-002
  2.845000000000087E-002
  2.847500000000087E-002
  2.850000000000087E-002
  2.852500000000087E-002
  2.855000000000087E-002
  2.857500000000087E-002
  2.860000000000087E-002
  2.862500000000088E-002
  2.865000000000088E-002
  2.867500000000088E-002
  2.870000000000088E-002
  2.872500000000088E-002
  2.875000000000088E-002
  2.877500000000088E-002
  2.880000000000088E-002
  2.882500000000088E-002
  2.885000000000088E-002
  2.887500000000088E-002
  2.890000000000088E-002
  2.892500000000088E-002
  2.895000000000088E-002
  2.897500000000089E-002
  2.900000000000089E-002
  2.902500000000089E-002
  2.905000000000089E-002
  2.907500000000089E-002
  2.910000000000089E-002
  2.912500000000089E-002
  2.915000000000089E-002
  2.917500000000089E-002
  2.920000000000089E-002
  2.922500000000089E-002
  2.925000000000089E-002
  2.927500000000089E-002
  2.930000000000089E-002
  2.932500000000090E-002
  2.935000000000090E-002
  2.937500000000090E-002
  2.940000000000090E-002
  2.942500000000090E-002
  2.945000000000090E-002
  2.947500000000090E-002
  2.950000000000090E-002
  2.952500000000090E-002
  2.955000000000090E-002
  2.957500000000090E-002
  2.960000000000090E-002
  2.962500000000090E-002
  2.965000000000090E-002
  2.967500000000091E-002
  2.970000000000091E-002
  2.972500000000091E-002
  2.975000000000091E-002
  2.977500000000091E-002
  2.980000000000091E-002
  2.982500000000091E-002
  2.985000000000091E-002
  2.987500000000091E-002
  2.990000000000091E-002
  2.992500000000091E-002
  2.995000000000091E-002
  2.997500000000091E-002
  3.000000000000091E-002
  3.002500000000092E-002
  3.005000000000092E-002
  3.007500000000092E-002
  3.010000000000092E-002
  3.012500000000092E-002
  3.015000000000092E-002
  3.017500000000092E-002
  3.020000000000092E-002
  3.022500000000092E-002
  3.025000000000092E-002
  3.027500000000092E-002
  3.030000000000092E-002
  3.032500000000092E-002
  3.035000000000092E-002
  3.037500000000093E-002
  3.040000000000093E-002
  3.042500000000093E-002
  3.045000000000093E-002
  3.047500000000093E-002
  3.050000000000093E-002
  3.052500000000093E-002
  3.055000000000093E-002
  3.057500000000093E-002
  3.060000000000093E-002
  3.062500000000093E-002
  3.065000000000093E-002
  3.067500000000093E-002
  3.070000000000093E-002
  3.072500000000094E-002
  3.075000000000094E-002
  3.077500000000094E-002
  3.080000000000094E-002
  3.082500000000094E-002
  3.085000000000094E-002
  3.087500000000094E-002
  3.090000000000094E-002
  3.092500000000094E-002
  3.095000000000094E-002
  3.097500000000094E-002
  3.100000000000094E-002
  3.102500000000094E-002
  3.105000000000094E-002
  3.107500000000095E-002
  3.110000000000095E-002
  3.112500000000095E-002
  3.115000000000095E-002
  3.117500000000095E-002
  3.120000000000095E-002
  3.122500000000095E-002
  3.125000000000095E-002
  3.127500000000095E-002
  3.130000000000095E-002
  3.132500000000094E-002
  3.135000000000094E-002
  3.137500000000094E-002
  3.140000000000093E-002
  3.142500000000093E-002
  3.145000000000093E-002
  3.147500000000093E-002
  3.150000000000092E-002
  3.152500000000092E-002
  3.155000000000092E-002
  3.157500000000091E-002
  3.160000000000091E-002
  3.162500000000091E-002
  3.165000000000091E-002
  3.167500000000090E-002
  3.170000000000090E-002
  3.172500000000090E-002
  3.175000000000090E-002
  3.177500000000089E-002
  3.180000000000089E-002
  3.182500000000089E-002
  3.185000000000088E-002
  3.187500000000088E-002
  3.190000000000088E-002
  3.192500000000088E-002
  3.195000000000087E-002
  3.197500000000087E-002
  3.200000000000087E-002
  3.202500000000087E-002
  3.205000000000086E-002
  3.207500000000086E-002
  3.210000000000086E-002
  3.212500000000085E-002
  3.215000000000085E-002
  3.217500000000085E-002
  3.220000000000085E-002
  3.222500000000084E-002
  3.225000000000084E-002
  3.227500000000084E-002
  3.230000000000083E-002
  3.232500000000083E-002
  3.235000000000083E-002
  3.237500000000083E-002
  3.240000000000082E-002
  3.242500000000082E-002
  3.245000000000082E-002
  3.247500000000082E-002
  3.250000000000081E-002
  3.252500000000081E-002
  3.255000000000081E-002
  3.257500000000080E-002
  3.260000000000080E-002
  3.262500000000080E-002
  3.265000000000080E-002
  3.267500000000079E-002
  3.270000000000079E-002
  3.272500000000079E-002
  3.275000000000079E-002
  3.277500000000078E-002
  3.280000000000078E-002
  3.282500000000078E-002
  3.285000000000077E-002
  3.287500000000077E-002
  3.290000000000077E-002
  3.292500000000077E-002
  3.295000000000076E-002
  3.297500000000076E-002
  3.300000000000076E-002
  3.302500000000076E-002
  3.305000000000075E-002
  3.307500000000075E-002
  3.310000000000075E-002
  3.312500000000074E-002
  3.315000000000074E-002
  3.317500000000074E-002
  3.320000000000074E-002
  3.322500000000073E-002
  3.325000000000073E-002
  3.327500000000073E-002
  3.330000000000072E-002
  3.332500000000072E-002
  3.335000000000072E-002
  3.337500000000072E-002
  3.340000000000071E-002
  3.342500000000071E-002
  3.345000000000071E-002
  3.347500000000071E-002
  3.350000000000070E-002
  3.352500000000070E-002
  3.355000000000070E-002
  3.357500000000069E-002
  3.360000000000069E-002
  3.362500000000069E-002
  3.365000000000069E-002
  3.367500000000068E-002
  3.370000000000068E-002
  3.372500000000068E-002
  3.375000000000068E-002
  3.377500000000067E-002
  3.380000000000067E-002
  3.382500000000067E-002
  3.385000000000066E-002
  3.387500000000066E-002
  3.390000000000066E-002
  3.392500000000066E-002
  3.395000000000065E-002
  3.397500000000065E-002
  3.400000000000065E-002
  3.402500000000065E-002
  3.405000000000064E-002
  3.407500000000064E-002
  3.410000000000064E-002
  3.412500000000063E-002
  3.415000000000063E-002
  3.417500000000063E-002
  3.420000000000063E-002
  3.422500000000062E-002
  3.425000000000062E-002
  3.427500000000062E-002
  3.430000000000061E-002
  3.432500000000061E-002
  3.435000000000061E-002
  3.437500000000061E-002
  3.440000000000060E-002
  3.442500000000060E-002
  3.445000000000060E-002
  3.447500000000060E-002
  3.450000000000059E-002
  3.452500000000059E-002
  3.455000000000059E-002
  3.457500000000058E-002
  3.460000000000058E-002
  3.462500000000058E-002
  3.465000000000058E-002
  3.467500000000057E-002
  3.470000000000057E-002
  3.472500000000057E-002
  3.475000000000057E-002
  3.477500000000056E-002
  3.480000000000056E-002
  3.482500000000056E-002
  3.485000000000055E-002
  3.487500000000055E-002
  3.490000000000055E-002
  3.492500000000055E-002
  3.495000000000054E-002
  3.497500000000054E-002
  3.500000000000054E-002
  3.502500000000053E-002
  3.505000000000053E-002
  3.507500000000053E-002
  3.510000000000053E-002
  3.512500000000052E-002
  3.515000000000052E-002
  3.517500000000052E-002
  3.520000000000052E-002
  3.522500000000051E-002
  3.525000000000051E-002
  3.527500000000051E-002
  3.530000000000050E-002
  3.532500000000050E-002
  3.535000000000050E-002
  3.537500000000050E-002
  3.540000000000049E-002
  3.542500000000049E-002
  3.545000000000049E-002
  3.547500000000049E-002
  3.550000000000048E-002
  3.552500000000048E-002
  3.555000000000048E-002
  3.557500000000047E-002
  3.560000000000047E-002
  3.562500000000047E-002
  3.565000000000047E-002
  3.567500000000046E-002
  3.570000000000046E-002
  3.572500000000046E-002
  3.575000000000046E-002
  3.577500000000045E-002
  3.580000000000045E-002
  3.582500000000045E-002
  3.585000000000044E-002
  3.587500000000044E-002
  3.590000000000044E-002
  3.592500000000044E-002
  3.595000000000043E-002
  3.597500000000043E-002
  3.600000000000043E-002
  3.602500000000042E-002
  3.605000000000042E-002
  3.607500000000042E-002
  3.610000000000042E-002
  3.612500000000041E-002
  3.615000000000041E-002
  3.617500000000041E-002
  3.620000000000041E-002
  3.622500000000040E-002
  3.625000000000040E-002
  3.627500000000040E-002
  3.630000000000039E-002
  3.632500000000039E-002
  3.635000000000039E-002
  3.637500000000039E-002
  3.640000000000038E-002
  3.642500000000038E-002
  3.645000000000038E-002
  3.647500000000038E-002
  3.650000000000037E-002
  3.652500000000037E-002
  3.655000000000037E-002
  3.657500000000036E-002
  3.660000000000036E-002
  3.662500000000036E-002
  3.665000000000036E-002
  3.667500000000035E-002
  3.670000000000035E-002
  3.672500000000035E-002
  3.675000000000034E-002
  3.677500000000034E-002
  3.680000000000034E-002
  3.682500000000034E-002
  3.685000000000033E-002
  3.687500000000033E-002
  3.690000000000033E-002
  3.692500000000033E-002
  3.695000000000032E-002
  3.697500000000032E-002
  3.700000000000032E-002
  3.702500000000031E-002
  3.705000000000031E-002
  3.707500000000031E-002
  3.710000000000031E-002
  3.712500000000030E-002
  3.715000000000030E-002
  3.717500000000030E-002
  3.720000000000030E-002
  3.722500000000029E-002
  3.725000000000029E-002
  3.727500000000029E-002
  3.730000000000028E-002
  3.732500000000028E-002
  3.735000000000028E-002
  3.737500000000028E-002
  3.740000000000027E-002
  3.742500000000027E-002
  3.745000000000027E-002
  3.747500000000027E-002
  3.750000000000026E-002
  3.752500000000026E-002
  3.755000000000026E-002
  3.757500000000025E-002
  3.760000000000025E-002
  3.762500000000025E-002
  3.765000000000025E-002
  3.767500000000024E-002
  3.770000000000024E-002
  3.772500000000024E-002
  3.775000000000023E-002
  3.777500000000023E-002
  3.780000000000023E-002
  3.782500000000023E-002
  3.785000000000022E-002
  3.787500000000022E-002
  3.790000000000022E-002
  3.792500000000022E-002
  3.795000000000021E-002
  3.797500000000021E-002
  3.800000000000021E-002
  3.802500000000020E-002
  3.805000000000020E-002
  3.807500000000020E-002
  3.810000000000020E-002
  3.812500000000019E-002
  3.815000000000019E-002
  3.817500000000019E-002
  3.820000000000019E-002
  3.822500000000018E-002
  3.825000000000018E-002
  3.827500000000018E-002
  3.830000000000017E-002
  3.832500000000017E-002
  3.835000000000017E-002
  3.837500000000017E-002
  3.840000000000016E-002
  3.842500000000016E-002
  3.845000000000016E-002
  3.847500000000015E-002
  3.850000000000015E-002
  3.852500000000015E-002
  3.855000000000015E-002
  3.857500000000014E-002
  3.860000000000014E-002
  3.862500000000014E-002
  3.865000000000014E-002
  3.867500000000013E-002
  3.870000000000013E-002
  3.872500000000013E-002
  3.875000000000012E-002
  3.877500000000012E-002
  3.880000000000012E-002
  3.882500000000012E-002
  3.885000000000011E-002
  3.887500000000011E-002
  3.890000000000011E-002
  3.892500000000011E-002
  3.895000000000010E-002
  3.897500000000010E-002
  3.900000000000010E-002
  3.902500000000009E-002
  3.905000000000009E-002
  3.907500000000009E-002
  3.910000000000009E-002
  3.912500000000008E-002
  3.915000000000008E-002
  3.917500000000008E-002
  3.920000000000008E-002
  3.922500000000007E-002
  3.925000000000007E-002
  3.927500000000007E-002
  3.930000000000006E-002
  3.932500000000006E-002
  3.935000000000006E-002
  3.937500000000006E-002
  3.940000000000005E-002
  3.942500000000005E-002
  3.945000000000005E-002
  3.947500000000004E-002
  3.950000000000004E-002
  3.952500000000004E-002
  3.955000000000004E-002
  3.957500000000003E-002
  3.960000000000003E-002
  3.962500000000003E-002
  3.965000000000003E-002
  3.967500000000002E-002
  3.970000000000002E-002
  3.972500000000002E-002
  3.975000000000001E-002
  3.977500000000001E-002
  3.980000000000001E-002
  3.982500000000001E-002
  3.985000000000000E-002
  3.987500000000000E-002
  3.990000000000000E-002
  3.992500000000000E-002
  3.994999999999999E-002
  3.997499999999999E-002
  3.999999999999999E-002
  4.002499999999998E-002
  4.004999999999998E-002
  4.007499999999998E-002
  4.009999999999998E-002
  4.012499999999997E-002
  4.014999999999997E-002
  4.017499999999997E-002
  4.019999999999996E-002
  4.022499999999996E-002
  4.024999999999996E-002
  4.027499999999996E-002
  4.029999999999995E-002
  4.032499999999995E-002
  4.034999999999995E-002
  4.037499999999995E-002
  4.039999999999994E-002
  4.042499999999994E-002
  4.044999999999994E-002
  4.047499999999993E-002
  4.049999999999993E-002
  4.052499999999993E-002
  4.054999999999993E-002
  4.057499999999992E-002
  4.059999999999992E-002
  4.062499999999992E-002
  4.064999999999992E-002
  4.067499999999991E-002
  4.069999999999991E-002
  4.072499999999991E-002
  4.074999999999990E-002
  4.077499999999990E-002
  4.079999999999990E-002
  4.082499999999990E-002
  4.084999999999989E-002
  4.087499999999989E-002
  4.089999999999989E-002
  4.092499999999989E-002
  4.094999999999988E-002
  4.097499999999988E-002
  4.099999999999988E-002
  4.102499999999987E-002
  4.104999999999987E-002
  4.107499999999987E-002
  4.109999999999987E-002
  4.112499999999986E-002
  4.114999999999986E-002
  4.117499999999986E-002
  4.119999999999985E-002
  4.122499999999985E-002
  4.124999999999985E-002
  4.127499999999985E-002
  4.129999999999984E-002
  4.132499999999984E-002
  4.134999999999984E-002
  4.137499999999984E-002
  4.139999999999983E-002
  4.142499999999983E-002
  4.144999999999983E-002
  4.147499999999982E-002
  4.149999999999982E-002
  4.152499999999982E-002
  4.154999999999982E-002
  4.157499999999981E-002
  4.159999999999981E-002
  4.162499999999981E-002
  4.164999999999981E-002
  4.167499999999980E-002
  4.169999999999980E-002
  4.172499999999980E-002
  4.174999999999979E-002
  4.177499999999979E-002
  4.179999999999979E-002
  4.182499999999979E-002
  4.184999999999978E-002
  4.187499999999978E-002
  4.189999999999978E-002
  4.192499999999977E-002
  4.194999999999977E-002
  4.197499999999977E-002
  4.199999999999977E-002
  4.202499999999976E-002
  4.204999999999976E-002
  4.207499999999976E-002
  4.209999999999976E-002
  4.212499999999975E-002
  4.214999999999975E-002
  4.217499999999975E-002
  4.219999999999974E-002
  4.222499999999974E-002
  4.224999999999974E-002
  4.227499999999974E-002
  4.229999999999973E-002
  4.232499999999973E-002
  4.234999999999973E-002
  4.237499999999973E-002
  4.239999999999972E-002
  4.242499999999972E-002
  4.244999999999972E-002
  4.247499999999971E-002
  4.249999999999971E-002
  4.252499999999971E-002
  4.254999999999971E-002
  4.257499999999970E-002
  4.259999999999970E-002
  4.262499999999970E-002
  4.264999999999970E-002
  4.267499999999969E-002
  4.269999999999969E-002
  4.272499999999969E-002
  4.274999999999968E-002
  4.277499999999968E-002
  4.279999999999968E-002
  4.282499999999968E-002
  4.284999999999967E-002
  4.287499999999967E-002
  4.289999999999967E-002
  4.292499999999966E-002
  4.294999999999966E-002
  4.297499999999966E-002
  4.299999999999966E-002
  4.302499999999965E-002
  4.304999999999965E-002
  4.307499999999965E-002
  4.309999999999965E-002
  4.312499999999964E-002
  4.314999999999964E-002
  4.317499999999964E-002
  4.319999999999963E-002
  4.322499999999963E-002
  4.324999999999963E-002
  4.327499999999963E-002
  4.329999999999962E-002
  4.332499999999962E-002
  4.334999999999962E-002
  4.337499999999962E-002
  4.339999999999961E-002
  4.342499999999961E-002
  4.344999999999961E-002
  4.347499999999960E-002
  4.349999999999960E-002
  4.352499999999960E-002
  4.354999999999960E-002
  4.357499999999959E-002
  4.359999999999959E-002
  4.362499999999959E-002
  4.364999999999958E-002
  4.367499999999958E-002
  4.369999999999958E-002
  4.372499999999958E-002
  4.374999999999957E-002
  4.377499999999957E-002
  4.379999999999957E-002
  4.382499999999957E-002
  4.384999999999956E-002
  4.387499999999956E-002
  4.389999999999956E-002
  4.392499999999955E-002
  4.394999999999955E-002
  4.397499999999955E-002
  4.399999999999955E-002
  4.402499999999954E-002
  4.404999999999954E-002
  4.407499999999954E-002
  4.409999999999954E-002
  4.412499999999953E-002
  4.414999999999953E-002
  4.417499999999953E-002
  4.419999999999952E-002
  4.422499999999952E-002
  4.424999999999952E-002
  4.427499999999952E-002
  4.429999999999951E-002
  4.432499999999951E-002
  4.434999999999951E-002
  4.437499999999951E-002
  4.439999999999950E-002
  4.442499999999950E-002
  4.444999999999950E-002
  4.447499999999949E-002
  4.449999999999949E-002
  4.452499999999949E-002
  4.454999999999949E-002
  4.457499999999948E-002
  4.459999999999948E-002
  4.462499999999948E-002
  4.464999999999947E-002
  4.467499999999947E-002
  4.469999999999947E-002
  4.472499999999947E-002
  4.474999999999946E-002
  4.477499999999946E-002
  4.479999999999946E-002
  4.482499999999946E-002
  4.484999999999945E-002
  4.487499999999945E-002
  4.489999999999945E-002
  4.492499999999944E-002
  4.494999999999944E-002
  4.497499999999944E-002
  4.499999999999944E-002
  4.502499999999943E-002
  4.504999999999943E-002
  4.507499999999943E-002
  4.509999999999943E-002
  4.512499999999942E-002
  4.514999999999942E-002
  4.517499999999942E-002
  4.519999999999941E-002
  4.522499999999941E-002
  4.524999999999941E-002
  4.527499999999941E-002
  4.529999999999940E-002
  4.532499999999940E-002
  4.534999999999940E-002
  4.537499999999939E-002
  4.539999999999939E-002
  4.542499999999939E-002
  4.544999999999939E-002
  4.547499999999938E-002
  4.549999999999938E-002
  4.552499999999938E-002
  4.554999999999938E-002
  4.557499999999937E-002
  4.559999999999937E-002
  4.562499999999937E-002
  4.564999999999936E-002
  4.567499999999936E-002
  4.569999999999936E-002
  4.572499999999936E-002
  4.574999999999935E-002
  4.577499999999935E-002
  4.579999999999935E-002
  4.582499999999935E-002
  4.584999999999934E-002
  4.587499999999934E-002
  4.589999999999934E-002
  4.592499999999933E-002
  4.594999999999933E-002
  4.597499999999933E-002
  4.599999999999933E-002
  4.602499999999932E-002
  4.604999999999932E-002
  4.607499999999932E-002
  4.609999999999932E-002
  4.612499999999931E-002
  4.614999999999931E-002
  4.617499999999931E-002
  4.619999999999930E-002
  4.622499999999930E-002
  4.624999999999930E-002
  4.627499999999930E-002
  4.629999999999929E-002
  4.632499999999929E-002
  4.634999999999929E-002
  4.637499999999928E-002
  4.639999999999928E-002
  4.642499999999928E-002
  4.644999999999928E-002
  4.647499999999927E-002
  4.649999999999927E-002
  4.652499999999927E-002
  4.654999999999927E-002
  4.657499999999926E-002
  4.659999999999926E-002
  4.662499999999926E-002
  4.664999999999925E-002
  4.667499999999925E-002
  4.669999999999925E-002
  4.672499999999925E-002
  4.674999999999924E-002
  4.677499999999924E-002
  4.679999999999924E-002
  4.682499999999924E-002
  4.684999999999923E-002
  4.687499999999923E-002
  4.689999999999923E-002
  4.692499999999922E-002
  4.694999999999922E-002
  4.697499999999922E-002
  4.699999999999922E-002
  4.702499999999921E-002
  4.704999999999921E-002
  4.707499999999921E-002
  4.709999999999921E-002
  4.712499999999920E-002
  4.714999999999920E-002
  4.717499999999920E-002
  4.719999999999919E-002
  4.722499999999919E-002
  4.724999999999919E-002
  4.727499999999919E-002
  4.729999999999918E-002
  4.732499999999918E-002
  4.734999999999918E-002
  4.737499999999917E-002
  4.739999999999917E-002
  4.742499999999917E-002
  4.744999999999917E-002
  4.747499999999916E-002
  4.749999999999916E-002
  4.752499999999916E-002
  4.754999999999916E-002
  4.757499999999915E-002
  4.759999999999915E-002
  4.762499999999915E-002
  4.764999999999914E-002
  4.767499999999914E-002
  4.769999999999914E-002
  4.772499999999914E-002
  4.774999999999913E-002
  4.777499999999913E-002
  4.779999999999913E-002
  4.782499999999913E-002
  4.784999999999912E-002
  4.787499999999912E-002
  4.789999999999912E-002
  4.792499999999911E-002
  4.794999999999911E-002
  4.797499999999911E-002
  4.799999999999911E-002
  4.802499999999910E-002
  4.804999999999910E-002
  4.807499999999910E-002
  4.809999999999909E-002
  4.812499999999909E-002
  4.814999999999909E-002
  4.817499999999909E-002
  4.819999999999908E-002
  4.822499999999908E-002
  4.824999999999908E-002
  4.827499999999908E-002
  4.829999999999907E-002
  4.832499999999907E-002
  4.834999999999907E-002
  4.837499999999906E-002
  4.839999999999906E-002
  4.842499999999906E-002
  4.844999999999906E-002
  4.847499999999905E-002
  4.849999999999905E-002
  4.852499999999905E-002
  4.854999999999905E-002
  4.857499999999904E-002
  4.859999999999904E-002
  4.862499999999904E-002
  4.864999999999903E-002
  4.867499999999903E-002
  4.869999999999903E-002
  4.872499999999903E-002
  4.874999999999902E-002
  4.877499999999902E-002
  4.879999999999902E-002
  4.882499999999902E-002
  4.884999999999901E-002
  4.887499999999901E-002
  4.889999999999901E-002
  4.892499999999900E-002
  4.894999999999900E-002
  4.897499999999900E-002
  4.899999999999900E-002
  4.902499999999899E-002
  4.904999999999899E-002
  4.907499999999899E-002
  4.909999999999898E-002
  4.912499999999898E-002
  4.914999999999898E-002
  4.917499999999898E-002
  4.919999999999897E-002
  4.922499999999897E-002
  4.924999999999897E-002
  4.927499999999897E-002
  4.929999999999896E-002
  4.932499999999896E-002
  4.934999999999896E-002
  4.937499999999895E-002
  4.939999999999895E-002
  4.942499999999895E-002
  4.944999999999895E-002
  4.947499999999894E-002
  4.949999999999894E-002
  4.952499999999894E-002
  4.954999999999894E-002
  4.957499999999893E-002
  4.959999999999893E-002
  4.962499999999893E-002
  4.964999999999892E-002
  4.967499999999892E-002
  4.969999999999892E-002
  4.972499999999892E-002
  4.974999999999891E-002
  4.977499999999891E-002
  4.979999999999891E-002
  4.982499999999890E-002
  4.984999999999890E-002
  4.987499999999890E-002
  4.989999999999890E-002
  4.992499999999889E-002
  4.994999999999889E-002
  4.997499999999889E-002
  4.999999999999889E-002
  5.002499999999888E-002
  5.004999999999888E-002
  5.007499999999888E-002
  5.009999999999887E-002
  5.012499999999887E-002
  5.014999999999887E-002
  5.017499999999887E-002
  5.019999999999886E-002
  5.022499999999886E-002
  5.024999999999886E-002
  5.027499999999886E-002
  5.029999999999885E-002
  5.032499999999885E-002
  5.034999999999885E-002
  5.037499999999884E-002
  5.039999999999884E-002
  5.042499999999884E-002
  5.044999999999884E-002
  5.047499999999883E-002
  5.049999999999883E-002
  5.052499999999883E-002
  5.054999999999883E-002
  5.057499999999882E-002
  5.059999999999882E-002
  5.062499999999882E-002
  5.064999999999881E-002
  5.067499999999881E-002
  5.069999999999881E-002
  5.072499999999881E-002
  5.074999999999880E-002
  5.077499999999880E-002
  5.079999999999880E-002
  5.082499999999879E-002
  5.084999999999879E-002
  5.087499999999879E-002
  5.089999999999879E-002
  5.092499999999878E-002
  5.094999999999878E-002
  5.097499999999878E-002
  5.099999999999878E-002
  5.102499999999877E-002
  5.104999999999877E-002
  5.107499999999877E-002
  5.109999999999876E-002
  5.112499999999876E-002
  5.114999999999876E-002
  5.117499999999876E-002
  5.119999999999875E-002
  5.122499999999875E-002
  5.124999999999875E-002
  5.127499999999875E-002
  5.129999999999874E-002
  5.132499999999874E-002
  5.134999999999874E-002
  5.137499999999873E-002
  5.139999999999873E-002
  5.142499999999873E-002
  5.144999999999873E-002
  5.147499999999872E-002
  5.149999999999872E-002
  5.152499999999872E-002
  5.154999999999871E-002
  5.157499999999871E-002
  5.159999999999871E-002
  5.162499999999871E-002
  5.164999999999870E-002
  5.167499999999870E-002
  5.169999999999870E-002
  5.172499999999870E-002
  5.174999999999869E-002
  5.177499999999869E-002
  5.179999999999869E-002
  5.182499999999868E-002
  5.184999999999868E-002
  5.187499999999868E-002
  5.189999999999868E-002
  5.192499999999867E-002
  5.194999999999867E-002
  5.197499999999867E-002
  5.199999999999867E-002
  5.202499999999866E-002
  5.204999999999866E-002
  5.207499999999866E-002
  5.209999999999865E-002
  5.212499999999865E-002
  5.214999999999865E-002
  5.217499999999865E-002
  5.219999999999864E-002
  5.222499999999864E-002
  5.224999999999864E-002
  5.227499999999864E-002
  5.229999999999863E-002
  5.232499999999863E-002
  5.234999999999863E-002
  5.237499999999862E-002
  5.239999999999862E-002
  5.242499999999862E-002
  5.244999999999862E-002
  5.247499999999861E-002
  5.249999999999861E-002
  5.252499999999861E-002
  5.254999999999860E-002
  5.257499999999860E-002
  5.259999999999860E-002
  5.262499999999860E-002
  5.264999999999859E-002
  5.267499999999859E-002
  5.269999999999859E-002
  5.272499999999859E-002
  5.274999999999858E-002
  5.277499999999858E-002
  5.279999999999858E-002
  5.282499999999857E-002
  5.284999999999857E-002
  5.287499999999857E-002
  5.289999999999857E-002
  5.292499999999856E-002
  5.294999999999856E-002
  5.297499999999856E-002
  5.299999999999856E-002
  5.302499999999855E-002
  5.304999999999855E-002
  5.307499999999855E-002
  5.309999999999854E-002
  5.312499999999854E-002
  5.314999999999854E-002
  5.317499999999854E-002
  5.319999999999853E-002
  5.322499999999853E-002
  5.324999999999853E-002
  5.327499999999852E-002
  5.329999999999852E-002
  5.332499999999852E-002
  5.334999999999852E-002
  5.337499999999851E-002
  5.339999999999851E-002
  5.342499999999851E-002
  5.344999999999851E-002
  5.347499999999850E-002
  5.349999999999850E-002
  5.352499999999850E-002
  5.354999999999849E-002
  5.357499999999849E-002
  5.359999999999849E-002
  5.362499999999849E-002
  5.364999999999848E-002
  5.367499999999848E-002
  5.369999999999848E-002
  5.372499999999848E-002
  5.374999999999847E-002
  5.377499999999847E-002
  5.379999999999847E-002
  5.382499999999846E-002
  5.384999999999846E-002
  5.387499999999846E-002
  5.389999999999846E-002
  5.392499999999845E-002
  5.394999999999845E-002
  5.397499999999845E-002
  5.399999999999845E-002
  5.402499999999844E-002
  5.404999999999844E-002
  5.407499999999844E-002
  5.409999999999843E-002
  5.412499999999843E-002
  5.414999999999843E-002
  5.417499999999843E-002
  5.419999999999842E-002
  5.422499999999842E-002
  5.424999999999842E-002
  5.427499999999841E-002
  5.429999999999841E-002
  5.432499999999841E-002
  5.434999999999841E-002
  5.437499999999840E-002
  5.439999999999840E-002
  5.442499999999840E-002
  5.444999999999840E-002
  5.447499999999839E-002
  5.449999999999839E-002
  5.452499999999839E-002
  5.454999999999838E-002
  5.457499999999838E-002
  5.459999999999838E-002
  5.462499999999838E-002
  5.464999999999837E-002
  5.467499999999837E-002
  5.469999999999837E-002
  5.472499999999837E-002
  5.474999999999836E-002
  5.477499999999836E-002
  5.479999999999836E-002
  5.482499999999835E-002
  5.484999999999835E-002
  5.487499999999835E-002
  5.489999999999835E-002
  5.492499999999834E-002
  5.494999999999834E-002
  5.497499999999834E-002
  5.499999999999833E-002
  5.502499999999833E-002
  5.504999999999833E-002
  5.507499999999833E-002
  5.509999999999832E-002
  5.512499999999832E-002
  5.514999999999832E-002
  5.517499999999832E-002
  5.519999999999831E-002
  5.522499999999831E-002
  5.524999999999831E-002
  5.527499999999830E-002
  5.529999999999830E-002
  5.532499999999830E-002
  5.534999999999830E-002
  5.537499999999829E-002
  5.539999999999829E-002
  5.542499999999829E-002
  5.544999999999829E-002
  5.547499999999828E-002
  5.549999999999828E-002
  5.552499999999828E-002
  5.554999999999827E-002
  5.557499999999827E-002
  5.559999999999827E-002
  5.562499999999827E-002
  5.564999999999826E-002
  5.567499999999826E-002
  5.569999999999826E-002
  5.572499999999826E-002
  5.574999999999825E-002
  5.577499999999825E-002
  5.579999999999825E-002
  5.582499999999824E-002
  5.584999999999824E-002
  5.587499999999824E-002
  5.589999999999824E-002
  5.592499999999823E-002
  5.594999999999823E-002
  5.597499999999823E-002
  5.599999999999822E-002
  5.602499999999822E-002
  5.604999999999822E-002
  5.607499999999822E-002
  5.609999999999821E-002
  5.612499999999821E-002
  5.614999999999821E-002
  5.617499999999821E-002
  5.619999999999820E-002
  5.622499999999820E-002
  5.624999999999820E-002
  5.627499999999819E-002
  5.629999999999819E-002
  5.632499999999819E-002
  5.634999999999819E-002
  5.637499999999818E-002
  5.639999999999818E-002
  5.642499999999818E-002
  5.644999999999818E-002
  5.647499999999817E-002
  5.649999999999817E-002
  5.652499999999817E-002
  5.654999999999816E-002
  5.657499999999816E-002
  5.659999999999816E-002
  5.662499999999816E-002
  5.664999999999815E-002
  5.667499999999815E-002
  5.669999999999815E-002
  5.672499999999814E-002
  5.674999999999814E-002
  5.677499999999814E-002
  5.679999999999814E-002
  5.682499999999813E-002
  5.684999999999813E-002
  5.687499999999813E-002
  5.689999999999813E-002
  5.692499999999812E-002
  5.694999999999812E-002
  5.697499999999812E-002
  5.699999999999811E-002
  5.702499999999811E-002
  5.704999999999811E-002
  5.707499999999811E-002
  5.709999999999810E-002
  5.712499999999810E-002
  5.714999999999810E-002
  5.717499999999810E-002
  5.719999999999809E-002
  5.722499999999809E-002
  5.724999999999809E-002
  5.727499999999808E-002
  5.729999999999808E-002
  5.732499999999808E-002
  5.734999999999808E-002
  5.737499999999807E-002
  5.739999999999807E-002
  5.742499999999807E-002
  5.744999999999807E-002
  5.747499999999806E-002
  5.749999999999806E-002
  5.752499999999806E-002
  5.754999999999805E-002
  5.757499999999805E-002
  5.759999999999805E-002
  5.762499999999805E-002
  5.764999999999804E-002
  5.767499999999804E-002
  5.769999999999804E-002
  5.772499999999803E-002
  5.774999999999803E-002
  5.777499999999803E-002
  5.779999999999803E-002
  5.782499999999802E-002
  5.784999999999802E-002
  5.787499999999802E-002
  5.789999999999802E-002
  5.792499999999801E-002
  5.794999999999801E-002
  5.797499999999801E-002
  5.799999999999800E-002
  5.802499999999800E-002
  5.804999999999800E-002
  5.807499999999800E-002
  5.809999999999799E-002
  5.812499999999799E-002
  5.814999999999799E-002
  5.817499999999799E-002
  5.819999999999798E-002
  5.822499999999798E-002
  5.824999999999798E-002
  5.827499999999797E-002
  5.829999999999797E-002
  5.832499999999797E-002
  5.834999999999797E-002
  5.837499999999796E-002
  5.839999999999796E-002
  5.842499999999796E-002
  5.844999999999795E-002
  5.847499999999795E-002
  5.849999999999795E-002
  5.852499999999795E-002
  5.854999999999794E-002
  5.857499999999794E-002
  5.859999999999794E-002
  5.862499999999794E-002
  5.864999999999793E-002
  5.867499999999793E-002
  5.869999999999793E-002
  5.872499999999792E-002
  5.874999999999792E-002
  5.877499999999792E-002
  5.879999999999792E-002
  5.882499999999791E-002
  5.884999999999791E-002
  5.887499999999791E-002
  5.889999999999791E-002
  5.892499999999790E-002
  5.894999999999790E-002
  5.897499999999790E-002
  5.899999999999789E-002
  5.902499999999789E-002
  5.904999999999789E-002
  5.907499999999789E-002
  5.909999999999788E-002
  5.912499999999788E-002
  5.914999999999788E-002
  5.917499999999788E-002
  5.919999999999787E-002
  5.922499999999787E-002
  5.924999999999787E-002
  5.927499999999786E-002
  5.929999999999786E-002
  5.932499999999786E-002
  5.934999999999786E-002
  5.937499999999785E-002
  5.939999999999785E-002
  5.942499999999785E-002
  5.944999999999784E-002
  5.947499999999784E-002
  5.949999999999784E-002
  5.952499999999784E-002
  5.954999999999783E-002
  5.957499999999783E-002
  5.959999999999783E-002
  5.962499999999783E-002
  5.964999999999782E-002
  5.967499999999782E-002
  5.969999999999782E-002
  5.972499999999781E-002
  5.974999999999781E-002
  5.977499999999781E-002
  5.979999999999781E-002
  5.982499999999780E-002
  5.984999999999780E-002
  5.987499999999780E-002
  5.989999999999780E-002
  5.992499999999779E-002
  5.994999999999779E-002
  5.997499999999779E-002
  5.999999999999778E-002
  6.002499999999778E-002
  6.004999999999778E-002
  6.007499999999778E-002
  6.009999999999777E-002
  6.012499999999777E-002
  6.014999999999777E-002
  6.017499999999776E-002
  6.019999999999776E-002
  6.022499999999776E-002
  6.024999999999776E-002
  6.027499999999775E-002
  6.029999999999775E-002
  6.032499999999775E-002
  6.034999999999775E-002
  6.037499999999774E-002
  6.039999999999774E-002
  6.042499999999774E-002
  6.044999999999773E-002
  6.047499999999773E-002
  6.049999999999773E-002
  6.052499999999773E-002
  6.054999999999772E-002
  6.057499999999772E-002
  6.059999999999772E-002
  6.062499999999772E-002
  6.064999999999771E-002
  6.067499999999771E-002
  6.069999999999771E-002
  6.072499999999770E-002
  6.074999999999770E-002
  6.077499999999770E-002
  6.079999999999770E-002
  6.082499999999769E-002
  6.084999999999769E-002
  6.087499999999769E-002
  6.089999999999769E-002
  6.092499999999768E-002
  6.094999999999768E-002
  6.097499999999768E-002
  6.099999999999767E-002
  6.102499999999767E-002
  6.104999999999767E-002
  6.107499999999767E-002
  6.109999999999766E-002
  6.112499999999766E-002
  6.114999999999766E-002
  6.117499999999765E-002
  6.119999999999765E-002
  6.122499999999765E-002
  6.124999999999765E-002
  6.127499999999764E-002
  6.129999999999764E-002
  6.132499999999764E-002
  6.134999999999764E-002
  6.137499999999763E-002
  6.139999999999763E-002
  6.142499999999763E-002
  6.144999999999762E-002
  6.147499999999762E-002
  6.149999999999762E-002
  6.152499999999762E-002
  6.154999999999761E-002
  6.157499999999761E-002
  6.159999999999761E-002
  6.162499999999761E-002
  6.164999999999760E-002
  6.167499999999760E-002
  6.169999999999760E-002
  6.172499999999759E-002
  6.174999999999759E-002
  6.177499999999759E-002
  6.179999999999759E-002
  6.182499999999758E-002
  6.184999999999758E-002
  6.187499999999758E-002
  6.189999999999758E-002
  6.192499999999757E-002
  6.194999999999757E-002
  6.197499999999757E-002
  6.199999999999756E-002
  6.202499999999756E-002
  6.204999999999756E-002
  6.207499999999756E-002
  6.209999999999755E-002
  6.212499999999755E-002
  6.214999999999755E-002
  6.217499999999754E-002
  6.219999999999754E-002
  6.222499999999754E-002
  6.224999999999754E-002
  6.227499999999753E-002
  6.229999999999753E-002
  6.232499999999753E-002
  6.234999999999753E-002
  6.237499999999752E-002
  6.239999999999752E-002
  6.242499999999752E-002
  6.244999999999751E-002
  6.247499999999751E-002
  6.249999999999751E-002
  6.252499999999751E-002
  6.254999999999751E-002
  6.257499999999751E-002
  6.259999999999750E-002
  6.262499999999750E-002
  6.264999999999750E-002
  6.267499999999750E-002
  6.269999999999749E-002
  6.272499999999749E-002
  6.274999999999749E-002
  6.277499999999749E-002
  6.279999999999748E-002
  6.282499999999748E-002
  6.284999999999748E-002
  6.287499999999747E-002
  6.289999999999747E-002
  6.292499999999747E-002
  6.294999999999747E-002
  6.297499999999746E-002
  6.299999999999746E-002
  6.302499999999746E-002
  6.304999999999746E-002
  6.307499999999745E-002
  6.309999999999745E-002
  6.312499999999745E-002
  6.314999999999744E-002
  6.317499999999744E-002
  6.319999999999744E-002
  6.322499999999744E-002
  6.324999999999743E-002
  6.327499999999743E-002
  6.329999999999743E-002
  6.332499999999743E-002
  6.334999999999742E-002
  6.337499999999742E-002
  6.339999999999742E-002
  6.342499999999741E-002
  6.344999999999741E-002
  6.347499999999741E-002
  6.349999999999741E-002
  6.352499999999740E-002
  6.354999999999740E-002
  6.357499999999740E-002
  6.359999999999739E-002
  6.362499999999739E-002
  6.364999999999739E-002
  6.367499999999739E-002
  6.369999999999738E-002
  6.372499999999738E-002
  6.374999999999738E-002
  6.377499999999738E-002
  6.379999999999737E-002
  6.382499999999737E-002
  6.384999999999737E-002
  6.387499999999736E-002
  6.389999999999736E-002
  6.392499999999736E-002
  6.394999999999736E-002
  6.397499999999735E-002
  6.399999999999735E-002
  6.402499999999735E-002
  6.404999999999735E-002
  6.407499999999734E-002
  6.409999999999734E-002
  6.412499999999734E-002
  6.414999999999733E-002
  6.417499999999733E-002
  6.419999999999733E-002
  6.422499999999733E-002
  6.424999999999732E-002
  6.427499999999732E-002
  6.429999999999732E-002
  6.432499999999731E-002
  6.434999999999731E-002
  6.437499999999731E-002
  6.439999999999731E-002
  6.442499999999730E-002
  6.444999999999730E-002
  6.447499999999730E-002
  6.449999999999730E-002
  6.452499999999729E-002
  6.454999999999729E-002
  6.457499999999729E-002
  6.459999999999728E-002
  6.462499999999728E-002
  6.464999999999728E-002
  6.467499999999728E-002
  6.469999999999727E-002
  6.472499999999727E-002
  6.474999999999727E-002
  6.477499999999727E-002
  6.479999999999726E-002
  6.482499999999726E-002
  6.484999999999726E-002
  6.487499999999725E-002
  6.489999999999725E-002
  6.492499999999725E-002
  6.494999999999725E-002
  6.497499999999724E-002
  6.499999999999724E-002
  6.502499999999724E-002
  6.504999999999724E-002
  6.507499999999723E-002
  6.509999999999723E-002
  6.512499999999723E-002
  6.514999999999722E-002
  6.517499999999722E-002
  6.519999999999722E-002
  6.522499999999722E-002
  6.524999999999721E-002
  6.527499999999721E-002
  6.529999999999721E-002
  6.532499999999720E-002
  6.534999999999720E-002
  6.537499999999720E-002
  6.539999999999720E-002
  6.542499999999719E-002
  6.544999999999719E-002
  6.547499999999719E-002
  6.549999999999719E-002
  6.552499999999718E-002
  6.554999999999718E-002
  6.557499999999718E-002
  6.559999999999717E-002
  6.562499999999717E-002
  6.564999999999717E-002
  6.567499999999717E-002
  6.569999999999716E-002
  6.572499999999716E-002
  6.574999999999716E-002
  6.577499999999716E-002
  6.579999999999715E-002
  6.582499999999715E-002
  6.584999999999715E-002
  6.587499999999714E-002
  6.589999999999714E-002
  6.592499999999714E-002
  6.594999999999714E-002
  6.597499999999713E-002
  6.599999999999713E-002
  6.602499999999713E-002
  6.604999999999712E-002
  6.607499999999712E-002
  6.609999999999712E-002
  6.612499999999712E-002
  6.614999999999711E-002
  6.617499999999711E-002
  6.619999999999711E-002
  6.622499999999711E-002
  6.624999999999710E-002
  6.627499999999710E-002
  6.629999999999710E-002
  6.632499999999709E-002
  6.634999999999709E-002
  6.637499999999709E-002
  6.639999999999709E-002
  6.642499999999708E-002
  6.644999999999708E-002
  6.647499999999708E-002
  6.649999999999708E-002
  6.652499999999707E-002
  6.654999999999707E-002
  6.657499999999707E-002
  6.659999999999706E-002
  6.662499999999706E-002
  6.664999999999706E-002
  6.667499999999706E-002
  6.669999999999705E-002
  6.672499999999705E-002
  6.674999999999705E-002
  6.677499999999705E-002
  6.679999999999704E-002
  6.682499999999704E-002
  6.684999999999704E-002
  6.687499999999703E-002
  6.689999999999703E-002
  6.692499999999703E-002
  6.694999999999703E-002
  6.697499999999702E-002
  6.699999999999702E-002
  6.702499999999702E-002
  6.704999999999701E-002
  6.707499999999701E-002
  6.709999999999701E-002
  6.712499999999701E-002
  6.714999999999700E-002
  6.717499999999700E-002
  6.719999999999700E-002
  6.722499999999700E-002
  6.724999999999699E-002
  6.727499999999699E-002
  6.729999999999699E-002
  6.732499999999698E-002
  6.734999999999698E-002
  6.737499999999698E-002
  6.739999999999698E-002
  6.742499999999697E-002
  6.744999999999697E-002
  6.747499999999697E-002
  6.749999999999697E-002
  6.752499999999696E-002
  6.754999999999696E-002
  6.757499999999696E-002
  6.759999999999695E-002
  6.762499999999695E-002
  6.764999999999695E-002
  6.767499999999695E-002
  6.769999999999694E-002
  6.772499999999694E-002
  6.774999999999694E-002
  6.777499999999693E-002
  6.779999999999693E-002
  6.782499999999693E-002
  6.784999999999693E-002
  6.787499999999692E-002
  6.789999999999692E-002
  6.792499999999692E-002
  6.794999999999692E-002
  6.797499999999691E-002
  6.799999999999691E-002
  6.802499999999691E-002
  6.804999999999690E-002
  6.807499999999690E-002
  6.809999999999690E-002
  6.812499999999690E-002
  6.814999999999689E-002
  6.817499999999689E-002
  6.819999999999689E-002
  6.822499999999689E-002
  6.824999999999688E-002
  6.827499999999688E-002
  6.829999999999688E-002
  6.832499999999687E-002
  6.834999999999687E-002
  6.837499999999687E-002
  6.839999999999687E-002
  6.842499999999686E-002
  6.844999999999686E-002
  6.847499999999686E-002
  6.849999999999686E-002
  6.852499999999685E-002
  6.854999999999685E-002
  6.857499999999685E-002
  6.859999999999684E-002
  6.862499999999684E-002
  6.864999999999684E-002
  6.867499999999684E-002
  6.869999999999683E-002
  6.872499999999683E-002
  6.874999999999683E-002
  6.877499999999682E-002
  6.879999999999682E-002
  6.882499999999682E-002
  6.884999999999682E-002
  6.887499999999681E-002
  6.889999999999681E-002
  6.892499999999681E-002
  6.894999999999681E-002
  6.897499999999680E-002
  6.899999999999680E-002
  6.902499999999680E-002
  6.904999999999679E-002
  6.907499999999679E-002
  6.909999999999679E-002
  6.912499999999679E-002
  6.914999999999678E-002
  6.917499999999678E-002
  6.919999999999678E-002
  6.922499999999678E-002
  6.924999999999677E-002
  6.927499999999677E-002
  6.929999999999677E-002
  6.932499999999676E-002
  6.934999999999676E-002
  6.937499999999676E-002
  6.939999999999676E-002
  6.942499999999675E-002
  6.944999999999675E-002
  6.947499999999675E-002
  6.949999999999674E-002
  6.952499999999674E-002
  6.954999999999674E-002
  6.957499999999674E-002
  6.959999999999673E-002
  6.962499999999673E-002
  6.964999999999673E-002
  6.967499999999673E-002
  6.969999999999672E-002
  6.972499999999672E-002
  6.974999999999672E-002
  6.977499999999671E-002
  6.979999999999671E-002
  6.982499999999671E-002
  6.984999999999671E-002
  6.987499999999670E-002
  6.989999999999670E-002
  6.992499999999670E-002
  6.994999999999670E-002
  6.997499999999669E-002
  6.999999999999669E-002
