300 5000 1
300   1318.42
301   2035.14
302   2754.72
303   3477.15
304   4202.42
305   4930.53
306   5661.48
307   6395.26
308   7131.87
309   7871.31
310   8613.57
311   9358.66
312   10106.6
313   10857.3
314   11610.8
315   12367.1
316   13126.3
317   13888.2
318   14652.9
319   15420.4
320   16190.7
321   16963.8
322   17739.7
323   18518.4
324   19299.8
325   20084
326   20871
327   21660.8
328   22453.3
329   23248.5
330   24046.6
331   24847.4
332   25650.9
333   26457.2
334   27266.2
335   28078
336   28892.5
337   29709.7
338   30529.7
339   31352.4
340   32177.8
341   33006
342   33836.9
343   34670.4
344   35506.7
345   36345.8
346   37187.5
347   38031.9
348   38879
349   39728.8
350   40581.4
351   41436.6
352   42294.5
353   43155
354   44018.3
355   44884.3
356   45752.9
357   46624.2
358   47498.1
359   48374.8
360   49254
361   50136
362   51020.6
363   51907.9
364   52797.8
365   53690.4
366   54585.6
367   55483.4
368   56383.9
369   57287
370   58192.8
371   59101.2
372   60012.2
373   60925.8
374   61842.1
375   62760.9
376   63682.4
377   64606.5
378   65533.2
379   66462.5
380   67394.4
381   68328.9
382   69266
383   70205.7
384   71147.9
385   72092.8
386   73040.2
387   73990.2
388   74942.8
389   75898
390   76855.7
391   77816
392   78778.8
393   79744.2
394   80712.2
395   81682.7
396   82655.7
397   83631.3
398   84609.4
399   85590.1
400   86573.3
401   87559
402   88547.3
403   89538.1
404   90531.3
405   91527.2
406   92525.5
407   93526.3
408   94529.6
409   95535.5
410   96543.8
411   97554.6
412   98567.9
413   99583.7
414   100602
415   101623
416   102646
417   103672
418   104700
419   105730
420   106764
421   107799
422   108837
423   109878
424   110920
425   111966
426   113014
427   114064
428   115116
429   116171
430   117229
431   118289
432   119351
433   120416
434   121483
435   122552
436   123624
437   124698
438   125775
439   126854
440   127936
441   129019
442   130106
443   131194
444   132285
445   133378
446   134474
447   135572
448   136672
449   137775
450   138880
451   139987
452   141097
453   142209
454   143323
455   144440
456   145559
457   146680
458   147803
459   148929
460   150057
461   151188
462   152320
463   153455
464   154593
465   155732
466   156874
467   158018
468   159164
469   160313
470   161463
471   162616
472   163772
473   164929
474   166089
475   167251
476   168415
477   169581
478   170750
479   171921
480   173094
481   174269
482   175446
483   176626
484   177807
485   178991
486   180177
487   181365
488   182556
489   183748
490   184943
491   186140
492   187339
493   188540
494   189743
495   190948
496   192156
497   193365
498   194577
499   195791
500   197007
501   198225
502   199445
503   200667
504   201891
505   203118
506   204346
507   205576
508   206809
509   208043
510   209280
511   210519
512   211759
513   213002
514   214247
515   215494
516   216743
517   217993
518   219246
519   220501
520   221758
521   223017
522   224277
523   225540
524   226805
525   228072
526   229340
527   230611
528   231884
529   233158
530   234435
531   235713
532   236994
533   238276
534   239560
535   240847
536   242135
537   243425
538   244717
539   246010
540   247306
541   248604
542   249903
543   251205
544   252508
545   253813
546   255120
547   256429
548   257740
549   259052
550   260367
551   261683
552   263001
553   264321
554   265643
555   266966
556   268292
557   269619
558   270948
559   272279
560   273611
561   274946
562   276282
563   277620
564   278960
565   280301
566   281645
567   282990
568   284336
569   285685
570   287035
571   288387
572   289741
573   291097
574   292454
575   293813
576   295174
577   296536
578   297901
579   299266
580   300634
581   302003
582   303374
583   304747
584   306121
585   307497
586   308875
587   310255
588   311636
589   313018
590   314403
591   315789
592   317177
593   318566
594   319957
595   321350
596   322744
597   324140
598   325538
599   326937
600   328338
601   329740
602   331144
603   332550
604   333957
605   335366
606   336776
607   338188
608   339602
609   341017
610   342434
611   343852
612   345272
613   346694
614   348117
615   349542
616   350968
617   352396
618   353825
619   355256
620   356688
621   358122
622   359557
623   360994
624   362433
625   363873
626   365314
627   366757
628   368202
629   369648
630   371095
631   372544
632   373995
633   375446
634   376900
635   378355
636   379811
637   381269
638   382728
639   384189
640   385651
641   387115
642   388580
643   390046
644   391514
645   392984
646   394455
647   395927
648   397401
649   398876
650   400352
651   401830
652   403309
653   404790
654   406272
655   407756
656   409241
657   410727
658   412215
659   413704
660   415194
661   416686
662   418179
663   419674
664   421170
665   422667
666   424165
667   425665
668   427167
669   428669
670   430173
671   431679
672   433185
673   434693
674   436203
675   437713
676   439225
677   440738
678   442253
679   443769
680   445286
681   446804
682   448324
683   449845
684   451367
685   452891
686   454416
687   455942
688   457470
689   458998
690   460528
691   462059
692   463592
693   465126
694   466661
695   468197
696   469734
697   471273
698   472813
699   474354
700   475897
701   477441
702   478985
703   480532
704   482079
705   483627
706   485177
707   486728
708   488280
709   489834
710   491388
711   492944
712   494501
713   496059
714   497619
715   499179
716   500741
717   502304
718   503868
719   505433
720   507000
721   508567
722   510136
723   511706
724   513277
725   514849
726   516422
727   517997
728   519572
729   521149
730   522727
731   524306
732   525886
733   527467
734   529050
735   530633
736   532218
737   533804
738   535391
739   536979
740   538568
741   540158
742   541749
743   543342
744   544935
745   546530
746   548125
747   549722
748   551320
749   552919
750   554519
751   556120
752   557722
753   559325
754   560929
755   562535
756   564141
757   565749
758   567357
759   568967
760   570577
761   572189
762   573801
763   575415
764   577030
765   578646
766   580262
767   581880
768   583499
769   585119
770   586740
771   588362
772   589985
773   591609
774   593234
775   594860
776   596487
777   598115
778   599744
779   601374
780   603005
781   604637
782   606270
783   607903
784   609538
785   611174
786   612811
787   614449
788   616088
789   617728
790   619368
791   621010
792   622653
793   624296
794   625941
795   627587
796   629233
797   630881
798   632529
799   634178
800   635829
801   637480
802   639132
803   640785
804   642439
805   644094
806   645750
807   647407
808   649065
809   650724
810   652383
811   654044
812   655705
813   657367
814   659031
815   660695
816   662360
817   664026
818   665693
819   667361
820   669029
821   670699
822   672369
823   674041
824   675713
825   677386
826   679060
827   680735
828   682411
829   684087
830   685765
831   687443
832   689122
833   690803
834   692484
835   694165
836   695848
837   697532
838   699216
839   700901
840   702587
841   704274
842   705962
843   707651
844   709340
845   711031
846   712722
847   714414
848   716107
849   717800
850   719495
851   721190
852   722887
853   724584
854   726281
855   727980
856   729679
857   731380
858   733081
859   734783
860   736485
861   738189
862   739893
863   741598
864   743304
865   745011
866   746719
867   748427
868   750136
869   751846
870   753557
871   755268
872   756980
873   758694
874   760407
875   762122
876   763837
877   765554
878   767271
879   768988
880   770707
881   772426
882   774146
883   775867
884   777588
885   779311
886   781034
887   782758
888   784482
889   786208
890   787934
891   789661
892   791388
893   793117
894   794846
895   796576
896   798306
897   800037
898   801770
899   803502
900   805236
901   806970
902   808705
903   810441
904   812177
905   813915
906   815652
907   817391
908   819130
909   820870
910   822611
911   824353
912   826095
913   827838
914   829582
915   831326
916   833071
917   834817
918   836563
919   838310
920   840058
921   841807
922   843556
923   845306
924   847057
925   848808
926   850560
927   852313
928   854066
929   855820
930   857575
931   859331
932   861087
933   862844
934   864601
935   866359
936   868118
937   869878
938   871638
939   873399
940   875160
941   876923
942   878685
943   880449
944   882213
945   883978
946   885744
947   887510
948   889277
949   891044
950   892812
951   894581
952   896350
953   898121
954   899891
955   901663
956   903435
957   905207
958   906981
959   908755
960   910529
961   912305
962   914080
963   915857
964   917634
965   919412
966   921190
967   922969
968   924749
969   926529
970   928310
971   930092
972   931874
973   933657
974   935440
975   937224
976   939009
977   940794
978   942580
979   944366
980   946153
981   947941
982   949729
983   951518
984   953308
985   955098
986   956888
987   958680
988   960472
989   962264
990   964057
991   965851
992   967645
993   969440
994   971236
995   973032
996   974828
997   976626
998   978424
999   980222
1000  982021
1001  983821
1002  985621
1003  987421
1004  989223
1005  991025
1006  992827
1007  994630
1008  996434
1009  998238
1010  1.00004e+06
1011  1.00185e+06
1012  1.00365e+06
1013  1.00546e+06
1014  1.00727e+06
1015  1.00908e+06
1016  1.01088e+06
1017  1.01269e+06
1018  1.0145e+06
1019  1.01631e+06
1020  1.01812e+06
1021  1.01993e+06
1022  1.02174e+06
1023  1.02356e+06
1024  1.02537e+06
1025  1.02718e+06
1026  1.029e+06
1027  1.03081e+06
1028  1.03263e+06
1029  1.03444e+06
1030  1.03626e+06
1031  1.03807e+06
1032  1.03989e+06
1033  1.04171e+06
1034  1.04353e+06
1035  1.04534e+06
1036  1.04716e+06
1037  1.04898e+06
1038  1.0508e+06
1039  1.05263e+06
1040  1.05445e+06
1041  1.05627e+06
1042  1.05809e+06
1043  1.05991e+06
1044  1.06174e+06
1045  1.06356e+06
1046  1.06539e+06
1047  1.06721e+06
1048  1.06904e+06
1049  1.07086e+06
1050  1.07269e+06
1051  1.07452e+06
1052  1.07634e+06
1053  1.07817e+06
1054  1.08e+06
1055  1.08183e+06
1056  1.08366e+06
1057  1.08549e+06
1058  1.08732e+06
1059  1.08915e+06
1060  1.09099e+06
1061  1.09282e+06
1062  1.09465e+06
1063  1.09648e+06
1064  1.09832e+06
1065  1.10015e+06
1066  1.10199e+06
1067  1.10382e+06
1068  1.10566e+06
1069  1.1075e+06
1070  1.10933e+06
1071  1.11117e+06
1072  1.11301e+06
1073  1.11485e+06
1074  1.11669e+06
1075  1.11852e+06
1076  1.12036e+06
1077  1.12221e+06
1078  1.12405e+06
1079  1.12589e+06
1080  1.12773e+06
1081  1.12957e+06
1082  1.13141e+06
1083  1.13326e+06
1084  1.1351e+06
1085  1.13695e+06
1086  1.13879e+06
1087  1.14064e+06
1088  1.14248e+06
1089  1.14433e+06
1090  1.14618e+06
1091  1.14802e+06
1092  1.14987e+06
1093  1.15172e+06
1094  1.15357e+06
1095  1.15542e+06
1096  1.15727e+06
1097  1.15912e+06
1098  1.16097e+06
1099  1.16282e+06
1100  1.16467e+06
1101  1.16652e+06
1102  1.16838e+06
1103  1.17023e+06
1104  1.17208e+06
1105  1.17394e+06
1106  1.17579e+06
1107  1.17765e+06
1108  1.1795e+06
1109  1.18136e+06
1110  1.18321e+06
1111  1.18507e+06
1112  1.18693e+06
1113  1.18879e+06
1114  1.19064e+06
1115  1.1925e+06
1116  1.19436e+06
1117  1.19622e+06
1118  1.19808e+06
1119  1.19994e+06
1120  1.2018e+06
1121  1.20366e+06
1122  1.20553e+06
1123  1.20739e+06
1124  1.20925e+06
1125  1.21111e+06
1126  1.21298e+06
1127  1.21484e+06
1128  1.21671e+06
1129  1.21857e+06
1130  1.22044e+06
1131  1.2223e+06
1132  1.22417e+06
1133  1.22604e+06
1134  1.2279e+06
1135  1.22977e+06
1136  1.23164e+06
1137  1.23351e+06
1138  1.23538e+06
1139  1.23725e+06
1140  1.23912e+06
1141  1.24099e+06
1142  1.24286e+06
1143  1.24473e+06
1144  1.2466e+06
1145  1.24847e+06
1146  1.25035e+06
1147  1.25222e+06
1148  1.25409e+06
1149  1.25597e+06
1150  1.25784e+06
1151  1.25971e+06
1152  1.26159e+06
1153  1.26347e+06
1154  1.26534e+06
1155  1.26722e+06
1156  1.26909e+06
1157  1.27097e+06
1158  1.27285e+06
1159  1.27473e+06
1160  1.27661e+06
1161  1.27849e+06
1162  1.28036e+06
1163  1.28224e+06
1164  1.28412e+06
1165  1.28601e+06
1166  1.28789e+06
1167  1.28977e+06
1168  1.29165e+06
1169  1.29353e+06
1170  1.29541e+06
1171  1.2973e+06
1172  1.29918e+06
1173  1.30107e+06
1174  1.30295e+06
1175  1.30483e+06
1176  1.30672e+06
1177  1.30861e+06
1178  1.31049e+06
1179  1.31238e+06
1180  1.31427e+06
1181  1.31615e+06
1182  1.31804e+06
1183  1.31993e+06
1184  1.32182e+06
1185  1.32371e+06
1186  1.3256e+06
1187  1.32748e+06
1188  1.32937e+06
1189  1.33127e+06
1190  1.33316e+06
1191  1.33505e+06
1192  1.33694e+06
1193  1.33883e+06
1194  1.34072e+06
1195  1.34262e+06
1196  1.34451e+06
1197  1.3464e+06
1198  1.3483e+06
1199  1.35019e+06
1200  1.35209e+06
1201  1.35398e+06
1202  1.35588e+06
1203  1.35777e+06
1204  1.35967e+06
1205  1.36157e+06
1206  1.36347e+06
1207  1.36536e+06
1208  1.36726e+06
1209  1.36916e+06
1210  1.37106e+06
1211  1.37296e+06
1212  1.37486e+06
1213  1.37676e+06
1214  1.37866e+06
1215  1.38056e+06
1216  1.38246e+06
1217  1.38436e+06
1218  1.38626e+06
1219  1.38817e+06
1220  1.39007e+06
1221  1.39197e+06
1222  1.39387e+06
1223  1.39578e+06
1224  1.39768e+06
1225  1.39959e+06
1226  1.40149e+06
1227  1.4034e+06
1228  1.4053e+06
1229  1.40721e+06
1230  1.40912e+06
1231  1.41102e+06
1232  1.41293e+06
1233  1.41484e+06
1234  1.41675e+06
1235  1.41865e+06
1236  1.42056e+06
1237  1.42247e+06
1238  1.42438e+06
1239  1.42629e+06
1240  1.4282e+06
1241  1.43011e+06
1242  1.43202e+06
1243  1.43393e+06
1244  1.43585e+06
1245  1.43776e+06
1246  1.43967e+06
1247  1.44158e+06
1248  1.4435e+06
1249  1.44541e+06
1250  1.44732e+06
1251  1.44924e+06
1252  1.45115e+06
1253  1.45307e+06
1254  1.45498e+06
1255  1.4569e+06
1256  1.45881e+06
1257  1.46073e+06
1258  1.46265e+06
1259  1.46456e+06
1260  1.46648e+06
1261  1.4684e+06
1262  1.47032e+06
1263  1.47224e+06
1264  1.47415e+06
1265  1.47607e+06
1266  1.47799e+06
1267  1.47991e+06
1268  1.48183e+06
1269  1.48375e+06
1270  1.48567e+06
1271  1.4876e+06
1272  1.48952e+06
1273  1.49144e+06
1274  1.49336e+06
1275  1.49528e+06
1276  1.49721e+06
1277  1.49913e+06
1278  1.50105e+06
1279  1.50298e+06
1280  1.5049e+06
1281  1.50683e+06
1282  1.50875e+06
1283  1.51068e+06
1284  1.5126e+06
1285  1.51453e+06
1286  1.51646e+06
1287  1.51838e+06
1288  1.52031e+06
1289  1.52224e+06
1290  1.52417e+06
1291  1.52609e+06
1292  1.52802e+06
1293  1.52995e+06
1294  1.53188e+06
1295  1.53381e+06
1296  1.53574e+06
1297  1.53767e+06
1298  1.5396e+06
1299  1.54153e+06
1300  1.54346e+06
1301  1.5454e+06
1302  1.54733e+06
1303  1.54926e+06
1304  1.55119e+06
1305  1.55313e+06
1306  1.55506e+06
1307  1.55699e+06
1308  1.55893e+06
1309  1.56086e+06
1310  1.56279e+06
1311  1.56473e+06
1312  1.56666e+06
1313  1.5686e+06
1314  1.57054e+06
1315  1.57247e+06
1316  1.57441e+06
1317  1.57635e+06
1318  1.57828e+06
1319  1.58022e+06
1320  1.58216e+06
1321  1.5841e+06
1322  1.58604e+06
1323  1.58797e+06
1324  1.58991e+06
1325  1.59185e+06
1326  1.59379e+06
1327  1.59573e+06
1328  1.59767e+06
1329  1.59961e+06
1330  1.60155e+06
1331  1.6035e+06
1332  1.60544e+06
1333  1.60738e+06
1334  1.60932e+06
1335  1.61126e+06
1336  1.61321e+06
1337  1.61515e+06
1338  1.61709e+06
1339  1.61904e+06
1340  1.62098e+06
1341  1.62293e+06
1342  1.62487e+06
1343  1.62682e+06
1344  1.62876e+06
1345  1.63071e+06
1346  1.63266e+06
1347  1.6346e+06
1348  1.63655e+06
1349  1.6385e+06
1350  1.64044e+06
1351  1.64239e+06
1352  1.64434e+06
1353  1.64629e+06
1354  1.64824e+06
1355  1.65018e+06
1356  1.65213e+06
1357  1.65408e+06
1358  1.65603e+06
1359  1.65798e+06
1360  1.65993e+06
1361  1.66188e+06
1362  1.66384e+06
1363  1.66579e+06
1364  1.66774e+06
1365  1.66969e+06
1366  1.67164e+06
1367  1.6736e+06
1368  1.67555e+06
1369  1.6775e+06
1370  1.67945e+06
1371  1.68141e+06
1372  1.68336e+06
1373  1.68532e+06
1374  1.68727e+06
1375  1.68923e+06
1376  1.69118e+06
1377  1.69314e+06
1378  1.69509e+06
1379  1.69705e+06
1380  1.69901e+06
1381  1.70096e+06
1382  1.70292e+06
1383  1.70488e+06
1384  1.70684e+06
1385  1.70879e+06
1386  1.71075e+06
1387  1.71271e+06
1388  1.71467e+06
1389  1.71663e+06
1390  1.71859e+06
1391  1.72055e+06
1392  1.72251e+06
1393  1.72447e+06
1394  1.72643e+06
1395  1.72839e+06
1396  1.73035e+06
1397  1.73231e+06
1398  1.73427e+06
1399  1.73624e+06
1400  1.7382e+06
1401  1.74016e+06
1402  1.74212e+06
1403  1.74409e+06
1404  1.74605e+06
1405  1.74801e+06
1406  1.74998e+06
1407  1.75194e+06
1408  1.75391e+06
1409  1.75587e+06
1410  1.75784e+06
1411  1.7598e+06
1412  1.76177e+06
1413  1.76373e+06
1414  1.7657e+06
1415  1.76767e+06
1416  1.76963e+06
1417  1.7716e+06
1418  1.77357e+06
1419  1.77554e+06
1420  1.77751e+06
1421  1.77947e+06
1422  1.78144e+06
1423  1.78341e+06
1424  1.78538e+06
1425  1.78735e+06
1426  1.78932e+06
1427  1.79129e+06
1428  1.79326e+06
1429  1.79523e+06
1430  1.7972e+06
1431  1.79917e+06
1432  1.80114e+06
1433  1.80312e+06
1434  1.80509e+06
1435  1.80706e+06
1436  1.80903e+06
1437  1.81101e+06
1438  1.81298e+06
1439  1.81495e+06
1440  1.81693e+06
1441  1.8189e+06
1442  1.82087e+06
1443  1.82285e+06
1444  1.82482e+06
1445  1.8268e+06
1446  1.82877e+06
1447  1.83075e+06
1448  1.83272e+06
1449  1.8347e+06
1450  1.83668e+06
1451  1.83865e+06
1452  1.84063e+06
1453  1.84261e+06
1454  1.84459e+06
1455  1.84656e+06
1456  1.84854e+06
1457  1.85052e+06
1458  1.8525e+06
1459  1.85448e+06
1460  1.85646e+06
1461  1.85843e+06
1462  1.86041e+06
1463  1.86239e+06
1464  1.86437e+06
1465  1.86635e+06
1466  1.86834e+06
1467  1.87032e+06
1468  1.8723e+06
1469  1.87428e+06
1470  1.87626e+06
1471  1.87824e+06
1472  1.88022e+06
1473  1.88221e+06
1474  1.88419e+06
1475  1.88617e+06
1476  1.88816e+06
1477  1.89014e+06
1478  1.89212e+06
1479  1.89411e+06
1480  1.89609e+06
1481  1.89808e+06
1482  1.90006e+06
1483  1.90205e+06
1484  1.90403e+06
1485  1.90602e+06
1486  1.908e+06
1487  1.90999e+06
1488  1.91198e+06
1489  1.91396e+06
1490  1.91595e+06
1491  1.91794e+06
1492  1.91992e+06
1493  1.92191e+06
1494  1.9239e+06
1495  1.92589e+06
1496  1.92788e+06
1497  1.92986e+06
1498  1.93185e+06
1499  1.93384e+06
1500  1.93583e+06
1501  1.93782e+06
1502  1.93981e+06
1503  1.9418e+06
1504  1.94379e+06
1505  1.94578e+06
1506  1.94777e+06
1507  1.94977e+06
1508  1.95176e+06
1509  1.95375e+06
1510  1.95574e+06
1511  1.95773e+06
1512  1.95973e+06
1513  1.96172e+06
1514  1.96371e+06
1515  1.9657e+06
1516  1.9677e+06
1517  1.96969e+06
1518  1.97169e+06
1519  1.97368e+06
1520  1.97567e+06
1521  1.97767e+06
1522  1.97966e+06
1523  1.98166e+06
1524  1.98366e+06
1525  1.98565e+06
1526  1.98765e+06
1527  1.98964e+06
1528  1.99164e+06
1529  1.99364e+06
1530  1.99563e+06
1531  1.99763e+06
1532  1.99963e+06
1533  2.00163e+06
1534  2.00362e+06
1535  2.00562e+06
1536  2.00762e+06
1537  2.00962e+06
1538  2.01162e+06
1539  2.01362e+06
1540  2.01562e+06
1541  2.01762e+06
1542  2.01962e+06
1543  2.02162e+06
1544  2.02362e+06
1545  2.02562e+06
1546  2.02762e+06
1547  2.02962e+06
1548  2.03162e+06
1549  2.03362e+06
1550  2.03562e+06
1551  2.03763e+06
1552  2.03963e+06
1553  2.04163e+06
1554  2.04363e+06
1555  2.04564e+06
1556  2.04764e+06
1557  2.04964e+06
1558  2.05165e+06
1559  2.05365e+06
1560  2.05565e+06
1561  2.05766e+06
1562  2.05966e+06
1563  2.06167e+06
1564  2.06367e+06
1565  2.06568e+06
1566  2.06768e+06
1567  2.06969e+06
1568  2.0717e+06
1569  2.0737e+06
1570  2.07571e+06
1571  2.07772e+06
1572  2.07972e+06
1573  2.08173e+06
1574  2.08374e+06
1575  2.08575e+06
1576  2.08775e+06
1577  2.08976e+06
1578  2.09177e+06
1579  2.09378e+06
1580  2.09579e+06
1581  2.0978e+06
1582  2.09981e+06
1583  2.10182e+06
1584  2.10383e+06
1585  2.10584e+06
1586  2.10785e+06
1587  2.10986e+06
1588  2.11187e+06
1589  2.11388e+06
1590  2.11589e+06
1591  2.1179e+06
1592  2.11991e+06
1593  2.12192e+06
1594  2.12394e+06
1595  2.12595e+06
1596  2.12796e+06
1597  2.12997e+06
1598  2.13199e+06
1599  2.134e+06
1600  2.13601e+06
1601  2.13803e+06
1602  2.14004e+06
1603  2.14206e+06
1604  2.14407e+06
1605  2.14608e+06
1606  2.1481e+06
1607  2.15011e+06
1608  2.15213e+06
1609  2.15414e+06
1610  2.15616e+06
1611  2.15818e+06
1612  2.16019e+06
1613  2.16221e+06
1614  2.16423e+06
1615  2.16624e+06
1616  2.16826e+06
1617  2.17028e+06
1618  2.17229e+06
1619  2.17431e+06
1620  2.17633e+06
1621  2.17835e+06
1622  2.18037e+06
1623  2.18238e+06
1624  2.1844e+06
1625  2.18642e+06
1626  2.18844e+06
1627  2.19046e+06
1628  2.19248e+06
1629  2.1945e+06
1630  2.19652e+06
1631  2.19854e+06
1632  2.20056e+06
1633  2.20258e+06
1634  2.2046e+06
1635  2.20662e+06
1636  2.20865e+06
1637  2.21067e+06
1638  2.21269e+06
1639  2.21471e+06
1640  2.21673e+06
1641  2.21876e+06
1642  2.22078e+06
1643  2.2228e+06
1644  2.22483e+06
1645  2.22685e+06
1646  2.22887e+06
1647  2.2309e+06
1648  2.23292e+06
1649  2.23494e+06
1650  2.23697e+06
1651  2.23899e+06
1652  2.24102e+06
1653  2.24304e+06
1654  2.24507e+06
1655  2.24709e+06
1656  2.24912e+06
1657  2.25115e+06
1658  2.25317e+06
1659  2.2552e+06
1660  2.25723e+06
1661  2.25925e+06
1662  2.26128e+06
1663  2.26331e+06
1664  2.26533e+06
1665  2.26736e+06
1666  2.26939e+06
1667  2.27142e+06
1668  2.27345e+06
1669  2.27547e+06
1670  2.2775e+06
1671  2.27953e+06
1672  2.28156e+06
1673  2.28359e+06
1674  2.28562e+06
1675  2.28765e+06
1676  2.28968e+06
1677  2.29171e+06
1678  2.29374e+06
1679  2.29577e+06
1680  2.2978e+06
1681  2.29983e+06
1682  2.30186e+06
1683  2.3039e+06
1684  2.30593e+06
1685  2.30796e+06
1686  2.30999e+06
1687  2.31202e+06
1688  2.31406e+06
1689  2.31609e+06
1690  2.31812e+06
1691  2.32015e+06
1692  2.32219e+06
1693  2.32422e+06
1694  2.32625e+06
1695  2.32829e+06
1696  2.33032e+06
1697  2.33236e+06
1698  2.33439e+06
1699  2.33643e+06
1700  2.33846e+06
1701  2.3405e+06
1702  2.34253e+06
1703  2.34457e+06
1704  2.3466e+06
1705  2.34864e+06
1706  2.35067e+06
1707  2.35271e+06
1708  2.35475e+06
1709  2.35678e+06
1710  2.35882e+06
1711  2.36086e+06
1712  2.3629e+06
1713  2.36493e+06
1714  2.36697e+06
1715  2.36901e+06
1716  2.37105e+06
1717  2.37309e+06
1718  2.37512e+06
1719  2.37716e+06
1720  2.3792e+06
1721  2.38124e+06
1722  2.38328e+06
1723  2.38532e+06
1724  2.38736e+06
1725  2.3894e+06
1726  2.39144e+06
1727  2.39348e+06
1728  2.39552e+06
1729  2.39756e+06
1730  2.3996e+06
1731  2.40164e+06
1732  2.40368e+06
1733  2.40573e+06
1734  2.40777e+06
1735  2.40981e+06
1736  2.41185e+06
1737  2.41389e+06
1738  2.41594e+06
1739  2.41798e+06
1740  2.42002e+06
1741  2.42207e+06
1742  2.42411e+06
1743  2.42615e+06
1744  2.4282e+06
1745  2.43024e+06
1746  2.43228e+06
1747  2.43433e+06
1748  2.43637e+06
1749  2.43842e+06
1750  2.44046e+06
1751  2.44251e+06
1752  2.44455e+06
1753  2.4466e+06
1754  2.44864e+06
1755  2.45069e+06
1756  2.45274e+06
1757  2.45478e+06
1758  2.45683e+06
1759  2.45888e+06
1760  2.46092e+06
1761  2.46297e+06
1762  2.46502e+06
1763  2.46706e+06
1764  2.46911e+06
1765  2.47116e+06
1766  2.47321e+06
1767  2.47525e+06
1768  2.4773e+06
1769  2.47935e+06
1770  2.4814e+06
1771  2.48345e+06
1772  2.4855e+06
1773  2.48755e+06
1774  2.4896e+06
1775  2.49165e+06
1776  2.4937e+06
1777  2.49575e+06
1778  2.4978e+06
1779  2.49985e+06
1780  2.5019e+06
1781  2.50395e+06
1782  2.506e+06
1783  2.50805e+06
1784  2.5101e+06
1785  2.51215e+06
1786  2.51421e+06
1787  2.51626e+06
1788  2.51831e+06
1789  2.52036e+06
1790  2.52241e+06
1791  2.52447e+06
1792  2.52652e+06
1793  2.52857e+06
1794  2.53063e+06
1795  2.53268e+06
1796  2.53473e+06
1797  2.53679e+06
1798  2.53884e+06
1799  2.5409e+06
1800  2.54295e+06
1801  2.545e+06
1802  2.54706e+06
1803  2.54911e+06
1804  2.55117e+06
1805  2.55322e+06
1806  2.55528e+06
1807  2.55734e+06
1808  2.55939e+06
1809  2.56145e+06
1810  2.5635e+06
1811  2.56556e+06
1812  2.56762e+06
1813  2.56967e+06
1814  2.57173e+06
1815  2.57379e+06
1816  2.57585e+06
1817  2.5779e+06
1818  2.57996e+06
1819  2.58202e+06
1820  2.58408e+06
1821  2.58613e+06
1822  2.58819e+06
1823  2.59025e+06
1824  2.59231e+06
1825  2.59437e+06
1826  2.59643e+06
1827  2.59849e+06
1828  2.60055e+06
1829  2.60261e+06
1830  2.60467e+06
1831  2.60673e+06
1832  2.60879e+06
1833  2.61085e+06
1834  2.61291e+06
1835  2.61497e+06
1836  2.61703e+06
1837  2.61909e+06
1838  2.62115e+06
1839  2.62321e+06
1840  2.62528e+06
1841  2.62734e+06
1842  2.6294e+06
1843  2.63146e+06
1844  2.63352e+06
1845  2.63559e+06
1846  2.63765e+06
1847  2.63971e+06
1848  2.64178e+06
1849  2.64384e+06
1850  2.6459e+06
1851  2.64797e+06
1852  2.65003e+06
1853  2.65209e+06
1854  2.65416e+06
1855  2.65622e+06
1856  2.65829e+06
1857  2.66035e+06
1858  2.66242e+06
1859  2.66448e+06
1860  2.66655e+06
1861  2.66861e+06
1862  2.67068e+06
1863  2.67274e+06
1864  2.67481e+06
1865  2.67688e+06
1866  2.67894e+06
1867  2.68101e+06
1868  2.68308e+06
1869  2.68514e+06
1870  2.68721e+06
1871  2.68928e+06
1872  2.69134e+06
1873  2.69341e+06
1874  2.69548e+06
1875  2.69755e+06
1876  2.69962e+06
1877  2.70168e+06
1878  2.70375e+06
1879  2.70582e+06
1880  2.70789e+06
1881  2.70996e+06
1882  2.71203e+06
1883  2.7141e+06
1884  2.71617e+06
1885  2.71824e+06
1886  2.72031e+06
1887  2.72238e+06
1888  2.72445e+06
1889  2.72652e+06
1890  2.72859e+06
1891  2.73066e+06
1892  2.73273e+06
1893  2.7348e+06
1894  2.73687e+06
1895  2.73894e+06
1896  2.74101e+06
1897  2.74308e+06
1898  2.74516e+06
1899  2.74723e+06
1900  2.7493e+06
1901  2.75137e+06
1902  2.75345e+06
1903  2.75552e+06
1904  2.75759e+06
1905  2.75966e+06
1906  2.76174e+06
1907  2.76381e+06
1908  2.76588e+06
1909  2.76796e+06
1910  2.77003e+06
1911  2.77211e+06
1912  2.77418e+06
1913  2.77626e+06
1914  2.77833e+06
1915  2.7804e+06
1916  2.78248e+06
1917  2.78455e+06
1918  2.78663e+06
1919  2.78871e+06
1920  2.79078e+06
1921  2.79286e+06
1922  2.79493e+06
1923  2.79701e+06
1924  2.79909e+06
1925  2.80116e+06
1926  2.80324e+06
1927  2.80531e+06
1928  2.80739e+06
1929  2.80947e+06
1930  2.81155e+06
1931  2.81362e+06
1932  2.8157e+06
1933  2.81778e+06
1934  2.81986e+06
1935  2.82194e+06
1936  2.82401e+06
1937  2.82609e+06
1938  2.82817e+06
1939  2.83025e+06
1940  2.83233e+06
1941  2.83441e+06
1942  2.83649e+06
1943  2.83857e+06
1944  2.84065e+06
1945  2.84273e+06
1946  2.84481e+06
1947  2.84689e+06
1948  2.84897e+06
1949  2.85105e+06
1950  2.85313e+06
1951  2.85521e+06
1952  2.85729e+06
1953  2.85937e+06
1954  2.86145e+06
1955  2.86353e+06
1956  2.86561e+06
1957  2.8677e+06
1958  2.86978e+06
1959  2.87186e+06
1960  2.87394e+06
1961  2.87603e+06
1962  2.87811e+06
1963  2.88019e+06
1964  2.88227e+06
1965  2.88436e+06
1966  2.88644e+06
1967  2.88852e+06
1968  2.89061e+06
1969  2.89269e+06
1970  2.89477e+06
1971  2.89686e+06
1972  2.89894e+06
1973  2.90103e+06
1974  2.90311e+06
1975  2.9052e+06
1976  2.90728e+06
1977  2.90937e+06
1978  2.91145e+06
1979  2.91354e+06
1980  2.91562e+06
1981  2.91771e+06
1982  2.91979e+06
1983  2.92188e+06
1984  2.92397e+06
1985  2.92605e+06
1986  2.92814e+06
1987  2.93023e+06
1988  2.93231e+06
1989  2.9344e+06
1990  2.93649e+06
1991  2.93857e+06
1992  2.94066e+06
1993  2.94275e+06
1994  2.94484e+06
1995  2.94692e+06
1996  2.94901e+06
1997  2.9511e+06
1998  2.95319e+06
1999  2.95528e+06
2000  2.95737e+06
2001  2.95946e+06
2002  2.96155e+06
2003  2.96363e+06
2004  2.96572e+06
2005  2.96781e+06
2006  2.9699e+06
2007  2.97199e+06
2008  2.97408e+06
2009  2.97617e+06
2010  2.97826e+06
2011  2.98035e+06
2012  2.98244e+06
2013  2.98454e+06
2014  2.98663e+06
2015  2.98872e+06
2016  2.99081e+06
2017  2.9929e+06
2018  2.99499e+06
2019  2.99708e+06
2020  2.99918e+06
2021  3.00127e+06
2022  3.00336e+06
2023  3.00545e+06
2024  3.00754e+06
2025  3.00964e+06
2026  3.01173e+06
2027  3.01382e+06
2028  3.01592e+06
2029  3.01801e+06
2030  3.0201e+06
2031  3.0222e+06
2032  3.02429e+06
2033  3.02638e+06
2034  3.02848e+06
2035  3.03057e+06
2036  3.03267e+06
2037  3.03476e+06
2038  3.03686e+06
2039  3.03895e+06
2040  3.04105e+06
2041  3.04314e+06
2042  3.04524e+06
2043  3.04733e+06
2044  3.04943e+06
2045  3.05152e+06
2046  3.05362e+06
2047  3.05572e+06
2048  3.05781e+06
2049  3.05991e+06
2050  3.06201e+06
2051  3.0641e+06
2052  3.0662e+06
2053  3.0683e+06
2054  3.07039e+06
2055  3.07249e+06
2056  3.07459e+06
2057  3.07669e+06
2058  3.07878e+06
2059  3.08088e+06
2060  3.08298e+06
2061  3.08508e+06
2062  3.08718e+06
2063  3.08928e+06
2064  3.09137e+06
2065  3.09347e+06
2066  3.09557e+06
2067  3.09767e+06
2068  3.09977e+06
2069  3.10187e+06
2070  3.10397e+06
2071  3.10607e+06
2072  3.10817e+06
2073  3.11027e+06
2074  3.11237e+06
2075  3.11447e+06
2076  3.11657e+06
2077  3.11867e+06
2078  3.12077e+06
2079  3.12287e+06
2080  3.12498e+06
2081  3.12708e+06
2082  3.12918e+06
2083  3.13128e+06
2084  3.13338e+06
2085  3.13548e+06
2086  3.13759e+06
2087  3.13969e+06
2088  3.14179e+06
2089  3.14389e+06
2090  3.146e+06
2091  3.1481e+06
2092  3.1502e+06
2093  3.1523e+06
2094  3.15441e+06
2095  3.15651e+06
2096  3.15862e+06
2097  3.16072e+06
2098  3.16282e+06
2099  3.16493e+06
2100  3.16703e+06
2101  3.16914e+06
2102  3.17124e+06
2103  3.17334e+06
2104  3.17545e+06
2105  3.17755e+06
2106  3.17966e+06
2107  3.18176e+06
2108  3.18387e+06
2109  3.18598e+06
2110  3.18808e+06
2111  3.19019e+06
2112  3.19229e+06
2113  3.1944e+06
2114  3.19651e+06
2115  3.19861e+06
2116  3.20072e+06
2117  3.20283e+06
2118  3.20493e+06
2119  3.20704e+06
2120  3.20915e+06
2121  3.21125e+06
2122  3.21336e+06
2123  3.21547e+06
2124  3.21758e+06
2125  3.21968e+06
2126  3.22179e+06
2127  3.2239e+06
2128  3.22601e+06
2129  3.22812e+06
2130  3.23023e+06
2131  3.23234e+06
2132  3.23444e+06
2133  3.23655e+06
2134  3.23866e+06
2135  3.24077e+06
2136  3.24288e+06
2137  3.24499e+06
2138  3.2471e+06
2139  3.24921e+06
2140  3.25132e+06
2141  3.25343e+06
2142  3.25554e+06
2143  3.25765e+06
2144  3.25976e+06
2145  3.26187e+06
2146  3.26398e+06
2147  3.2661e+06
2148  3.26821e+06
2149  3.27032e+06
2150  3.27243e+06
2151  3.27454e+06
2152  3.27665e+06
2153  3.27877e+06
2154  3.28088e+06
2155  3.28299e+06
2156  3.2851e+06
2157  3.28722e+06
2158  3.28933e+06
2159  3.29144e+06
2160  3.29355e+06
2161  3.29567e+06
2162  3.29778e+06
2163  3.29989e+06
2164  3.30201e+06
2165  3.30412e+06
2166  3.30624e+06
2167  3.30835e+06
2168  3.31046e+06
2169  3.31258e+06
2170  3.31469e+06
2171  3.31681e+06
2172  3.31892e+06
2173  3.32104e+06
2174  3.32315e+06
2175  3.32527e+06
2176  3.32738e+06
2177  3.3295e+06
2178  3.33161e+06
2179  3.33373e+06
2180  3.33585e+06
2181  3.33796e+06
2182  3.34008e+06
2183  3.34219e+06
2184  3.34431e+06
2185  3.34643e+06
2186  3.34854e+06
2187  3.35066e+06
2188  3.35278e+06
2189  3.35489e+06
2190  3.35701e+06
2191  3.35913e+06
2192  3.36125e+06
2193  3.36336e+06
2194  3.36548e+06
2195  3.3676e+06
2196  3.36972e+06
2197  3.37184e+06
2198  3.37396e+06
2199  3.37607e+06
2200  3.37819e+06
2201  3.38031e+06
2202  3.38243e+06
2203  3.38455e+06
2204  3.38667e+06
2205  3.38879e+06
2206  3.39091e+06
2207  3.39303e+06
2208  3.39515e+06
2209  3.39727e+06
2210  3.39939e+06
2211  3.40151e+06
2212  3.40363e+06
2213  3.40575e+06
2214  3.40787e+06
2215  3.40999e+06
2216  3.41211e+06
2217  3.41423e+06
2218  3.41636e+06
2219  3.41848e+06
2220  3.4206e+06
2221  3.42272e+06
2222  3.42484e+06
2223  3.42696e+06
2224  3.42909e+06
2225  3.43121e+06
2226  3.43333e+06
2227  3.43545e+06
2228  3.43758e+06
2229  3.4397e+06
2230  3.44182e+06
2231  3.44394e+06
2232  3.44607e+06
2233  3.44819e+06
2234  3.45031e+06
2235  3.45244e+06
2236  3.45456e+06
2237  3.45669e+06
2238  3.45881e+06
2239  3.46093e+06
2240  3.46306e+06
2241  3.46518e+06
2242  3.46731e+06
2243  3.46943e+06
2244  3.47156e+06
2245  3.47368e+06
2246  3.47581e+06
2247  3.47793e+06
2248  3.48006e+06
2249  3.48218e+06
2250  3.48431e+06
2251  3.48644e+06
2252  3.48856e+06
2253  3.49069e+06
2254  3.49281e+06
2255  3.49494e+06
2256  3.49707e+06
2257  3.49919e+06
2258  3.50132e+06
2259  3.50345e+06
2260  3.50558e+06
2261  3.5077e+06
2262  3.50983e+06
2263  3.51196e+06
2264  3.51409e+06
2265  3.51621e+06
2266  3.51834e+06
2267  3.52047e+06
2268  3.5226e+06
2269  3.52473e+06
2270  3.52685e+06
2271  3.52898e+06
2272  3.53111e+06
2273  3.53324e+06
2274  3.53537e+06
2275  3.5375e+06
2276  3.53963e+06
2277  3.54176e+06
2278  3.54389e+06
2279  3.54602e+06
2280  3.54815e+06
2281  3.55028e+06
2282  3.55241e+06
2283  3.55454e+06
2284  3.55667e+06
2285  3.5588e+06
2286  3.56093e+06
2287  3.56306e+06
2288  3.56519e+06
2289  3.56732e+06
2290  3.56945e+06
2291  3.57158e+06
2292  3.57372e+06
2293  3.57585e+06
2294  3.57798e+06
2295  3.58011e+06
2296  3.58224e+06
2297  3.58437e+06
2298  3.58651e+06
2299  3.58864e+06
2300  3.59077e+06
2301  3.5929e+06
2302  3.59504e+06
2303  3.59717e+06
2304  3.5993e+06
2305  3.60144e+06
2306  3.60357e+06
2307  3.6057e+06
2308  3.60784e+06
2309  3.60997e+06
2310  3.61211e+06
2311  3.61424e+06
2312  3.61637e+06
2313  3.61851e+06
2314  3.62064e+06
2315  3.62278e+06
2316  3.62491e+06
2317  3.62705e+06
2318  3.62918e+06
2319  3.63132e+06
2320  3.63345e+06
2321  3.63559e+06
2322  3.63772e+06
2323  3.63986e+06
2324  3.64199e+06
2325  3.64413e+06
2326  3.64627e+06
2327  3.6484e+06
2328  3.65054e+06
2329  3.65267e+06
2330  3.65481e+06
2331  3.65695e+06
2332  3.65908e+06
2333  3.66122e+06
2334  3.66336e+06
2335  3.6655e+06
2336  3.66763e+06
2337  3.66977e+06
2338  3.67191e+06
2339  3.67405e+06
2340  3.67618e+06
2341  3.67832e+06
2342  3.68046e+06
2343  3.6826e+06
2344  3.68474e+06
2345  3.68688e+06
2346  3.68901e+06
2347  3.69115e+06
2348  3.69329e+06
2349  3.69543e+06
2350  3.69757e+06
2351  3.69971e+06
2352  3.70185e+06
2353  3.70399e+06
2354  3.70613e+06
2355  3.70827e+06
2356  3.71041e+06
2357  3.71255e+06
2358  3.71469e+06
2359  3.71683e+06
2360  3.71897e+06
2361  3.72111e+06
2362  3.72325e+06
2363  3.72539e+06
2364  3.72753e+06
2365  3.72967e+06
2366  3.73182e+06
2367  3.73396e+06
2368  3.7361e+06
2369  3.73824e+06
2370  3.74038e+06
2371  3.74252e+06
2372  3.74467e+06
2373  3.74681e+06
2374  3.74895e+06
2375  3.75109e+06
2376  3.75324e+06
2377  3.75538e+06
2378  3.75752e+06
2379  3.75966e+06
2380  3.76181e+06
2381  3.76395e+06
2382  3.76609e+06
2383  3.76824e+06
2384  3.77038e+06
2385  3.77253e+06
2386  3.77467e+06
2387  3.77681e+06
2388  3.77896e+06
2389  3.7811e+06
2390  3.78325e+06
2391  3.78539e+06
2392  3.78754e+06
2393  3.78968e+06
2394  3.79183e+06
2395  3.79397e+06
2396  3.79612e+06
2397  3.79826e+06
2398  3.80041e+06
2399  3.80255e+06
2400  3.8047e+06
2401  3.80684e+06
2402  3.80899e+06
2403  3.81114e+06
2404  3.81328e+06
2405  3.81543e+06
2406  3.81757e+06
2407  3.81972e+06
2408  3.82187e+06
2409  3.82401e+06
2410  3.82616e+06
2411  3.82831e+06
2412  3.83046e+06
2413  3.8326e+06
2414  3.83475e+06
2415  3.8369e+06
2416  3.83905e+06
2417  3.84119e+06
2418  3.84334e+06
2419  3.84549e+06
2420  3.84764e+06
2421  3.84979e+06
2422  3.85194e+06
2423  3.85408e+06
2424  3.85623e+06
2425  3.85838e+06
2426  3.86053e+06
2427  3.86268e+06
2428  3.86483e+06
2429  3.86698e+06
2430  3.86913e+06
2431  3.87128e+06
2432  3.87343e+06
2433  3.87558e+06
2434  3.87773e+06
2435  3.87988e+06
2436  3.88203e+06
2437  3.88418e+06
2438  3.88633e+06
2439  3.88848e+06
2440  3.89063e+06
2441  3.89278e+06
2442  3.89493e+06
2443  3.89708e+06
2444  3.89924e+06
2445  3.90139e+06
2446  3.90354e+06
2447  3.90569e+06
2448  3.90784e+06
2449  3.90999e+06
2450  3.91215e+06
2451  3.9143e+06
2452  3.91645e+06
2453  3.9186e+06
2454  3.92076e+06
2455  3.92291e+06
2456  3.92506e+06
2457  3.92721e+06
2458  3.92937e+06
2459  3.93152e+06
2460  3.93367e+06
2461  3.93583e+06
2462  3.93798e+06
2463  3.94013e+06
2464  3.94229e+06
2465  3.94444e+06
2466  3.9466e+06
2467  3.94875e+06
2468  3.9509e+06
2469  3.95306e+06
2470  3.95521e+06
2471  3.95737e+06
2472  3.95952e+06
2473  3.96168e+06
2474  3.96383e+06
2475  3.96599e+06
2476  3.96814e+06
2477  3.9703e+06
2478  3.97246e+06
2479  3.97461e+06
2480  3.97677e+06
2481  3.97892e+06
2482  3.98108e+06
2483  3.98323e+06
2484  3.98539e+06
2485  3.98755e+06
2486  3.9897e+06
2487  3.99186e+06
2488  3.99402e+06
2489  3.99617e+06
2490  3.99833e+06
2491  4.00049e+06
2492  4.00265e+06
2493  4.0048e+06
2494  4.00696e+06
2495  4.00912e+06
2496  4.01128e+06
2497  4.01343e+06
2498  4.01559e+06
2499  4.01775e+06
2500  4.01991e+06
2501  4.02207e+06
2502  4.02423e+06
2503  4.02639e+06
2504  4.02854e+06
2505  4.0307e+06
2506  4.03286e+06
2507  4.03502e+06
2508  4.03718e+06
2509  4.03934e+06
2510  4.0415e+06
2511  4.04366e+06
2512  4.04582e+06
2513  4.04798e+06
2514  4.05014e+06
2515  4.0523e+06
2516  4.05446e+06
2517  4.05662e+06
2518  4.05878e+06
2519  4.06094e+06
2520  4.0631e+06
2521  4.06526e+06
2522  4.06742e+06
2523  4.06958e+06
2524  4.07175e+06
2525  4.07391e+06
2526  4.07607e+06
2527  4.07823e+06
2528  4.08039e+06
2529  4.08255e+06
2530  4.08472e+06
2531  4.08688e+06
2532  4.08904e+06
2533  4.0912e+06
2534  4.09337e+06
2535  4.09553e+06
2536  4.09769e+06
2537  4.09985e+06
2538  4.10202e+06
2539  4.10418e+06
2540  4.10634e+06
2541  4.10851e+06
2542  4.11067e+06
2543  4.11283e+06
2544  4.115e+06
2545  4.11716e+06
2546  4.11932e+06
2547  4.12149e+06
2548  4.12365e+06
2549  4.12582e+06
2550  4.12798e+06
2551  4.13015e+06
2552  4.13231e+06
2553  4.13448e+06
2554  4.13664e+06
2555  4.13881e+06
2556  4.14097e+06
2557  4.14314e+06
2558  4.1453e+06
2559  4.14747e+06
2560  4.14963e+06
2561  4.1518e+06
2562  4.15396e+06
2563  4.15613e+06
2564  4.1583e+06
2565  4.16046e+06
2566  4.16263e+06
2567  4.1648e+06
2568  4.16696e+06
2569  4.16913e+06
2570  4.1713e+06
2571  4.17346e+06
2572  4.17563e+06
2573  4.1778e+06
2574  4.17996e+06
2575  4.18213e+06
2576  4.1843e+06
2577  4.18647e+06
2578  4.18863e+06
2579  4.1908e+06
2580  4.19297e+06
2581  4.19514e+06
2582  4.19731e+06
2583  4.19948e+06
2584  4.20164e+06
2585  4.20381e+06
2586  4.20598e+06
2587  4.20815e+06
2588  4.21032e+06
2589  4.21249e+06
2590  4.21466e+06
2591  4.21683e+06
2592  4.219e+06
2593  4.22117e+06
2594  4.22334e+06
2595  4.22551e+06
2596  4.22768e+06
2597  4.22985e+06
2598  4.23202e+06
2599  4.23419e+06
2600  4.23636e+06
2601  4.23853e+06
2602  4.2407e+06
2603  4.24287e+06
2604  4.24504e+06
2605  4.24721e+06
2606  4.24938e+06
2607  4.25155e+06
2608  4.25372e+06
2609  4.2559e+06
2610  4.25807e+06
2611  4.26024e+06
2612  4.26241e+06
2613  4.26458e+06
2614  4.26676e+06
2615  4.26893e+06
2616  4.2711e+06
2617  4.27327e+06
2618  4.27544e+06
2619  4.27762e+06
2620  4.27979e+06
2621  4.28196e+06
2622  4.28414e+06
2623  4.28631e+06
2624  4.28848e+06
2625  4.29066e+06
2626  4.29283e+06
2627  4.295e+06
2628  4.29718e+06
2629  4.29935e+06
2630  4.30152e+06
2631  4.3037e+06
2632  4.30587e+06
2633  4.30805e+06
2634  4.31022e+06
2635  4.3124e+06
2636  4.31457e+06
2637  4.31675e+06
2638  4.31892e+06
2639  4.3211e+06
2640  4.32327e+06
2641  4.32545e+06
2642  4.32762e+06
2643  4.3298e+06
2644  4.33197e+06
2645  4.33415e+06
2646  4.33632e+06
2647  4.3385e+06
2648  4.34068e+06
2649  4.34285e+06
2650  4.34503e+06
2651  4.34721e+06
2652  4.34938e+06
2653  4.35156e+06
2654  4.35374e+06
2655  4.35591e+06
2656  4.35809e+06
2657  4.36027e+06
2658  4.36244e+06
2659  4.36462e+06
2660  4.3668e+06
2661  4.36898e+06
2662  4.37115e+06
2663  4.37333e+06
2664  4.37551e+06
2665  4.37769e+06
2666  4.37987e+06
2667  4.38204e+06
2668  4.38422e+06
2669  4.3864e+06
2670  4.38858e+06
2671  4.39076e+06
2672  4.39294e+06
2673  4.39512e+06
2674  4.3973e+06
2675  4.39948e+06
2676  4.40165e+06
2677  4.40383e+06
2678  4.40601e+06
2679  4.40819e+06
2680  4.41037e+06
2681  4.41255e+06
2682  4.41473e+06
2683  4.41691e+06
2684  4.41909e+06
2685  4.42127e+06
2686  4.42345e+06
2687  4.42564e+06
2688  4.42782e+06
2689  4.43e+06
2690  4.43218e+06
2691  4.43436e+06
2692  4.43654e+06
2693  4.43872e+06
2694  4.4409e+06
2695  4.44308e+06
2696  4.44527e+06
2697  4.44745e+06
2698  4.44963e+06
2699  4.45181e+06
2700  4.45399e+06
2701  4.45618e+06
2702  4.45836e+06
2703  4.46054e+06
2704  4.46272e+06
2705  4.46491e+06
2706  4.46709e+06
2707  4.46927e+06
2708  4.47146e+06
2709  4.47364e+06
2710  4.47582e+06
2711  4.47801e+06
2712  4.48019e+06
2713  4.48237e+06
2714  4.48456e+06
2715  4.48674e+06
2716  4.48892e+06
2717  4.49111e+06
2718  4.49329e+06
2719  4.49548e+06
2720  4.49766e+06
2721  4.49985e+06
2722  4.50203e+06
2723  4.50422e+06
2724  4.5064e+06
2725  4.50859e+06
2726  4.51077e+06
2727  4.51296e+06
2728  4.51514e+06
2729  4.51733e+06
2730  4.51951e+06
2731  4.5217e+06
2732  4.52388e+06
2733  4.52607e+06
2734  4.52826e+06
2735  4.53044e+06
2736  4.53263e+06
2737  4.53481e+06
2738  4.537e+06
2739  4.53919e+06
2740  4.54137e+06
2741  4.54356e+06
2742  4.54575e+06
2743  4.54793e+06
2744  4.55012e+06
2745  4.55231e+06
2746  4.5545e+06
2747  4.55668e+06
2748  4.55887e+06
2749  4.56106e+06
2750  4.56325e+06
2751  4.56544e+06
2752  4.56762e+06
2753  4.56981e+06
2754  4.572e+06
2755  4.57419e+06
2756  4.57638e+06
2757  4.57857e+06
2758  4.58075e+06
2759  4.58294e+06
2760  4.58513e+06
2761  4.58732e+06
2762  4.58951e+06
2763  4.5917e+06
2764  4.59389e+06
2765  4.59608e+06
2766  4.59827e+06
2767  4.60046e+06
2768  4.60265e+06
2769  4.60484e+06
2770  4.60703e+06
2771  4.60922e+06
2772  4.61141e+06
2773  4.6136e+06
2774  4.61579e+06
2775  4.61798e+06
2776  4.62017e+06
2777  4.62236e+06
2778  4.62455e+06
2779  4.62674e+06
2780  4.62894e+06
2781  4.63113e+06
2782  4.63332e+06
2783  4.63551e+06
2784  4.6377e+06
2785  4.63989e+06
2786  4.64209e+06
2787  4.64428e+06
2788  4.64647e+06
2789  4.64866e+06
2790  4.65085e+06
2791  4.65305e+06
2792  4.65524e+06
2793  4.65743e+06
2794  4.65963e+06
2795  4.66182e+06
2796  4.66401e+06
2797  4.6662e+06
2798  4.6684e+06
2799  4.67059e+06
2800  4.67278e+06
2801  4.67498e+06
2802  4.67717e+06
2803  4.67937e+06
2804  4.68156e+06
2805  4.68375e+06
2806  4.68595e+06
2807  4.68814e+06
2808  4.69034e+06
2809  4.69253e+06
2810  4.69473e+06
2811  4.69692e+06
2812  4.69912e+06
2813  4.70131e+06
2814  4.70351e+06
2815  4.7057e+06
2816  4.7079e+06
2817  4.71009e+06
2818  4.71229e+06
2819  4.71448e+06
2820  4.71668e+06
2821  4.71887e+06
2822  4.72107e+06
2823  4.72327e+06
2824  4.72546e+06
2825  4.72766e+06
2826  4.72985e+06
2827  4.73205e+06
2828  4.73425e+06
2829  4.73644e+06
2830  4.73864e+06
2831  4.74084e+06
2832  4.74304e+06
2833  4.74523e+06
2834  4.74743e+06
2835  4.74963e+06
2836  4.75182e+06
2837  4.75402e+06
2838  4.75622e+06
2839  4.75842e+06
2840  4.76062e+06
2841  4.76281e+06
2842  4.76501e+06
2843  4.76721e+06
2844  4.76941e+06
2845  4.77161e+06
2846  4.77381e+06
2847  4.776e+06
2848  4.7782e+06
2849  4.7804e+06
2850  4.7826e+06
2851  4.7848e+06
2852  4.787e+06
2853  4.7892e+06
2854  4.7914e+06
2855  4.7936e+06
2856  4.7958e+06
2857  4.798e+06
2858  4.8002e+06
2859  4.8024e+06
2860  4.8046e+06
2861  4.8068e+06
2862  4.809e+06
2863  4.8112e+06
2864  4.8134e+06
2865  4.8156e+06
2866  4.8178e+06
2867  4.82e+06
2868  4.8222e+06
2869  4.8244e+06
2870  4.82661e+06
2871  4.82881e+06
2872  4.83101e+06
2873  4.83321e+06
2874  4.83541e+06
2875  4.83761e+06
2876  4.83982e+06
2877  4.84202e+06
2878  4.84422e+06
2879  4.84642e+06
2880  4.84862e+06
2881  4.85083e+06
2882  4.85303e+06
2883  4.85523e+06
2884  4.85743e+06
2885  4.85964e+06
2886  4.86184e+06
2887  4.86404e+06
2888  4.86625e+06
2889  4.86845e+06
2890  4.87065e+06
2891  4.87286e+06
2892  4.87506e+06
2893  4.87726e+06
2894  4.87947e+06
2895  4.88167e+06
2896  4.88388e+06
2897  4.88608e+06
2898  4.88829e+06
2899  4.89049e+06
2900  4.89269e+06
2901  4.8949e+06
2902  4.8971e+06
2903  4.89931e+06
2904  4.90151e+06
2905  4.90372e+06
2906  4.90592e+06
2907  4.90813e+06
2908  4.91033e+06
2909  4.91254e+06
2910  4.91475e+06
2911  4.91695e+06
2912  4.91916e+06
2913  4.92136e+06
2914  4.92357e+06
2915  4.92578e+06
2916  4.92798e+06
2917  4.93019e+06
2918  4.93239e+06
2919  4.9346e+06
2920  4.93681e+06
2921  4.93901e+06
2922  4.94122e+06
2923  4.94343e+06
2924  4.94564e+06
2925  4.94784e+06
2926  4.95005e+06
2927  4.95226e+06
2928  4.95447e+06
2929  4.95667e+06
2930  4.95888e+06
2931  4.96109e+06
2932  4.9633e+06
2933  4.96551e+06
2934  4.96771e+06
2935  4.96992e+06
2936  4.97213e+06
2937  4.97434e+06
2938  4.97655e+06
2939  4.97876e+06
2940  4.98097e+06
2941  4.98317e+06
2942  4.98538e+06
2943  4.98759e+06
2944  4.9898e+06
2945  4.99201e+06
2946  4.99422e+06
2947  4.99643e+06
2948  4.99864e+06
2949  5.00085e+06
2950  5.00306e+06
2951  5.00527e+06
2952  5.00748e+06
2953  5.00969e+06
2954  5.0119e+06
2955  5.01411e+06
2956  5.01632e+06
2957  5.01853e+06
2958  5.02074e+06
2959  5.02295e+06
2960  5.02517e+06
2961  5.02738e+06
2962  5.02959e+06
2963  5.0318e+06
2964  5.03401e+06
2965  5.03622e+06
2966  5.03843e+06
2967  5.04065e+06
2968  5.04286e+06
2969  5.04507e+06
2970  5.04728e+06
2971  5.04949e+06
2972  5.05171e+06
2973  5.05392e+06
2974  5.05613e+06
2975  5.05834e+06
2976  5.06056e+06
2977  5.06277e+06
2978  5.06498e+06
2979  5.0672e+06
2980  5.06941e+06
2981  5.07162e+06
2982  5.07384e+06
2983  5.07605e+06
2984  5.07826e+06
2985  5.08048e+06
2986  5.08269e+06
2987  5.0849e+06
2988  5.08712e+06
2989  5.08933e+06
2990  5.09155e+06
2991  5.09376e+06
2992  5.09598e+06
2993  5.09819e+06
2994  5.1004e+06
2995  5.10262e+06
2996  5.10483e+06
2997  5.10705e+06
2998  5.10926e+06
2999  5.11148e+06
3000  5.11369e+06
3001  5.11591e+06
3002  5.11813e+06
3003  5.12034e+06
3004  5.12256e+06
3005  5.12477e+06
3006  5.12699e+06
3007  5.1292e+06
3008  5.13142e+06
3009  5.13364e+06
3010  5.13585e+06
3011  5.13807e+06
3012  5.14029e+06
3013  5.1425e+06
3014  5.14472e+06
3015  5.14694e+06
3016  5.14915e+06
3017  5.15137e+06
3018  5.15359e+06
3019  5.15581e+06
3020  5.15802e+06
3021  5.16024e+06
3022  5.16246e+06
3023  5.16468e+06
3024  5.16689e+06
3025  5.16911e+06
3026  5.17133e+06
3027  5.17355e+06
3028  5.17577e+06
3029  5.17799e+06
3030  5.1802e+06
3031  5.18242e+06
3032  5.18464e+06
3033  5.18686e+06
3034  5.18908e+06
3035  5.1913e+06
3036  5.19352e+06
3037  5.19574e+06
3038  5.19796e+06
3039  5.20017e+06
3040  5.20239e+06
3041  5.20461e+06
3042  5.20683e+06
3043  5.20905e+06
3044  5.21127e+06
3045  5.21349e+06
3046  5.21571e+06
3047  5.21793e+06
3048  5.22015e+06
3049  5.22238e+06
3050  5.2246e+06
3051  5.22682e+06
3052  5.22904e+06
3053  5.23126e+06
3054  5.23348e+06
3055  5.2357e+06
3056  5.23792e+06
3057  5.24014e+06
3058  5.24236e+06
3059  5.24459e+06
3060  5.24681e+06
3061  5.24903e+06
3062  5.25125e+06
3063  5.25347e+06
3064  5.2557e+06
3065  5.25792e+06
3066  5.26014e+06
3067  5.26236e+06
3068  5.26458e+06
3069  5.26681e+06
3070  5.26903e+06
3071  5.27125e+06
3072  5.27348e+06
3073  5.2757e+06
3074  5.27792e+06
3075  5.28015e+06
3076  5.28237e+06
3077  5.28459e+06
3078  5.28682e+06
3079  5.28904e+06
3080  5.29126e+06
3081  5.29349e+06
3082  5.29571e+06
3083  5.29794e+06
3084  5.30016e+06
3085  5.30238e+06
3086  5.30461e+06
3087  5.30683e+06
3088  5.30906e+06
3089  5.31128e+06
3090  5.31351e+06
3091  5.31573e+06
3092  5.31796e+06
3093  5.32018e+06
3094  5.32241e+06
3095  5.32463e+06
3096  5.32686e+06
3097  5.32908e+06
3098  5.33131e+06
3099  5.33353e+06
3100  5.33576e+06
3101  5.33799e+06
3102  5.34021e+06
3103  5.34244e+06
3104  5.34467e+06
3105  5.34689e+06
3106  5.34912e+06
3107  5.35134e+06
3108  5.35357e+06
3109  5.3558e+06
3110  5.35802e+06
3111  5.36025e+06
3112  5.36248e+06
3113  5.36471e+06
3114  5.36693e+06
3115  5.36916e+06
3116  5.37139e+06
3117  5.37362e+06
3118  5.37584e+06
3119  5.37807e+06
3120  5.3803e+06
3121  5.38253e+06
3122  5.38476e+06
3123  5.38698e+06
3124  5.38921e+06
3125  5.39144e+06
3126  5.39367e+06
3127  5.3959e+06
3128  5.39813e+06
3129  5.40036e+06
3130  5.40258e+06
3131  5.40481e+06
3132  5.40704e+06
3133  5.40927e+06
3134  5.4115e+06
3135  5.41373e+06
3136  5.41596e+06
3137  5.41819e+06
3138  5.42042e+06
3139  5.42265e+06
3140  5.42488e+06
3141  5.42711e+06
3142  5.42934e+06
3143  5.43157e+06
3144  5.4338e+06
3145  5.43603e+06
3146  5.43826e+06
3147  5.44049e+06
3148  5.44272e+06
3149  5.44496e+06
3150  5.44719e+06
3151  5.44942e+06
3152  5.45165e+06
3153  5.45388e+06
3154  5.45611e+06
3155  5.45834e+06
3156  5.46057e+06
3157  5.46281e+06
3158  5.46504e+06
3159  5.46727e+06
3160  5.4695e+06
3161  5.47173e+06
3162  5.47397e+06
3163  5.4762e+06
3164  5.47843e+06
3165  5.48066e+06
3166  5.4829e+06
3167  5.48513e+06
3168  5.48736e+06
3169  5.4896e+06
3170  5.49183e+06
3171  5.49406e+06
3172  5.4963e+06
3173  5.49853e+06
3174  5.50076e+06
3175  5.503e+06
3176  5.50523e+06
3177  5.50746e+06
3178  5.5097e+06
3179  5.51193e+06
3180  5.51417e+06
3181  5.5164e+06
3182  5.51863e+06
3183  5.52087e+06
3184  5.5231e+06
3185  5.52534e+06
3186  5.52757e+06
3187  5.52981e+06
3188  5.53204e+06
3189  5.53428e+06
3190  5.53651e+06
3191  5.53875e+06
3192  5.54098e+06
3193  5.54322e+06
3194  5.54545e+06
3195  5.54769e+06
3196  5.54993e+06
3197  5.55216e+06
3198  5.5544e+06
3199  5.55663e+06
3200  5.55887e+06
3201  5.56111e+06
3202  5.56334e+06
3203  5.56558e+06
3204  5.56782e+06
3205  5.57005e+06
3206  5.57229e+06
3207  5.57453e+06
3208  5.57676e+06
3209  5.579e+06
3210  5.58124e+06
3211  5.58348e+06
3212  5.58571e+06
3213  5.58795e+06
3214  5.59019e+06
3215  5.59243e+06
3216  5.59466e+06
3217  5.5969e+06
3218  5.59914e+06
3219  5.60138e+06
3220  5.60362e+06
3221  5.60585e+06
3222  5.60809e+06
3223  5.61033e+06
3224  5.61257e+06
3225  5.61481e+06
3226  5.61705e+06
3227  5.61929e+06
3228  5.62153e+06
3229  5.62376e+06
3230  5.626e+06
3231  5.62824e+06
3232  5.63048e+06
3233  5.63272e+06
3234  5.63496e+06
3235  5.6372e+06
3236  5.63944e+06
3237  5.64168e+06
3238  5.64392e+06
3239  5.64616e+06
3240  5.6484e+06
3241  5.65064e+06
3242  5.65288e+06
3243  5.65512e+06
3244  5.65736e+06
3245  5.6596e+06
3246  5.66185e+06
3247  5.66409e+06
3248  5.66633e+06
3249  5.66857e+06
3250  5.67081e+06
3251  5.67305e+06
3252  5.67529e+06
3253  5.67753e+06
3254  5.67978e+06
3255  5.68202e+06
3256  5.68426e+06
3257  5.6865e+06
3258  5.68874e+06
3259  5.69099e+06
3260  5.69323e+06
3261  5.69547e+06
3262  5.69771e+06
3263  5.69996e+06
3264  5.7022e+06
3265  5.70444e+06
3266  5.70669e+06
3267  5.70893e+06
3268  5.71117e+06
3269  5.71341e+06
3270  5.71566e+06
3271  5.7179e+06
3272  5.72014e+06
3273  5.72239e+06
3274  5.72463e+06
3275  5.72688e+06
3276  5.72912e+06
3277  5.73136e+06
3278  5.73361e+06
3279  5.73585e+06
3280  5.7381e+06
3281  5.74034e+06
3282  5.74259e+06
3283  5.74483e+06
3284  5.74707e+06
3285  5.74932e+06
3286  5.75156e+06
3287  5.75381e+06
3288  5.75605e+06
3289  5.7583e+06
3290  5.76055e+06
3291  5.76279e+06
3292  5.76504e+06
3293  5.76728e+06
3294  5.76953e+06
3295  5.77177e+06
3296  5.77402e+06
3297  5.77627e+06
3298  5.77851e+06
3299  5.78076e+06
3300  5.783e+06
3301  5.78525e+06
3302  5.7875e+06
3303  5.78974e+06
3304  5.79199e+06
3305  5.79424e+06
3306  5.79648e+06
3307  5.79873e+06
3308  5.80098e+06
3309  5.80323e+06
3310  5.80547e+06
3311  5.80772e+06
3312  5.80997e+06
3313  5.81222e+06
3314  5.81446e+06
3315  5.81671e+06
3316  5.81896e+06
3317  5.82121e+06
3318  5.82346e+06
3319  5.8257e+06
3320  5.82795e+06
3321  5.8302e+06
3322  5.83245e+06
3323  5.8347e+06
3324  5.83695e+06
3325  5.8392e+06
3326  5.84145e+06
3327  5.84369e+06
3328  5.84594e+06
3329  5.84819e+06
3330  5.85044e+06
3331  5.85269e+06
3332  5.85494e+06
3333  5.85719e+06
3334  5.85944e+06
3335  5.86169e+06
3336  5.86394e+06
3337  5.86619e+06
3338  5.86844e+06
3339  5.87069e+06
3340  5.87294e+06
3341  5.87519e+06
3342  5.87744e+06
3343  5.87969e+06
3344  5.88194e+06
3345  5.88419e+06
3346  5.88645e+06
3347  5.8887e+06
3348  5.89095e+06
3349  5.8932e+06
3350  5.89545e+06
3351  5.8977e+06
3352  5.89995e+06
3353  5.90221e+06
3354  5.90446e+06
3355  5.90671e+06
3356  5.90896e+06
3357  5.91121e+06
3358  5.91347e+06
3359  5.91572e+06
3360  5.91797e+06
3361  5.92022e+06
3362  5.92248e+06
3363  5.92473e+06
3364  5.92698e+06
3365  5.92923e+06
3366  5.93149e+06
3367  5.93374e+06
3368  5.93599e+06
3369  5.93825e+06
3370  5.9405e+06
3371  5.94275e+06
3372  5.94501e+06
3373  5.94726e+06
3374  5.94951e+06
3375  5.95177e+06
3376  5.95402e+06
3377  5.95628e+06
3378  5.95853e+06
3379  5.96078e+06
3380  5.96304e+06
3381  5.96529e+06
3382  5.96755e+06
3383  5.9698e+06
3384  5.97206e+06
3385  5.97431e+06
3386  5.97657e+06
3387  5.97882e+06
3388  5.98108e+06
3389  5.98333e+06
3390  5.98559e+06
3391  5.98784e+06
3392  5.9901e+06
3393  5.99235e+06
3394  5.99461e+06
3395  5.99687e+06
3396  5.99912e+06
3397  6.00138e+06
3398  6.00363e+06
3399  6.00589e+06
3400  6.00815e+06
3401  6.0104e+06
3402  6.01266e+06
3403  6.01492e+06
3404  6.01717e+06
3405  6.01943e+06
3406  6.02169e+06
3407  6.02394e+06
3408  6.0262e+06
3409  6.02846e+06
3410  6.03072e+06
3411  6.03297e+06
3412  6.03523e+06
3413  6.03749e+06
3414  6.03975e+06
3415  6.042e+06
3416  6.04426e+06
3417  6.04652e+06
3418  6.04878e+06
3419  6.05104e+06
3420  6.05329e+06
3421  6.05555e+06
3422  6.05781e+06
3423  6.06007e+06
3424  6.06233e+06
3425  6.06459e+06
3426  6.06685e+06
3427  6.06911e+06
3428  6.07137e+06
3429  6.07362e+06
3430  6.07588e+06
3431  6.07814e+06
3432  6.0804e+06
3433  6.08266e+06
3434  6.08492e+06
3435  6.08718e+06
3436  6.08944e+06
3437  6.0917e+06
3438  6.09396e+06
3439  6.09622e+06
3440  6.09848e+06
3441  6.10074e+06
3442  6.103e+06
3443  6.10526e+06
3444  6.10752e+06
3445  6.10979e+06
3446  6.11205e+06
3447  6.11431e+06
3448  6.11657e+06
3449  6.11883e+06
3450  6.12109e+06
3451  6.12335e+06
3452  6.12561e+06
3453  6.12788e+06
3454  6.13014e+06
3455  6.1324e+06
3456  6.13466e+06
3457  6.13692e+06
3458  6.13919e+06
3459  6.14145e+06
3460  6.14371e+06
3461  6.14597e+06
3462  6.14823e+06
3463  6.1505e+06
3464  6.15276e+06
3465  6.15502e+06
3466  6.15729e+06
3467  6.15955e+06
3468  6.16181e+06
3469  6.16407e+06
3470  6.16634e+06
3471  6.1686e+06
3472  6.17087e+06
3473  6.17313e+06
3474  6.17539e+06
3475  6.17766e+06
3476  6.17992e+06
3477  6.18218e+06
3478  6.18445e+06
3479  6.18671e+06
3480  6.18898e+06
3481  6.19124e+06
3482  6.19351e+06
3483  6.19577e+06
3484  6.19803e+06
3485  6.2003e+06
3486  6.20256e+06
3487  6.20483e+06
3488  6.20709e+06
3489  6.20936e+06
3490  6.21162e+06
3491  6.21389e+06
3492  6.21616e+06
3493  6.21842e+06
3494  6.22069e+06
3495  6.22295e+06
3496  6.22522e+06
3497  6.22748e+06
3498  6.22975e+06
3499  6.23202e+06
3500  6.23428e+06
3501  6.23655e+06
3502  6.23882e+06
3503  6.24108e+06
3504  6.24335e+06
3505  6.24561e+06
3506  6.24788e+06
3507  6.25015e+06
3508  6.25242e+06
3509  6.25468e+06
3510  6.25695e+06
3511  6.25922e+06
3512  6.26148e+06
3513  6.26375e+06
3514  6.26602e+06
3515  6.26829e+06
3516  6.27056e+06
3517  6.27282e+06
3518  6.27509e+06
3519  6.27736e+06
3520  6.27963e+06
3521  6.2819e+06
3522  6.28416e+06
3523  6.28643e+06
3524  6.2887e+06
3525  6.29097e+06
3526  6.29324e+06
3527  6.29551e+06
3528  6.29778e+06
3529  6.30005e+06
3530  6.30231e+06
3531  6.30458e+06
3532  6.30685e+06
3533  6.30912e+06
3534  6.31139e+06
3535  6.31366e+06
3536  6.31593e+06
3537  6.3182e+06
3538  6.32047e+06
3539  6.32274e+06
3540  6.32501e+06
3541  6.32728e+06
3542  6.32955e+06
3543  6.33182e+06
3544  6.33409e+06
3545  6.33636e+06
3546  6.33863e+06
3547  6.34091e+06
3548  6.34318e+06
3549  6.34545e+06
3550  6.34772e+06
3551  6.34999e+06
3552  6.35226e+06
3553  6.35453e+06
3554  6.3568e+06
3555  6.35908e+06
3556  6.36135e+06
3557  6.36362e+06
3558  6.36589e+06
3559  6.36816e+06
3560  6.37043e+06
3561  6.37271e+06
3562  6.37498e+06
3563  6.37725e+06
3564  6.37952e+06
3565  6.3818e+06
3566  6.38407e+06
3567  6.38634e+06
3568  6.38862e+06
3569  6.39089e+06
3570  6.39316e+06
3571  6.39543e+06
3572  6.39771e+06
3573  6.39998e+06
3574  6.40225e+06
3575  6.40453e+06
3576  6.4068e+06
3577  6.40908e+06
3578  6.41135e+06
3579  6.41362e+06
3580  6.4159e+06
3581  6.41817e+06
3582  6.42045e+06
3583  6.42272e+06
3584  6.42499e+06
3585  6.42727e+06
3586  6.42954e+06
3587  6.43182e+06
3588  6.43409e+06
3589  6.43637e+06
3590  6.43864e+06
3591  6.44092e+06
3592  6.44319e+06
3593  6.44547e+06
3594  6.44774e+06
3595  6.45002e+06
3596  6.45229e+06
3597  6.45457e+06
3598  6.45685e+06
3599  6.45912e+06
3600  6.4614e+06
3601  6.46367e+06
3602  6.46595e+06
3603  6.46823e+06
3604  6.4705e+06
3605  6.47278e+06
3606  6.47506e+06
3607  6.47733e+06
3608  6.47961e+06
3609  6.48189e+06
3610  6.48416e+06
3611  6.48644e+06
3612  6.48872e+06
3613  6.49099e+06
3614  6.49327e+06
3615  6.49555e+06
3616  6.49783e+06
3617  6.5001e+06
3618  6.50238e+06
3619  6.50466e+06
3620  6.50694e+06
3621  6.50922e+06
3622  6.51149e+06
3623  6.51377e+06
3624  6.51605e+06
3625  6.51833e+06
3626  6.52061e+06
3627  6.52289e+06
3628  6.52516e+06
3629  6.52744e+06
3630  6.52972e+06
3631  6.532e+06
3632  6.53428e+06
3633  6.53656e+06
3634  6.53884e+06
3635  6.54112e+06
3636  6.5434e+06
3637  6.54568e+06
3638  6.54796e+06
3639  6.55024e+06
3640  6.55252e+06
3641  6.5548e+06
3642  6.55708e+06
3643  6.55936e+06
3644  6.56164e+06
3645  6.56392e+06
3646  6.5662e+06
3647  6.56848e+06
3648  6.57076e+06
3649  6.57304e+06
3650  6.57532e+06
3651  6.5776e+06
3652  6.57988e+06
3653  6.58216e+06
3654  6.58444e+06
3655  6.58673e+06
3656  6.58901e+06
3657  6.59129e+06
3658  6.59357e+06
3659  6.59585e+06
3660  6.59813e+06
3661  6.60042e+06
3662  6.6027e+06
3663  6.60498e+06
3664  6.60726e+06
3665  6.60954e+06
3666  6.61183e+06
3667  6.61411e+06
3668  6.61639e+06
3669  6.61867e+06
3670  6.62096e+06
3671  6.62324e+06
3672  6.62552e+06
3673  6.6278e+06
3674  6.63009e+06
3675  6.63237e+06
3676  6.63465e+06
3677  6.63694e+06
3678  6.63922e+06
3679  6.64151e+06
3680  6.64379e+06
3681  6.64607e+06
3682  6.64836e+06
3683  6.65064e+06
3684  6.65292e+06
3685  6.65521e+06
3686  6.65749e+06
3687  6.65978e+06
3688  6.66206e+06
3689  6.66435e+06
3690  6.66663e+06
3691  6.66892e+06
3692  6.6712e+06
3693  6.67349e+06
3694  6.67577e+06
3695  6.67806e+06
3696  6.68034e+06
3697  6.68263e+06
3698  6.68491e+06
3699  6.6872e+06
3700  6.68948e+06
3701  6.69177e+06
3702  6.69405e+06
3703  6.69634e+06
3704  6.69863e+06
3705  6.70091e+06
3706  6.7032e+06
3707  6.70548e+06
3708  6.70777e+06
3709  6.71006e+06
3710  6.71234e+06
3711  6.71463e+06
3712  6.71692e+06
3713  6.7192e+06
3714  6.72149e+06
3715  6.72378e+06
3716  6.72607e+06
3717  6.72835e+06
3718  6.73064e+06
3719  6.73293e+06
3720  6.73521e+06
3721  6.7375e+06
3722  6.73979e+06
3723  6.74208e+06
3724  6.74437e+06
3725  6.74665e+06
3726  6.74894e+06
3727  6.75123e+06
3728  6.75352e+06
3729  6.75581e+06
3730  6.7581e+06
3731  6.76038e+06
3732  6.76267e+06
3733  6.76496e+06
3734  6.76725e+06
3735  6.76954e+06
3736  6.77183e+06
3737  6.77412e+06
3738  6.77641e+06
3739  6.7787e+06
3740  6.78099e+06
3741  6.78327e+06
3742  6.78556e+06
3743  6.78785e+06
3744  6.79014e+06
3745  6.79243e+06
3746  6.79472e+06
3747  6.79701e+06
3748  6.7993e+06
3749  6.80159e+06
3750  6.80389e+06
3751  6.80618e+06
3752  6.80847e+06
3753  6.81076e+06
3754  6.81305e+06
3755  6.81534e+06
3756  6.81763e+06
3757  6.81992e+06
3758  6.82221e+06
3759  6.8245e+06
3760  6.82679e+06
3761  6.82909e+06
3762  6.83138e+06
3763  6.83367e+06
3764  6.83596e+06
3765  6.83825e+06
3766  6.84054e+06
3767  6.84284e+06
3768  6.84513e+06
3769  6.84742e+06
3770  6.84971e+06
3771  6.85201e+06
3772  6.8543e+06
3773  6.85659e+06
3774  6.85888e+06
3775  6.86118e+06
3776  6.86347e+06
3777  6.86576e+06
3778  6.86805e+06
3779  6.87035e+06
3780  6.87264e+06
3781  6.87493e+06
3782  6.87723e+06
3783  6.87952e+06
3784  6.88181e+06
3785  6.88411e+06
3786  6.8864e+06
3787  6.8887e+06
3788  6.89099e+06
3789  6.89328e+06
3790  6.89558e+06
3791  6.89787e+06
3792  6.90017e+06
3793  6.90246e+06
3794  6.90476e+06
3795  6.90705e+06
3796  6.90935e+06
3797  6.91164e+06
3798  6.91394e+06
3799  6.91623e+06
3800  6.91853e+06
3801  6.92082e+06
3802  6.92312e+06
3803  6.92541e+06
3804  6.92771e+06
3805  6.93e+06
3806  6.9323e+06
3807  6.93459e+06
3808  6.93689e+06
3809  6.93919e+06
3810  6.94148e+06
3811  6.94378e+06
3812  6.94608e+06
3813  6.94837e+06
3814  6.95067e+06
3815  6.95296e+06
3816  6.95526e+06
3817  6.95756e+06
3818  6.95985e+06
3819  6.96215e+06
3820  6.96445e+06
3821  6.96675e+06
3822  6.96904e+06
3823  6.97134e+06
3824  6.97364e+06
3825  6.97594e+06
3826  6.97823e+06
3827  6.98053e+06
3828  6.98283e+06
3829  6.98513e+06
3830  6.98742e+06
3831  6.98972e+06
3832  6.99202e+06
3833  6.99432e+06
3834  6.99662e+06
3835  6.99892e+06
3836  7.00121e+06
3837  7.00351e+06
3838  7.00581e+06
3839  7.00811e+06
3840  7.01041e+06
3841  7.01271e+06
3842  7.01501e+06
3843  7.01731e+06
3844  7.01961e+06
3845  7.02191e+06
3846  7.02421e+06
3847  7.0265e+06
3848  7.0288e+06
3849  7.0311e+06
3850  7.0334e+06
3851  7.0357e+06
3852  7.038e+06
3853  7.0403e+06
3854  7.0426e+06
3855  7.04491e+06
3856  7.04721e+06
3857  7.04951e+06
3858  7.05181e+06
3859  7.05411e+06
3860  7.05641e+06
3861  7.05871e+06
3862  7.06101e+06
3863  7.06331e+06
3864  7.06561e+06
3865  7.06791e+06
3866  7.07022e+06
3867  7.07252e+06
3868  7.07482e+06
3869  7.07712e+06
3870  7.07942e+06
3871  7.08172e+06
3872  7.08403e+06
3873  7.08633e+06
3874  7.08863e+06
3875  7.09093e+06
3876  7.09323e+06
3877  7.09554e+06
3878  7.09784e+06
3879  7.10014e+06
3880  7.10244e+06
3881  7.10475e+06
3882  7.10705e+06
3883  7.10935e+06
3884  7.11166e+06
3885  7.11396e+06
3886  7.11626e+06
3887  7.11857e+06
3888  7.12087e+06
3889  7.12317e+06
3890  7.12548e+06
3891  7.12778e+06
3892  7.13008e+06
3893  7.13239e+06
3894  7.13469e+06
3895  7.137e+06
3896  7.1393e+06
3897  7.14161e+06
3898  7.14391e+06
3899  7.14621e+06
3900  7.14852e+06
3901  7.15082e+06
3902  7.15313e+06
3903  7.15543e+06
3904  7.15774e+06
3905  7.16004e+06
3906  7.16235e+06
3907  7.16465e+06
3908  7.16696e+06
3909  7.16926e+06
3910  7.17157e+06
3911  7.17388e+06
3912  7.17618e+06
3913  7.17849e+06
3914  7.18079e+06
3915  7.1831e+06
3916  7.18541e+06
3917  7.18771e+06
3918  7.19002e+06
3919  7.19232e+06
3920  7.19463e+06
3921  7.19694e+06
3922  7.19924e+06
3923  7.20155e+06
3924  7.20386e+06
3925  7.20616e+06
3926  7.20847e+06
3927  7.21078e+06
3928  7.21309e+06
3929  7.21539e+06
3930  7.2177e+06
3931  7.22001e+06
3932  7.22232e+06
3933  7.22462e+06
3934  7.22693e+06
3935  7.22924e+06
3936  7.23155e+06
3937  7.23386e+06
3938  7.23616e+06
3939  7.23847e+06
3940  7.24078e+06
3941  7.24309e+06
3942  7.2454e+06
3943  7.24771e+06
3944  7.25001e+06
3945  7.25232e+06
3946  7.25463e+06
3947  7.25694e+06
3948  7.25925e+06
3949  7.26156e+06
3950  7.26387e+06
3951  7.26618e+06
3952  7.26849e+06
3953  7.2708e+06
3954  7.27311e+06
3955  7.27542e+06
3956  7.27773e+06
3957  7.28004e+06
3958  7.28235e+06
3959  7.28466e+06
3960  7.28697e+06
3961  7.28928e+06
3962  7.29159e+06
3963  7.2939e+06
3964  7.29621e+06
3965  7.29852e+06
3966  7.30083e+06
3967  7.30314e+06
3968  7.30545e+06
3969  7.30776e+06
3970  7.31007e+06
3971  7.31239e+06
3972  7.3147e+06
3973  7.31701e+06
3974  7.31932e+06
3975  7.32163e+06
3976  7.32394e+06
3977  7.32626e+06
3978  7.32857e+06
3979  7.33088e+06
3980  7.33319e+06
3981  7.3355e+06
3982  7.33782e+06
3983  7.34013e+06
3984  7.34244e+06
3985  7.34475e+06
3986  7.34707e+06
3987  7.34938e+06
3988  7.35169e+06
3989  7.35401e+06
3990  7.35632e+06
3991  7.35863e+06
3992  7.36094e+06
3993  7.36326e+06
3994  7.36557e+06
3995  7.36788e+06
3996  7.3702e+06
3997  7.37251e+06
3998  7.37483e+06
3999  7.37714e+06
4000  7.37945e+06
4001  7.38177e+06
4002  7.38408e+06
4003  7.3864e+06
4004  7.38871e+06
4005  7.39103e+06
4006  7.39334e+06
4007  7.39565e+06
4008  7.39797e+06
4009  7.40028e+06
4010  7.4026e+06
4011  7.40491e+06
4012  7.40723e+06
4013  7.40954e+06
4014  7.41186e+06
4015  7.41417e+06
4016  7.41649e+06
4017  7.41881e+06
4018  7.42112e+06
4019  7.42344e+06
4020  7.42575e+06
4021  7.42807e+06
4022  7.43039e+06
4023  7.4327e+06
4024  7.43502e+06
4025  7.43733e+06
4026  7.43965e+06
4027  7.44197e+06
4028  7.44428e+06
4029  7.4466e+06
4030  7.44892e+06
4031  7.45123e+06
4032  7.45355e+06
4033  7.45587e+06
4034  7.45818e+06
4035  7.4605e+06
4036  7.46282e+06
4037  7.46514e+06
4038  7.46745e+06
4039  7.46977e+06
4040  7.47209e+06
4041  7.47441e+06
4042  7.47673e+06
4043  7.47904e+06
4044  7.48136e+06
4045  7.48368e+06
4046  7.486e+06
4047  7.48832e+06
4048  7.49063e+06
4049  7.49295e+06
4050  7.49527e+06
4051  7.49759e+06
4052  7.49991e+06
4053  7.50223e+06
4054  7.50455e+06
4055  7.50687e+06
4056  7.50919e+06
4057  7.51151e+06
4058  7.51382e+06
4059  7.51614e+06
4060  7.51846e+06
4061  7.52078e+06
4062  7.5231e+06
4063  7.52542e+06
4064  7.52774e+06
4065  7.53006e+06
4066  7.53238e+06
4067  7.5347e+06
4068  7.53702e+06
4069  7.53934e+06
4070  7.54166e+06
4071  7.54399e+06
4072  7.54631e+06
4073  7.54863e+06
4074  7.55095e+06
4075  7.55327e+06
4076  7.55559e+06
4077  7.55791e+06
4078  7.56023e+06
4079  7.56255e+06
4080  7.56487e+06
4081  7.5672e+06
4082  7.56952e+06
4083  7.57184e+06
4084  7.57416e+06
4085  7.57648e+06
4086  7.57881e+06
4087  7.58113e+06
4088  7.58345e+06
4089  7.58577e+06
4090  7.58809e+06
4091  7.59042e+06
4092  7.59274e+06
4093  7.59506e+06
4094  7.59738e+06
4095  7.59971e+06
4096  7.60203e+06
4097  7.60435e+06
4098  7.60668e+06
4099  7.609e+06
4100  7.61132e+06
4101  7.61365e+06
4102  7.61597e+06
4103  7.61829e+06
4104  7.62062e+06
4105  7.62294e+06
4106  7.62527e+06
4107  7.62759e+06
4108  7.62991e+06
4109  7.63224e+06
4110  7.63456e+06
4111  7.63689e+06
4112  7.63921e+06
4113  7.64153e+06
4114  7.64386e+06
4115  7.64618e+06
4116  7.64851e+06
4117  7.65083e+06
4118  7.65316e+06
4119  7.65548e+06
4120  7.65781e+06
4121  7.66013e+06
4122  7.66246e+06
4123  7.66478e+06
4124  7.66711e+06
4125  7.66944e+06
4126  7.67176e+06
4127  7.67409e+06
4128  7.67641e+06
4129  7.67874e+06
4130  7.68107e+06
4131  7.68339e+06
4132  7.68572e+06
4133  7.68804e+06
4134  7.69037e+06
4135  7.6927e+06
4136  7.69502e+06
4137  7.69735e+06
4138  7.69968e+06
4139  7.702e+06
4140  7.70433e+06
4141  7.70666e+06
4142  7.70899e+06
4143  7.71131e+06
4144  7.71364e+06
4145  7.71597e+06
4146  7.7183e+06
4147  7.72062e+06
4148  7.72295e+06
4149  7.72528e+06
4150  7.72761e+06
4151  7.72993e+06
4152  7.73226e+06
4153  7.73459e+06
4154  7.73692e+06
4155  7.73925e+06
4156  7.74158e+06
4157  7.7439e+06
4158  7.74623e+06
4159  7.74856e+06
4160  7.75089e+06
4161  7.75322e+06
4162  7.75555e+06
4163  7.75788e+06
4164  7.76021e+06
4165  7.76254e+06
4166  7.76487e+06
4167  7.7672e+06
4168  7.76953e+06
4169  7.77186e+06
4170  7.77418e+06
4171  7.77651e+06
4172  7.77884e+06
4173  7.78117e+06
4174  7.7835e+06
4175  7.78584e+06
4176  7.78817e+06
4177  7.7905e+06
4178  7.79283e+06
4179  7.79516e+06
4180  7.79749e+06
4181  7.79982e+06
4182  7.80215e+06
4183  7.80448e+06
4184  7.80681e+06
4185  7.80914e+06
4186  7.81147e+06
4187  7.81381e+06
4188  7.81614e+06
4189  7.81847e+06
4190  7.8208e+06
4191  7.82313e+06
4192  7.82546e+06
4193  7.8278e+06
4194  7.83013e+06
4195  7.83246e+06
4196  7.83479e+06
4197  7.83712e+06
4198  7.83946e+06
4199  7.84179e+06
4200  7.84412e+06
4201  7.84645e+06
4202  7.84879e+06
4203  7.85112e+06
4204  7.85345e+06
4205  7.85579e+06
4206  7.85812e+06
4207  7.86045e+06
4208  7.86279e+06
4209  7.86512e+06
4210  7.86745e+06
4211  7.86979e+06
4212  7.87212e+06
4213  7.87445e+06
4214  7.87679e+06
4215  7.87912e+06
4216  7.88145e+06
4217  7.88379e+06
4218  7.88612e+06
4219  7.88846e+06
4220  7.89079e+06
4221  7.89313e+06
4222  7.89546e+06
4223  7.8978e+06
4224  7.90013e+06
4225  7.90247e+06
4226  7.9048e+06
4227  7.90714e+06
4228  7.90947e+06
4229  7.91181e+06
4230  7.91414e+06
4231  7.91648e+06
4232  7.91881e+06
4233  7.92115e+06
4234  7.92348e+06
4235  7.92582e+06
4236  7.92816e+06
4237  7.93049e+06
4238  7.93283e+06
4239  7.93516e+06
4240  7.9375e+06
4241  7.93984e+06
4242  7.94217e+06
4243  7.94451e+06
4244  7.94685e+06
4245  7.94918e+06
4246  7.95152e+06
4247  7.95386e+06
4248  7.95619e+06
4249  7.95853e+06
4250  7.96087e+06
4251  7.9632e+06
4252  7.96554e+06
4253  7.96788e+06
4254  7.97022e+06
4255  7.97255e+06
4256  7.97489e+06
4257  7.97723e+06
4258  7.97957e+06
4259  7.98191e+06
4260  7.98424e+06
4261  7.98658e+06
4262  7.98892e+06
4263  7.99126e+06
4264  7.9936e+06
4265  7.99594e+06
4266  7.99827e+06
4267  8.00061e+06
4268  8.00295e+06
4269  8.00529e+06
4270  8.00763e+06
4271  8.00997e+06
4272  8.01231e+06
4273  8.01465e+06
4274  8.01699e+06
4275  8.01933e+06
4276  8.02167e+06
4277  8.02401e+06
4278  8.02635e+06
4279  8.02868e+06
4280  8.03102e+06
4281  8.03336e+06
4282  8.0357e+06
4283  8.03805e+06
4284  8.04039e+06
4285  8.04273e+06
4286  8.04507e+06
4287  8.04741e+06
4288  8.04975e+06
4289  8.05209e+06
4290  8.05443e+06
4291  8.05677e+06
4292  8.05911e+06
4293  8.06145e+06
4294  8.06379e+06
4295  8.06613e+06
4296  8.06848e+06
4297  8.07082e+06
4298  8.07316e+06
4299  8.0755e+06
4300  8.07784e+06
4301  8.08018e+06
4302  8.08253e+06
4303  8.08487e+06
4304  8.08721e+06
4305  8.08955e+06
4306  8.0919e+06
4307  8.09424e+06
4308  8.09658e+06
4309  8.09892e+06
4310  8.10127e+06
4311  8.10361e+06
4312  8.10595e+06
4313  8.10829e+06
4314  8.11064e+06
4315  8.11298e+06
4316  8.11532e+06
4317  8.11767e+06
4318  8.12001e+06
4319  8.12235e+06
4320  8.1247e+06
4321  8.12704e+06
4322  8.12938e+06
4323  8.13173e+06
4324  8.13407e+06
4325  8.13642e+06
4326  8.13876e+06
4327  8.1411e+06
4328  8.14345e+06
4329  8.14579e+06
4330  8.14814e+06
4331  8.15048e+06
4332  8.15283e+06
4333  8.15517e+06
4334  8.15752e+06
4335  8.15986e+06
4336  8.16221e+06
4337  8.16455e+06
4338  8.1669e+06
4339  8.16924e+06
4340  8.17159e+06
4341  8.17393e+06
4342  8.17628e+06
4343  8.17863e+06
4344  8.18097e+06
4345  8.18332e+06
4346  8.18566e+06
4347  8.18801e+06
4348  8.19036e+06
4349  8.1927e+06
4350  8.19505e+06
4351  8.19739e+06
4352  8.19974e+06
4353  8.20209e+06
4354  8.20443e+06
4355  8.20678e+06
4356  8.20913e+06
4357  8.21147e+06
4358  8.21382e+06
4359  8.21617e+06
4360  8.21852e+06
4361  8.22086e+06
4362  8.22321e+06
4363  8.22556e+06
4364  8.22791e+06
4365  8.23025e+06
4366  8.2326e+06
4367  8.23495e+06
4368  8.2373e+06
4369  8.23965e+06
4370  8.24199e+06
4371  8.24434e+06
4372  8.24669e+06
4373  8.24904e+06
4374  8.25139e+06
4375  8.25374e+06
4376  8.25609e+06
4377  8.25843e+06
4378  8.26078e+06
4379  8.26313e+06
4380  8.26548e+06
4381  8.26783e+06
4382  8.27018e+06
4383  8.27253e+06
4384  8.27488e+06
4385  8.27723e+06
4386  8.27958e+06
4387  8.28193e+06
4388  8.28428e+06
4389  8.28663e+06
4390  8.28898e+06
4391  8.29133e+06
4392  8.29368e+06
4393  8.29603e+06
4394  8.29838e+06
4395  8.30073e+06
4396  8.30308e+06
4397  8.30543e+06
4398  8.30778e+06
4399  8.31013e+06
4400  8.31248e+06
4401  8.31483e+06
4402  8.31718e+06
4403  8.31954e+06
4404  8.32189e+06
4405  8.32424e+06
4406  8.32659e+06
4407  8.32894e+06
4408  8.33129e+06
4409  8.33364e+06
4410  8.336e+06
4411  8.33835e+06
4412  8.3407e+06
4413  8.34305e+06
4414  8.3454e+06
4415  8.34776e+06
4416  8.35011e+06
4417  8.35246e+06
4418  8.35481e+06
4419  8.35717e+06
4420  8.35952e+06
4421  8.36187e+06
4422  8.36423e+06
4423  8.36658e+06
4424  8.36893e+06
4425  8.37128e+06
4426  8.37364e+06
4427  8.37599e+06
4428  8.37834e+06
4429  8.3807e+06
4430  8.38305e+06
4431  8.38541e+06
4432  8.38776e+06
4433  8.39011e+06
4434  8.39247e+06
4435  8.39482e+06
4436  8.39718e+06
4437  8.39953e+06
4438  8.40188e+06
4439  8.40424e+06
4440  8.40659e+06
4441  8.40895e+06
4442  8.4113e+06
4443  8.41366e+06
4444  8.41601e+06
4445  8.41837e+06
4446  8.42072e+06
4447  8.42308e+06
4448  8.42543e+06
4449  8.42779e+06
4450  8.43014e+06
4451  8.4325e+06
4452  8.43486e+06
4453  8.43721e+06
4454  8.43957e+06
4455  8.44192e+06
4456  8.44428e+06
4457  8.44664e+06
4458  8.44899e+06
4459  8.45135e+06
4460  8.4537e+06
4461  8.45606e+06
4462  8.45842e+06
4463  8.46077e+06
4464  8.46313e+06
4465  8.46549e+06
4466  8.46784e+06
4467  8.4702e+06
4468  8.47256e+06
4469  8.47492e+06
4470  8.47727e+06
4471  8.47963e+06
4472  8.48199e+06
4473  8.48435e+06
4474  8.4867e+06
4475  8.48906e+06
4476  8.49142e+06
4477  8.49378e+06
4478  8.49614e+06
4479  8.49849e+06
4480  8.50085e+06
4481  8.50321e+06
4482  8.50557e+06
4483  8.50793e+06
4484  8.51029e+06
4485  8.51264e+06
4486  8.515e+06
4487  8.51736e+06
4488  8.51972e+06
4489  8.52208e+06
4490  8.52444e+06
4491  8.5268e+06
4492  8.52916e+06
4493  8.53152e+06
4494  8.53388e+06
4495  8.53624e+06
4496  8.5386e+06
4497  8.54096e+06
4498  8.54332e+06
4499  8.54568e+06
4500  8.54804e+06
4501  8.5504e+06
4502  8.55276e+06
4503  8.55512e+06
4504  8.55748e+06
4505  8.55984e+06
4506  8.5622e+06
4507  8.56456e+06
4508  8.56692e+06
4509  8.56928e+06
4510  8.57164e+06
4511  8.574e+06
4512  8.57636e+06
4513  8.57872e+06
4514  8.58109e+06
4515  8.58345e+06
4516  8.58581e+06
4517  8.58817e+06
4518  8.59053e+06
4519  8.59289e+06
4520  8.59526e+06
4521  8.59762e+06
4522  8.59998e+06
4523  8.60234e+06
4524  8.6047e+06
4525  8.60707e+06
4526  8.60943e+06
4527  8.61179e+06
4528  8.61415e+06
4529  8.61652e+06
4530  8.61888e+06
4531  8.62124e+06
4532  8.6236e+06
4533  8.62597e+06
4534  8.62833e+06
4535  8.63069e+06
4536  8.63306e+06
4537  8.63542e+06
4538  8.63778e+06
4539  8.64015e+06
4540  8.64251e+06
4541  8.64488e+06
4542  8.64724e+06
4543  8.6496e+06
4544  8.65197e+06
4545  8.65433e+06
4546  8.6567e+06
4547  8.65906e+06
4548  8.66142e+06
4549  8.66379e+06
4550  8.66615e+06
4551  8.66852e+06
4552  8.67088e+06
4553  8.67325e+06
4554  8.67561e+06
4555  8.67798e+06
4556  8.68034e+06
4557  8.68271e+06
4558  8.68507e+06
4559  8.68744e+06
4560  8.6898e+06
4561  8.69217e+06
4562  8.69454e+06
4563  8.6969e+06
4564  8.69927e+06
4565  8.70163e+06
4566  8.704e+06
4567  8.70637e+06
4568  8.70873e+06
4569  8.7111e+06
4570  8.71346e+06
4571  8.71583e+06
4572  8.7182e+06
4573  8.72056e+06
4574  8.72293e+06
4575  8.7253e+06
4576  8.72766e+06
4577  8.73003e+06
4578  8.7324e+06
4579  8.73477e+06
4580  8.73713e+06
4581  8.7395e+06
4582  8.74187e+06
4583  8.74424e+06
4584  8.7466e+06
4585  8.74897e+06
4586  8.75134e+06
4587  8.75371e+06
4588  8.75607e+06
4589  8.75844e+06
4590  8.76081e+06
4591  8.76318e+06
4592  8.76555e+06
4593  8.76792e+06
4594  8.77029e+06
4595  8.77265e+06
4596  8.77502e+06
4597  8.77739e+06
4598  8.77976e+06
4599  8.78213e+06
4600  8.7845e+06
4601  8.78687e+06
4602  8.78924e+06
4603  8.79161e+06
4604  8.79398e+06
4605  8.79635e+06
4606  8.79872e+06
4607  8.80108e+06
4608  8.80345e+06
4609  8.80582e+06
4610  8.80819e+06
4611  8.81056e+06
4612  8.81294e+06
4613  8.81531e+06
4614  8.81768e+06
4615  8.82005e+06
4616  8.82242e+06
4617  8.82479e+06
4618  8.82716e+06
4619  8.82953e+06
4620  8.8319e+06
4621  8.83427e+06
4622  8.83664e+06
4623  8.83901e+06
4624  8.84138e+06
4625  8.84376e+06
4626  8.84613e+06
4627  8.8485e+06
4628  8.85087e+06
4629  8.85324e+06
4630  8.85561e+06
4631  8.85799e+06
4632  8.86036e+06
4633  8.86273e+06
4634  8.8651e+06
4635  8.86748e+06
4636  8.86985e+06
4637  8.87222e+06
4638  8.87459e+06
4639  8.87697e+06
4640  8.87934e+06
4641  8.88171e+06
4642  8.88408e+06
4643  8.88646e+06
4644  8.88883e+06
4645  8.8912e+06
4646  8.89358e+06
4647  8.89595e+06
4648  8.89832e+06
4649  8.9007e+06
4650  8.90307e+06
4651  8.90544e+06
4652  8.90782e+06
4653  8.91019e+06
4654  8.91257e+06
4655  8.91494e+06
4656  8.91731e+06
4657  8.91969e+06
4658  8.92206e+06
4659  8.92444e+06
4660  8.92681e+06
4661  8.92919e+06
4662  8.93156e+06
4663  8.93394e+06
4664  8.93631e+06
4665  8.93869e+06
4666  8.94106e+06
4667  8.94344e+06
4668  8.94581e+06
4669  8.94819e+06
4670  8.95056e+06
4671  8.95294e+06
4672  8.95531e+06
4673  8.95769e+06
4674  8.96007e+06
4675  8.96244e+06
4676  8.96482e+06
4677  8.96719e+06
4678  8.96957e+06
4679  8.97195e+06
4680  8.97432e+06
4681  8.9767e+06
4682  8.97908e+06
4683  8.98145e+06
4684  8.98383e+06
4685  8.98621e+06
4686  8.98858e+06
4687  8.99096e+06
4688  8.99334e+06
4689  8.99571e+06
4690  8.99809e+06
4691  9.00047e+06
4692  9.00285e+06
4693  9.00522e+06
4694  9.0076e+06
4695  9.00998e+06
4696  9.01236e+06
4697  9.01473e+06
4698  9.01711e+06
4699  9.01949e+06
4700  9.02187e+06
4701  9.02425e+06
4702  9.02663e+06
4703  9.029e+06
4704  9.03138e+06
4705  9.03376e+06
4706  9.03614e+06
4707  9.03852e+06
4708  9.0409e+06
4709  9.04328e+06
4710  9.04566e+06
4711  9.04803e+06
4712  9.05041e+06
4713  9.05279e+06
4714  9.05517e+06
4715  9.05755e+06
4716  9.05993e+06
4717  9.06231e+06
4718  9.06469e+06
4719  9.06707e+06
4720  9.06945e+06
4721  9.07183e+06
4722  9.07421e+06
4723  9.07659e+06
4724  9.07897e+06
4725  9.08135e+06
4726  9.08373e+06
4727  9.08611e+06
4728  9.08849e+06
4729  9.09088e+06
4730  9.09326e+06
4731  9.09564e+06
4732  9.09802e+06
4733  9.1004e+06
4734  9.10278e+06
4735  9.10516e+06
4736  9.10754e+06
4737  9.10993e+06
4738  9.11231e+06
4739  9.11469e+06
4740  9.11707e+06
4741  9.11945e+06
4742  9.12183e+06
4743  9.12422e+06
4744  9.1266e+06
4745  9.12898e+06
4746  9.13136e+06
4747  9.13375e+06
4748  9.13613e+06
4749  9.13851e+06
4750  9.14089e+06
4751  9.14328e+06
4752  9.14566e+06
4753  9.14804e+06
4754  9.15043e+06
4755  9.15281e+06
4756  9.15519e+06
4757  9.15757e+06
4758  9.15996e+06
4759  9.16234e+06
4760  9.16473e+06
4761  9.16711e+06
4762  9.16949e+06
4763  9.17188e+06
4764  9.17426e+06
4765  9.17664e+06
4766  9.17903e+06
4767  9.18141e+06
4768  9.1838e+06
4769  9.18618e+06
4770  9.18857e+06
4771  9.19095e+06
4772  9.19334e+06
4773  9.19572e+06
4774  9.19811e+06
4775  9.20049e+06
4776  9.20288e+06
4777  9.20526e+06
4778  9.20765e+06
4779  9.21003e+06
4780  9.21242e+06
4781  9.2148e+06
4782  9.21719e+06
4783  9.21957e+06
4784  9.22196e+06
4785  9.22434e+06
4786  9.22673e+06
4787  9.22912e+06
4788  9.2315e+06
4789  9.23389e+06
4790  9.23628e+06
4791  9.23866e+06
4792  9.24105e+06
4793  9.24344e+06
4794  9.24582e+06
4795  9.24821e+06
4796  9.2506e+06
4797  9.25298e+06
4798  9.25537e+06
4799  9.25776e+06
4800  9.26014e+06
4801  9.26253e+06
4802  9.26492e+06
4803  9.26731e+06
4804  9.26969e+06
4805  9.27208e+06
4806  9.27447e+06
4807  9.27686e+06
4808  9.27924e+06
4809  9.28163e+06
4810  9.28402e+06
4811  9.28641e+06
4812  9.2888e+06
4813  9.29119e+06
4814  9.29357e+06
4815  9.29596e+06
4816  9.29835e+06
4817  9.30074e+06
4818  9.30313e+06
4819  9.30552e+06
4820  9.30791e+06
4821  9.3103e+06
4822  9.31269e+06
4823  9.31507e+06
4824  9.31746e+06
4825  9.31985e+06
4826  9.32224e+06
4827  9.32463e+06
4828  9.32702e+06
4829  9.32941e+06
4830  9.3318e+06
4831  9.33419e+06
4832  9.33658e+06
4833  9.33897e+06
4834  9.34136e+06
4835  9.34375e+06
4836  9.34614e+06
4837  9.34853e+06
4838  9.35092e+06
4839  9.35332e+06
4840  9.35571e+06
4841  9.3581e+06
4842  9.36049e+06
4843  9.36288e+06
4844  9.36527e+06
4845  9.36766e+06
4846  9.37005e+06
4847  9.37244e+06
4848  9.37484e+06
4849  9.37723e+06
4850  9.37962e+06
4851  9.38201e+06
4852  9.3844e+06
4853  9.3868e+06
4854  9.38919e+06
4855  9.39158e+06
4856  9.39397e+06
4857  9.39636e+06
4858  9.39876e+06
4859  9.40115e+06
4860  9.40354e+06
4861  9.40593e+06
4862  9.40833e+06
4863  9.41072e+06
4864  9.41311e+06
4865  9.41551e+06
4866  9.4179e+06
4867  9.42029e+06
4868  9.42269e+06
4869  9.42508e+06
4870  9.42747e+06
4871  9.42987e+06
4872  9.43226e+06
4873  9.43465e+06
4874  9.43705e+06
4875  9.43944e+06
4876  9.44184e+06
4877  9.44423e+06
4878  9.44662e+06
4879  9.44902e+06
4880  9.45141e+06
4881  9.45381e+06
4882  9.4562e+06
4883  9.4586e+06
4884  9.46099e+06
4885  9.46339e+06
4886  9.46578e+06
4887  9.46818e+06
4888  9.47057e+06
4889  9.47297e+06
4890  9.47536e+06
4891  9.47776e+06
4892  9.48015e+06
4893  9.48255e+06
4894  9.48494e+06
4895  9.48734e+06
4896  9.48974e+06
4897  9.49213e+06
4898  9.49453e+06
4899  9.49692e+06
4900  9.49932e+06
4901  9.50172e+06
4902  9.50411e+06
4903  9.50651e+06
4904  9.50891e+06
4905  9.5113e+06
4906  9.5137e+06
4907  9.5161e+06
4908  9.51849e+06
4909  9.52089e+06
4910  9.52329e+06
4911  9.52569e+06
4912  9.52808e+06
4913  9.53048e+06
4914  9.53288e+06
4915  9.53527e+06
4916  9.53767e+06
4917  9.54007e+06
4918  9.54247e+06
4919  9.54487e+06
4920  9.54726e+06
4921  9.54966e+06
4922  9.55206e+06
4923  9.55446e+06
4924  9.55686e+06
4925  9.55926e+06
4926  9.56165e+06
4927  9.56405e+06
4928  9.56645e+06
4929  9.56885e+06
4930  9.57125e+06
4931  9.57365e+06
4932  9.57605e+06
4933  9.57845e+06
4934  9.58085e+06
4935  9.58325e+06
4936  9.58564e+06
4937  9.58804e+06
4938  9.59044e+06
4939  9.59284e+06
4940  9.59524e+06
4941  9.59764e+06
4942  9.60004e+06
4943  9.60244e+06
4944  9.60484e+06
4945  9.60724e+06
4946  9.60964e+06
4947  9.61205e+06
4948  9.61445e+06
4949  9.61685e+06
4950  9.61925e+06
4951  9.62165e+06
4952  9.62405e+06
4953  9.62645e+06
4954  9.62885e+06
4955  9.63125e+06
4956  9.63365e+06
4957  9.63605e+06
4958  9.63846e+06
4959  9.64086e+06
4960  9.64326e+06
4961  9.64566e+06
4962  9.64806e+06
4963  9.65046e+06
4964  9.65287e+06
4965  9.65527e+06
4966  9.65767e+06
4967  9.66007e+06
4968  9.66248e+06
4969  9.66488e+06
4970  9.66728e+06
4971  9.66968e+06
4972  9.67209e+06
4973  9.67449e+06
4974  9.67689e+06
4975  9.67929e+06
4976  9.6817e+06
4977  9.6841e+06
4978  9.6865e+06
4979  9.68891e+06
4980  9.69131e+06
4981  9.69371e+06
4982  9.69612e+06
4983  9.69852e+06
4984  9.70093e+06
4985  9.70333e+06
4986  9.70573e+06
4987  9.70814e+06
4988  9.71054e+06
4989  9.71295e+06
4990  9.71535e+06
4991  9.71775e+06
4992  9.72016e+06
4993  9.72256e+06
4994  9.72497e+06
4995  9.72737e+06
4996  9.72978e+06
4997  9.73218e+06
4998  9.73459e+06
4999  9.73699e+06
5000  9.7394e+06
