#Longshot inviscid contour determined from turbulent CFD using SST model. Valid for experiment at low Reynolds number at t=10ms.
#distance_from_throat(m)	radius(m)
-6.4900000e-02	3.8095185e-02
-6.4600965e-02	3.8094723e-02
-6.4304920e-02	3.8094221e-02
-6.4011836e-02	3.8093706e-02
-6.3721683e-02	3.8093207e-02
-6.3434431e-02	3.8092751e-02
-6.3150051e-02	3.8092366e-02
-6.2868516e-02	3.8092060e-02
-6.2589795e-02	3.8091865e-02
-6.2313861e-02	3.8091717e-02
-6.2040688e-02	3.8091644e-02
-6.1770246e-02	3.8091621e-02
-6.1502508e-02	3.8091659e-02
-6.1237448e-02	3.8091718e-02
-6.0975038e-02	3.8091812e-02
-6.0715252e-02	3.8091966e-02
-6.0458065e-02	3.8092134e-02
-6.0203449e-02	3.8092331e-02
-5.9951379e-02	3.8092565e-02
-5.9701830e-02	3.8092810e-02
-5.9454777e-02	3.8093121e-02
-5.9210194e-02	3.8093439e-02
-5.8968057e-02	3.8093741e-02
-5.8728341e-02	3.8094117e-02
-5.8491022e-02	3.8094495e-02
-5.8256077e-02	3.8094901e-02
-5.8023481e-02	3.8095275e-02
-5.7793211e-02	3.8095589e-02
-5.7565244e-02	3.8095907e-02
-5.7339556e-02	3.8096015e-02
-5.7116125e-02	3.8095987e-02
-5.6894929e-02	3.8095857e-02
-5.6675944e-02	3.8095558e-02
-5.6459150e-02	3.8095331e-02
-5.6244524e-02	3.8095017e-02
-5.6032044e-02	3.8094868e-02
-5.5821688e-02	3.8094821e-02
-5.5613436e-02	3.8094792e-02
-5.5407266e-02	3.8094849e-02
-5.5203158e-02	3.8094710e-02
-5.5001091e-02	3.8094175e-02
-5.4766425e-02	3.8092991e-02
-5.4522183e-02	3.8091186e-02
-5.4267975e-02	3.8088327e-02
-5.4003401e-02	3.8084536e-02
-5.3728052e-02	3.8079012e-02
-5.3441519e-02	3.8071185e-02
-5.3143398e-02	3.8060052e-02
-5.2833298e-02	3.8044678e-02
-5.2510857e-02	3.8023415e-02
-5.2175753e-02	3.7995093e-02
-5.1827722e-02	3.7957951e-02
-5.1466574e-02	3.7910028e-02
-5.1092213e-02	3.7849438e-02
-5.0704655e-02	3.7773944e-02
-5.0304034e-02	3.7681888e-02
-4.9890616e-02	3.7571043e-02
-4.9464791e-02	3.7439612e-02
-4.9027062e-02	3.7286110e-02
-4.8578029e-02	3.7109305e-02
-4.8118351e-02	3.6907024e-02
-4.7666950e-02	3.6688005e-02
-4.7241311e-02	3.6463268e-02
-4.6839923e-02	3.6234665e-02
-4.6461267e-02	3.6003784e-02
-4.6103858e-02	3.5771989e-02
-4.5766268e-02	3.5540409e-02
-4.5447151e-02	3.5310178e-02
-4.5145257e-02	3.5082247e-02
-4.4859420e-02	3.4857484e-02
-4.4588561e-02	3.4636719e-02
-4.4331695e-02	3.4420441e-02
-4.4087910e-02	3.4209063e-02
-4.3856368e-02	3.4002881e-02
-4.3636297e-02	3.3802102e-02
-4.3426992e-02	3.3606829e-02
-4.3227803e-02	3.3417147e-02
-4.3038130e-02	3.3233098e-02
-4.2857419e-02	3.3054467e-02
-4.2685157e-02	3.2881321e-02
-4.2520870e-02	3.2713757e-02
-4.2374540e-02	3.2562537e-02
-4.2225449e-02	3.2406582e-02
-4.2073548e-02	3.2245761e-02
-4.1918788e-02	3.2079325e-02
-4.1761115e-02	3.1907745e-02
-4.1600476e-02	3.1730920e-02
-4.1436814e-02	3.1548735e-02
-4.1270069e-02	3.1361063e-02
-4.1100180e-02	3.1167753e-02
-4.0927083e-02	3.0968676e-02
-4.0750709e-02	3.0763657e-02
-4.0570990e-02	3.0552544e-02
-4.0387853e-02	3.0335175e-02
-4.0201222e-02	3.0111377e-02
-4.0011017e-02	2.9880990e-02
-3.9817152e-02	2.9643834e-02
-3.9619538e-02	2.9399754e-02
-3.9418083e-02	2.9148573e-02
-3.9212688e-02	2.8890108e-02
-3.9003251e-02	2.8624192e-02
-3.8789661e-02	2.8350641e-02
-3.8571802e-02	2.8069287e-02
-3.8349556e-02	2.7779949e-02
-3.8122792e-02	2.7482432e-02
-3.7891375e-02	2.7176581e-02
-3.7655160e-02	2.6862215e-02
-3.7413994e-02	2.6539129e-02
-3.7167714e-02	2.6207164e-02
-3.6916148e-02	2.5866121e-02
-3.6659112e-02	2.5515809e-02
-3.6396408e-02	2.5156034e-02
-3.6127826e-02	2.4786602e-02
-3.5853145e-02	2.4407327e-02
-3.5572126e-02	2.4018037e-02
-3.5284514e-02	2.3618583e-02
-3.4990031e-02	2.3208784e-02
-3.4688381e-02	2.2788499e-02
-3.4379248e-02	2.2357550e-02
-3.4062290e-02	2.1915812e-02
-3.3737139e-02	2.1463084e-02
-3.3411640e-02	2.1010650e-02
-3.3093673e-02	2.0569746e-02
-3.2782920e-02	2.0140188e-02
-3.2479089e-02	1.9721784e-02
-3.2181911e-02	1.9314313e-02
-3.1891135e-02	1.8917577e-02
-3.1606529e-02	1.8531389e-02
-3.1327879e-02	1.8155520e-02
-3.1054986e-02	1.7789254e-02
-3.0787668e-02	1.7432896e-02
-3.0525752e-02	1.7086239e-02
-3.0269072e-02	1.6749074e-02
-3.0017478e-02	1.6421191e-02
-2.9770829e-02	1.6102379e-02
-2.9528992e-02	1.5792431e-02
-2.9291842e-02	1.5491143e-02
-2.9059259e-02	1.5198311e-02
-2.8831135e-02	1.4913734e-02
-2.8607364e-02	1.4637214e-02
-2.8387847e-02	1.4368555e-02
-2.8172487e-02	1.4107565e-02
-2.7961196e-02	1.3854055e-02
-2.7753891e-02	1.3607835e-02
-2.7550489e-02	1.3368723e-02
-2.7350912e-02	1.3136537e-02
-2.7155087e-02	1.2911101e-02
-2.6962940e-02	1.2692240e-02
-2.6774405e-02	1.2479783e-02
-2.6589416e-02	1.2273561e-02
-2.6407913e-02	1.2073406e-02
-2.6229835e-02	1.1879155e-02
-2.6055123e-02	1.1690652e-02
-2.5883717e-02	1.1507741e-02
-2.5715560e-02	1.1330272e-02
-2.5550600e-02	1.1158096e-02
-2.5388785e-02	1.0991063e-02
-2.5230066e-02	1.0829032e-02
-2.5074393e-02	1.0671860e-02
-2.4921719e-02	1.0519410e-02
-2.4771996e-02	1.0371548e-02
-2.4629455e-02	1.0232299e-02
-2.4486879e-02	1.0094507e-02
-2.4344263e-02	9.9581804e-03
-2.4201605e-02	9.8233236e-03
-2.4058899e-02	9.6899433e-03
-2.3916142e-02	9.5580453e-03
-2.3773331e-02	9.4276355e-03
-2.3630464e-02	9.2987189e-03
-2.3487540e-02	9.1713004e-03
-2.3344557e-02	9.0453843e-03
-2.3201514e-02	8.9209760e-03
-2.3058409e-02	8.7980816e-03
-2.2915241e-02	8.6767071e-03
-2.2772009e-02	8.5568581e-03
-2.2628714e-02	8.4385392e-03
-2.2485356e-02	8.3217548e-03
-2.2341936e-02	8.2065087e-03
-2.2198457e-02	8.0928051e-03
-2.2054919e-02	7.9806487e-03
-2.1911324e-02	7.8700437e-03
-2.1767675e-02	7.7609943e-03
-2.1623974e-02	7.6535053e-03
-2.1480223e-02	7.5475816e-03
-2.1336425e-02	7.4432275e-03
-2.1192583e-02	7.3404456e-03
-2.1048705e-02	7.2392364e-03
-2.0904796e-02	7.1396003e-03
-2.0760863e-02	7.0415376e-03
-2.0616911e-02	6.9450505e-03
-2.0472945e-02	6.8501416e-03
-2.0328971e-02	6.7568130e-03
-2.0184996e-02	6.6650655e-03
-2.0041027e-02	6.5748986e-03
-1.9897071e-02	6.4863114e-03
-1.9753138e-02	6.3993026e-03
-1.9609236e-02	6.3138699e-03
-1.9465375e-02	6.2300109e-03
-1.9321563e-02	6.1477225e-03
-1.9177810e-02	6.0670010e-03
-1.9034127e-02	5.9878418e-03
-1.8890524e-02	5.9102399e-03
-1.8747012e-02	5.8341902e-03
-1.8603600e-02	5.7596872e-03
-1.8460300e-02	5.6867250e-03
-1.8317122e-02	5.6152975e-03
-1.8174079e-02	5.5453966e-03
-1.8031182e-02	5.4770125e-03
-1.7888443e-02	5.4101351e-03
-1.7745875e-02	5.3447543e-03
-1.7603489e-02	5.2808595e-03
-1.7461299e-02	5.2184399e-03
-1.7319314e-02	5.1574846e-03
-1.7177550e-02	5.0979802e-03
-1.7036017e-02	5.0399112e-03
-1.6894730e-02	4.9832624e-03
-1.6753700e-02	4.9280185e-03
-1.6612941e-02	4.8741643e-03
-1.6472463e-02	4.8216848e-03
-1.6332279e-02	4.7705651e-03
-1.6192400e-02	4.7207896e-03
-1.6052836e-02	4.6723423e-03
-1.5913600e-02	4.6252073e-03
-1.5774702e-02	4.5793677e-03
-1.5636154e-02	4.5348021e-03
-1.5497969e-02	4.4914876e-03
-1.5360157e-02	4.4494016e-03
-1.5222730e-02	4.4085233e-03
-1.5085698e-02	4.3688350e-03
-1.4949068e-02	4.3303191e-03
-1.4812851e-02	4.2929580e-03
-1.4677055e-02	4.2567291e-03
-1.4541691e-02	4.2216067e-03
-1.4406768e-02	4.1875655e-03
-1.4272296e-02	4.1545815e-03
-1.4138281e-02	4.1226354e-03
-1.4004731e-02	4.0917091e-03
-1.3871652e-02	4.0617850e-03
-1.3739051e-02	4.0328425e-03
-1.3606934e-02	4.0048552e-03
-1.3475310e-02	3.9777963e-03
-1.3328968e-02	3.9486550e-03
-1.3183171e-02	3.9205920e-03
-1.3037927e-02	3.8935849e-03
-1.2893241e-02	3.8676121e-03
-1.2749119e-02	3.8426497e-03
-1.2605568e-02	3.8186651e-03
-1.2462597e-02	3.7956247e-03
-1.2320210e-02	3.7734953e-03
-1.2178415e-02	3.7522464e-03
-1.2037215e-02	3.7318491e-03
-1.1896615e-02	3.7122753e-03
-1.1756619e-02	3.6934987e-03
-1.1617230e-02	3.6754985e-03
-1.1478450e-02	3.6582555e-03
-1.1340280e-02	3.6417505e-03
-1.1202725e-02	3.6259578e-03
-1.1065785e-02	3.6108443e-03
-1.0929466e-02	3.5963768e-03
-1.0793768e-02	3.5825245e-03
-1.0658692e-02	3.5692663e-03
-1.0524239e-02	3.5565858e-03
-1.0390410e-02	3.5444671e-03
-1.0257203e-02	3.5328923e-03
-1.0124619e-02	3.5218379e-03
-9.9926591e-03	3.5112791e-03
-9.8613227e-03	3.5011922e-03
-9.7306096e-03	3.4915548e-03
-9.6005193e-03	3.4823470e-03
-9.4710509e-03	3.4735496e-03
-9.3422035e-03	3.4651437e-03
-9.2139757e-03	3.4571135e-03
-9.0863661e-03	3.4494459e-03
-8.9593731e-03	3.4421283e-03
-8.8329949e-03	3.4351482e-03
-8.7072299e-03	3.4284892e-03
-8.5820766e-03	3.4221317e-03
-8.4575336e-03	3.4160562e-03
-8.3335990e-03	3.4102440e-03
-8.2102711e-03	3.4046774e-03
-8.0875478e-03	3.3993397e-03
-7.9654271e-03	3.3942147e-03
-7.8439068e-03	3.3892870e-03
-7.7229844e-03	3.3845496e-03
-7.6026573e-03	3.3800041e-03
-7.4829225e-03	3.3756527e-03
-7.3637773e-03	3.3714973e-03
-7.2452191e-03	3.3675290e-03
-7.1272460e-03	3.3637213e-03
-7.0098562e-03	3.3600467e-03
-6.8930476e-03	3.3564787e-03
-6.7768181e-03	3.3529981e-03
-6.6611646e-03	3.3496095e-03
-6.5460842e-03	3.3463217e-03
-6.4315738e-03	3.3431436e-03
-6.3176303e-03	3.3400818e-03
-6.2042512e-03	3.3371274e-03
-6.0914342e-03	3.3342628e-03
-5.9791770e-03	3.3314713e-03
-5.8674772e-03	3.3287362e-03
-5.7563323e-03	3.3260481e-03
-5.6457396e-03	3.3234087e-03
-5.5356962e-03	3.3208210e-03
-5.4261993e-03	3.3182877e-03
-5.3172462e-03	3.3158103e-03
-5.2088343e-03	3.3133823e-03
-5.1009611e-03	3.3109932e-03
-4.9936242e-03	3.3086328e-03
-4.8868212e-03	3.3062911e-03
-4.7805496e-03	3.3039622e-03
-4.6748065e-03	3.3016507e-03
-4.5695893e-03	3.2993625e-03
-4.4648951e-03	3.2971035e-03
-4.3607213e-03	3.2948795e-03
-4.2570653e-03	3.2926901e-03
-4.1539247e-03	3.2905272e-03
-4.0512970e-03	3.2883825e-03
-3.9491799e-03	3.2862477e-03
-3.8475711e-03	3.2841153e-03
-3.7464679e-03	3.2819853e-03
-3.6458678e-03	3.2798645e-03
-3.5457680e-03	3.2777598e-03
-3.4461660e-03	3.2756779e-03
-3.3470592e-03	3.2736251e-03
-3.2484450e-03	3.2716014e-03
-3.1503212e-03	3.2696014e-03
-3.0526853e-03	3.2676199e-03
-2.9555352e-03	3.2656516e-03
-2.8588684e-03	3.2636916e-03
-2.7626825e-03	3.2617407e-03
-2.6669750e-03	3.2598066e-03
-2.5717434e-03	3.2578972e-03
-2.4769852e-03	3.2560200e-03
-2.3826978e-03	3.2541824e-03
-2.2888789e-03	3.2523883e-03
-2.1955262e-03	3.2506341e-03
-2.1026373e-03	3.2489154e-03
-2.0102101e-03	3.2472276e-03
-1.9182423e-03	3.2455666e-03
-1.8267318e-03	3.2439296e-03
-1.7356760e-03	3.2423243e-03
-1.6450728e-03	3.2407628e-03
-1.5549196e-03	3.2392569e-03
-1.4652141e-03	3.2378179e-03
-1.3759541e-03	3.2364569e-03
-1.2871373e-03	3.2351758e-03
-1.1987601e-03	3.2339607e-03
-1.1108228e-03	3.2327964e-03
-1.0233226e-03	3.2316684e-03
-9.3625798e-04	3.2305622e-03
-8.4962476e-04	3.2294663e-03
-7.6342401e-04	3.2284084e-03
-6.7765041e-04	3.2274457e-03
-5.9230202e-04	3.2266352e-03
-5.0737657e-04	3.2260317e-03
-4.2287171e-04	3.2256885e-03
-3.3878859e-04	3.2256473e-03
-2.5512155e-04	3.2258555e-03
-1.7187224e-04	3.2262119e-03
-8.9038030e-05	3.2266174e-03
-6.6143242e-06	3.2269760e-03
6.7675721e-05	3.2271983e-03
1.4270865e-04	3.2273552e-03
2.1849172e-04	3.2275048e-03
2.9503233e-04	3.2277091e-03
3.7233788e-04	3.2280321e-03
4.5041588e-04	3.2285008e-03
5.2927400e-04	3.2291031e-03
6.0891991e-04	3.2298244e-03
6.8936137e-04	3.2306489e-03
7.7060622e-04	3.2315683e-03
8.5266230e-04	3.2325890e-03
9.3553758e-04	3.2337195e-03
1.0192401e-03	3.2349684e-03
1.1037779e-03	3.2363428e-03
1.1891592e-03	3.2378450e-03
1.2753922e-03	3.2394770e-03
1.3624853e-03	3.2412411e-03
1.4504464e-03	3.2431631e-03
1.5392823e-03	3.2452964e-03
1.6290021e-03	3.2476368e-03
1.7196152e-03	3.2501558e-03
1.8111310e-03	3.2528233e-03
1.9035593e-03	3.2556098e-03
1.9969088e-03	3.2585192e-03
2.0911877e-03	3.2615796e-03
2.1864043e-03	3.2648209e-03
2.2825671e-03	3.2682681e-03
2.3796854e-03	3.2719181e-03
2.4777691e-03	3.2757597e-03
2.5768279e-03	3.2797814e-03
2.6768715e-03	3.2839832e-03
2.7779093e-03	3.2883733e-03
2.8799506e-03	3.2929604e-03
2.9830052e-03	3.2977508e-03
3.0870828e-03	3.3027486e-03
3.1921933e-03	3.3079577e-03
3.2983466e-03	3.3133833e-03
3.4055527e-03	3.3190318e-03
3.5138216e-03	3.3249099e-03
3.6231635e-03	3.3310240e-03
3.7335884e-03	3.3373804e-03
3.8451069e-03	3.3439853e-03
3.9577292e-03	3.3508438e-03
4.0714660e-03	3.3579607e-03
4.1863281e-03	3.3653411e-03
4.3023260e-03	3.3729905e-03
4.4194707e-03	3.3809142e-03
4.5377731e-03	3.3891184e-03
4.6572441e-03	3.3976091e-03
4.7778948e-03	3.4063929e-03
4.8997365e-03	3.4154771e-03
5.0227802e-03	3.4248680e-03
5.1470375e-03	3.4345711e-03
5.2725200e-03	3.4445918e-03
5.3992392e-03	3.4549368e-03
5.5272068e-03	3.4656131e-03
5.6564346e-03	3.4766265e-03
5.7869347e-03	3.4879825e-03
5.9187192e-03	3.4996864e-03
6.0518004e-03	3.5117439e-03
6.1861904e-03	3.5241611e-03
6.3219017e-03	3.5369453e-03
6.4589469e-03	3.5501013e-03
6.5973394e-03	3.5636289e-03
6.7370922e-03	3.5775307e-03
6.8782177e-03	3.5918182e-03
7.0207288e-03	3.6065007e-03
7.1646391e-03	3.6215788e-03
7.3099625e-03	3.6370542e-03
7.4567121e-03	3.6529354e-03
7.6049016e-03	3.6692294e-03
7.7545450e-03	3.6859386e-03
7.9056569e-03	3.7030631e-03
8.0582523e-03	3.7206012e-03
8.2123458e-03	3.7385552e-03
8.3679515e-03	3.7569337e-03
8.5250837e-03	3.7757445e-03
8.6837571e-03	3.7949933e-03
8.8439886e-03	3.8146691e-03
9.0057959e-03	3.8347566e-03
9.1691927e-03	3.8552733e-03
9.3341928e-03	3.8762390e-03
9.5008132e-03	3.8976459e-03
9.6690716e-03	3.9194855e-03
9.8389850e-03	3.9417556e-03
1.0010570e-02	3.9644565e-03
1.0183844e-02	3.9875894e-03
1.0358823e-02	4.0111573e-03
1.0535525e-02	4.0351616e-03
1.0713967e-02	4.0596009e-03
1.0894167e-02	4.0844777e-03
1.1076142e-02	4.1097981e-03
1.1259910e-02	4.1355589e-03
1.1445492e-02	4.1617561e-03
1.1632904e-02	4.1883920e-03
1.1822165e-02	4.2154701e-03
1.2013293e-02	4.2429925e-03
1.2206310e-02	4.2709547e-03
1.2401233e-02	4.2993520e-03
1.2598084e-02	4.3281829e-03
1.2796882e-02	4.3574525e-03
1.2997645e-02	4.3871706e-03
1.3200391e-02	4.4173478e-03
1.3405144e-02	4.4479621e-03
1.3611929e-02	4.4789947e-03
1.3820760e-02	4.5104761e-03
1.4031658e-02	4.5424140e-03
1.4244646e-02	4.5747958e-03
1.4459748e-02	4.6076083e-03
1.4676981e-02	4.6408742e-03
1.4896367e-02	4.6746043e-03
1.5117934e-02	4.7087569e-03
1.5341699e-02	4.7433603e-03
1.5567684e-02	4.7784275e-03
1.5795917e-02	4.8139199e-03
1.6026415e-02	4.8498795e-03
1.6259202e-02	4.8863011e-03
1.6494307e-02	4.9231491e-03
1.6731747e-02	4.9604670e-03
1.6971548e-02	4.9982402e-03
1.7213738e-02	5.0364564e-03
1.7458335e-02	5.0751426e-03
1.7705367e-02	5.1142899e-03
1.7954858e-02	5.1536551e-03
1.8206835e-02	5.1933058e-03
1.8461321e-02	5.2334043e-03
1.8718341e-02	5.2739931e-03
1.8977923e-02	5.3149921e-03
1.9240092e-02	5.3564924e-03
1.9504873e-02	5.3984069e-03
1.9772294e-02	5.4408268e-03
2.0042383e-02	5.4836654e-03
2.0315166e-02	5.5270154e-03
2.0590669e-02	5.5707794e-03
2.0868919e-02	5.6150446e-03
2.1149946e-02	5.6597381e-03
2.1433778e-02	5.7049554e-03
2.1720443e-02	5.7506102e-03
2.2009970e-02	5.7968027e-03
2.2302386e-02	5.8434216e-03
2.2597721e-02	5.8905646e-03
2.2896005e-02	5.9381367e-03
2.3197268e-02	5.9862111e-03
2.3501542e-02	6.0348346e-03
2.3808854e-02	6.0839167e-03
2.4119235e-02	6.1335386e-03
2.4432715e-02	6.1836017e-03
2.4749330e-02	6.2342151e-03
2.5069106e-02	6.2852873e-03
2.5392067e-02	6.3369735e-03
2.5733203e-02	6.3914737e-03
2.6077047e-02	6.4464948e-03
2.6423647e-02	6.5018967e-03
2.6773015e-02	6.5576682e-03
2.7125178e-02	6.6139421e-03
2.7480156e-02	6.6706769e-03
2.7837972e-02	6.7279173e-03
2.8198648e-02	6.7856092e-03
2.8562208e-02	6.8436738e-03
2.8928676e-02	6.9022295e-03
2.9298074e-02	6.9612407e-03
2.9670426e-02	7.0206456e-03
3.0045756e-02	7.0805826e-03
3.0424086e-02	7.1409862e-03
3.0805442e-02	7.2017962e-03
3.1189849e-02	7.2631508e-03
3.1577328e-02	7.3249945e-03
3.1967906e-02	7.3872647e-03
3.2361609e-02	7.4500914e-03
3.2758460e-02	7.5134002e-03
3.3158478e-02	7.5772329e-03
3.3561758e-02	7.6411829e-03
3.3967736e-02	7.7058745e-03
3.4377299e-02	7.7708908e-03
3.4790742e-02	7.8365955e-03
3.5207202e-02	7.9044765e-03
3.5626697e-02	7.9738586e-03
3.6049541e-02	8.0424401e-03
3.6475876e-02	8.1090800e-03
3.6905653e-02	8.1745769e-03
3.7338838e-02	8.2411556e-03
3.7775470e-02	8.3100238e-03
3.8215597e-02	8.3811227e-03
3.8659252e-02	8.4532606e-03
3.9106454e-02	8.5254632e-03
3.9557230e-02	8.5974088e-03
4.0011611e-02	8.6696983e-03
4.0469626e-02	8.7424730e-03
4.0931304e-02	8.8160195e-03
4.1396673e-02	8.8902315e-03
4.1865764e-02	8.9649111e-03
4.2338606e-02	9.0401528e-03
4.2815230e-02	9.1160678e-03
4.3295664e-02	9.1924895e-03
4.3779941e-02	9.2695208e-03
4.4268090e-02	9.3472478e-03
4.4760143e-02	9.4255270e-03
4.5256130e-02	9.5044994e-03
4.5756084e-02	9.5839875e-03
4.6260036e-02	9.6640843e-03
4.6768018e-02	9.7449211e-03
4.7280060e-02	9.8262829e-03
4.7796197e-02	9.9083746e-03
4.8316473e-02	9.9910054e-03
4.8840901e-02	1.0074277e-02
4.9369476e-02	1.0158269e-02
4.9902255e-02	1.0242942e-02
5.0439333e-02	1.0328115e-02
5.0980740e-02	1.0414064e-02
5.1526474e-02	1.0500704e-02
5.2076567e-02	1.0588251e-02
5.2631060e-02	1.0676849e-02
5.3189988e-02	1.0766125e-02
5.3753385e-02	1.0855903e-02
5.4321287e-02	1.0946032e-02
5.4893730e-02	1.1036680e-02
5.5470751e-02	1.1127812e-02
5.6052386e-02	1.1219701e-02
5.6638672e-02	1.1312540e-02
5.7229646e-02	1.1406112e-02
5.7825345e-02	1.1500474e-02
5.8425809e-02	1.1595717e-02
5.9031074e-02	1.1691580e-02
5.9641179e-02	1.1788164e-02
6.0256161e-02	1.1885603e-02
6.0876063e-02	1.1983693e-02
6.1500921e-02	1.2082556e-02
6.2130775e-02	1.2182275e-02
6.2765666e-02	1.2282688e-02
6.3405633e-02	1.2383983e-02
6.4050717e-02	1.2485965e-02
6.4700961e-02	1.2588846e-02
6.5356404e-02	1.2692415e-02
6.6017087e-02	1.2796916e-02
6.6683054e-02	1.2902125e-02
6.7354345e-02	1.3008258e-02
6.8031004e-02	1.3115133e-02
6.8713074e-02	1.3222955e-02
6.9400598e-02	1.3331501e-02
7.0093619e-02	1.3441016e-02
7.0792182e-02	1.3551280e-02
7.1496331e-02	1.3662401e-02
7.2206109e-02	1.3774500e-02
7.2921564e-02	1.3887371e-02
7.3642740e-02	1.4001229e-02
7.4369681e-02	1.4115879e-02
7.5102435e-02	1.4231424e-02
7.5841048e-02	1.4347964e-02
7.6585568e-02	1.4465334e-02
7.7336041e-02	1.4583712e-02
7.8092514e-02	1.4702909e-02
7.8855035e-02	1.4823161e-02
7.9623653e-02	1.4944246e-02
8.0398418e-02	1.5066273e-02
8.1179377e-02	1.5189246e-02
8.1966581e-02	1.5313313e-02
8.2760078e-02	1.5438236e-02
8.3559921e-02	1.5564113e-02
8.4366160e-02	1.5691109e-02
8.5178844e-02	1.5818985e-02
8.5998027e-02	1.5947846e-02
8.6823761e-02	1.6077837e-02
8.7656093e-02	1.6208739e-02
8.8495083e-02	1.6340771e-02
8.9340781e-02	1.6473717e-02
9.0193240e-02	1.6607693e-02
9.1052518e-02	1.6742849e-02
9.1918666e-02	1.6878945e-02
9.2791735e-02	1.7016097e-02
9.3671788e-02	1.7154449e-02
9.4558877e-02	1.7293766e-02
9.5453058e-02	1.7434170e-02
9.6354391e-02	1.7575677e-02
9.7262929e-02	1.7718413e-02
9.8178729e-02	1.7862133e-02
9.9101853e-02	1.8006971e-02
1.0003236e-01	1.8153065e-02
1.0097030e-01	1.8300184e-02
1.0191575e-01	1.8448450e-02
1.0286875e-01	1.8598014e-02
1.0382937e-01	1.8748670e-02
1.0479768e-01	1.8900462e-02
1.0577372e-01	1.9053440e-02
1.0675757e-01	1.9207613e-02
1.0774929e-01	1.9362999e-02
1.0874893e-01	1.9519720e-02
1.0975655e-01	1.9677543e-02
1.1077230e-01	1.9836426e-02
1.1179591e-01	1.9996810e-02
1.1282849e-01	2.0157800e-02
1.1376757e-01	2.0305489e-02
1.1470952e-01	2.0452572e-02
1.1565297e-01	2.0600324e-02
1.1659845e-01	2.0748212e-02
1.1754570e-01	2.0896432e-02
1.1849486e-01	2.1044972e-02
1.1944598e-01	2.1193720e-02
1.2039898e-01	2.1342558e-02
1.2135388e-01	2.1491643e-02
1.2231069e-01	2.1640865e-02
1.2326941e-01	2.1790204e-02
1.2423004e-01	2.1939745e-02
1.2519259e-01	2.2089616e-02
1.2615706e-01	2.2239961e-02
1.2712346e-01	2.2390721e-02
1.2809177e-01	2.2542145e-02
1.2906203e-01	2.2694087e-02
1.3003423e-01	2.2846446e-02
1.3100836e-01	2.2999105e-02
1.3198444e-01	2.3151851e-02
1.3296246e-01	2.3304813e-02
1.3394244e-01	2.3457846e-02
1.3492437e-01	2.3611036e-02
1.3590826e-01	2.3764287e-02
1.3689412e-01	2.3917864e-02
1.3788194e-01	2.4071754e-02
1.3887173e-01	2.4225851e-02
1.3986351e-01	2.4380392e-02
1.4085725e-01	2.4535290e-02
1.4185299e-01	2.4690411e-02
1.4285071e-01	2.4845930e-02
1.4385042e-01	2.5001654e-02
1.4485213e-01	2.5157729e-02
1.4585583e-01	2.5314079e-02
1.4686154e-01	2.5470598e-02
1.4786926e-01	2.5627442e-02
1.4887898e-01	2.5784476e-02
1.4989073e-01	2.5941842e-02
1.5090449e-01	2.6099399e-02
1.5192028e-01	2.6257284e-02
1.5293809e-01	2.6415375e-02
1.5395793e-01	2.6573782e-02
1.5497981e-01	2.6732350e-02
1.5600373e-01	2.6891295e-02
1.5702970e-01	2.7050477e-02
1.5805770e-01	2.7209997e-02
1.5908776e-01	2.7369772e-02
1.6011988e-01	2.7529891e-02
1.6115406e-01	2.7690288e-02
1.6219031e-01	2.7851038e-02
1.6322861e-01	2.8012080e-02
1.6426900e-01	2.8173449e-02
1.6531146e-01	2.8335196e-02
1.6635600e-01	2.8497261e-02
1.6740262e-01	2.8659694e-02
1.6845133e-01	2.8822461e-02
1.6950214e-01	2.8985575e-02
1.7055505e-01	2.9149065e-02
1.7161005e-01	2.9312894e-02
1.7266716e-01	2.9477097e-02
1.7372638e-01	2.9641640e-02
1.7478772e-01	2.9806527e-02
1.7585117e-01	2.9971764e-02
1.7691675e-01	3.0137346e-02
1.7798445e-01	3.0303281e-02
1.7905428e-01	3.0469548e-02
1.8012625e-01	3.0636143e-02
1.8120036e-01	3.0803063e-02
1.8227662e-01	3.0970306e-02
1.8335501e-01	3.1137864e-02
1.8443557e-01	3.1305727e-02
1.8551828e-01	3.1473905e-02
1.8660315e-01	3.1642395e-02
1.8769019e-01	3.1811190e-02
1.8877939e-01	3.1980258e-02
1.8987077e-01	3.2149639e-02
1.9096433e-01	3.2319320e-02
1.9206007e-01	3.2489290e-02
1.9315800e-01	3.2659499e-02
1.9425812e-01	3.2830025e-02
1.9536043e-01	3.3000844e-02
1.9646495e-01	3.3171901e-02
1.9757167e-01	3.3343272e-02
1.9868059e-01	3.3514943e-02
1.9979174e-01	3.3686898e-02
2.0090508e-01	3.3859144e-02
2.0202072e-01	3.4031573e-02
2.0313836e-01	3.4204384e-02
2.0425854e-01	3.4377298e-02
2.0537952e-01	3.4550940e-02
2.0650343e-01	3.4724429e-02
2.0762962e-01	3.4898128e-02
2.0875790e-01	3.5072209e-02
2.0988846e-01	3.5246664e-02
2.1102137e-01	3.5421296e-02
2.1215658e-01	3.5596305e-02
2.1329409e-01	3.5771531e-02
2.1443390e-01	3.5947140e-02
2.1557603e-01	3.6122959e-02
2.1672049e-01	3.6299172e-02
2.1786726e-01	3.6475641e-02
2.1901630e-01	3.6652450e-02
2.2016759e-01	3.6829670e-02
2.2132117e-01	3.7007159e-02
2.2247706e-01	3.7184967e-02
2.2363528e-01	3.7363094e-02
2.2479585e-01	3.7541472e-02
2.2595879e-01	3.7720106e-02
2.2712411e-01	3.7899040e-02
2.2829180e-01	3.8078260e-02
2.2946185e-01	3.8257929e-02
2.3063428e-01	3.8438323e-02
2.3180910e-01	3.8619641e-02
2.3298633e-01	3.8802177e-02
2.3416600e-01	3.8986121e-02
2.3534803e-01	3.9171824e-02
2.3653232e-01	3.9359490e-02
2.3771903e-01	3.9549087e-02
2.3890869e-01	3.9740330e-02
2.4010080e-01	3.9933137e-02
2.4132182e-01	4.0132315e-02
2.4254941e-01	4.0332359e-02
2.4378350e-01	4.0532926e-02
2.4502370e-01	4.0733812e-02
2.4627004e-01	4.0934863e-02
2.4752268e-01	4.1135345e-02
2.4878167e-01	4.1335302e-02
2.5004701e-01	4.1534864e-02
2.5131871e-01	4.1734366e-02
2.5259682e-01	4.1933991e-02
2.5388139e-01	4.2133896e-02
2.5517243e-01	4.2334262e-02
2.5646997e-01	4.2535285e-02
2.5777405e-01	4.2737181e-02
2.5908472e-01	4.2940049e-02
2.6040199e-01	4.3143970e-02
2.6172590e-01	4.3348953e-02
2.6305649e-01	4.3554923e-02
2.6439378e-01	4.3761777e-02
2.6573782e-01	4.3969317e-02
2.6708863e-01	4.4177363e-02
2.6844625e-01	4.4385773e-02
2.6981073e-01	4.4594449e-02
2.7118209e-01	4.4803333e-02
2.7256036e-01	4.5012411e-02
2.7394558e-01	4.5221716e-02
2.7533779e-01	4.5431312e-02
2.7673702e-01	4.5641253e-02
2.7814330e-01	4.5851592e-02
2.7955667e-01	4.6062383e-02
2.8097717e-01	4.6273683e-02
2.8240485e-01	4.6485554e-02
2.8383972e-01	4.6697784e-02
2.8528183e-01	4.6910852e-02
2.8673120e-01	4.7124965e-02
2.8818789e-01	4.7339598e-02
2.8965193e-01	4.7554806e-02
2.9112336e-01	4.7770677e-02
2.9260221e-01	4.7987216e-02
2.9408850e-01	4.8204417e-02
2.9558229e-01	4.8422230e-02
2.9708362e-01	4.8640626e-02
2.9859253e-01	4.8859604e-02
3.0010906e-01	4.9079175e-02
3.0163322e-01	4.9299346e-02
3.0316506e-01	4.9520118e-02
3.0470464e-01	4.9741502e-02
3.0625200e-01	4.9963510e-02
3.0780715e-01	5.0186149e-02
3.0937016e-01	5.0409425e-02
3.1094104e-01	5.0633331e-02
3.1251984e-01	5.0857862e-02
3.1410661e-01	5.1083016e-02
3.1570140e-01	5.1308792e-02
3.1730422e-01	5.1535189e-02
3.1891512e-01	5.1762204e-02
3.2053415e-01	5.1989837e-02
3.2216136e-01	5.2218092e-02
3.2379676e-01	5.2446976e-02
3.2544041e-01	5.2676497e-02
3.2709235e-01	5.2906653e-02
3.2875263e-01	5.3137447e-02
3.3042128e-01	5.3368888e-02
3.3209835e-01	5.3600979e-02
3.3378388e-01	5.3833718e-02
3.3547791e-01	5.4067180e-02
3.3718049e-01	5.4301247e-02
3.3889165e-01	5.4535938e-02
3.4061145e-01	5.4771280e-02
3.4233992e-01	5.5007271e-02
3.4407711e-01	5.5243908e-02
3.4582307e-01	5.5481190e-02
3.4757784e-01	5.5719113e-02
3.4934145e-01	5.5957673e-02
3.5111396e-01	5.6196863e-02
3.5289542e-01	5.6436678e-02
3.5468586e-01	5.6677109e-02
3.5648533e-01	5.6918256e-02
3.5829388e-01	5.7159947e-02
3.6011155e-01	5.7402198e-02
3.6193839e-01	5.7645051e-02
3.6377445e-01	5.7888508e-02
3.6561976e-01	5.8132571e-02
3.6747437e-01	5.8377234e-02
3.6933835e-01	5.8622500e-02
3.7121174e-01	5.8868506e-02
3.7309456e-01	5.9115057e-02
3.7498687e-01	5.9362186e-02
3.7688873e-01	5.9609938e-02
3.7880019e-01	5.9858322e-02
3.8072130e-01	6.0107343e-02
3.8265209e-01	6.0357128e-02
3.8459262e-01	6.0607461e-02
3.8654294e-01	6.0858371e-02
3.8850309e-01	6.1109902e-02
3.9047311e-01	6.1362041e-02
3.9245307e-01	6.1614905e-02
3.9444305e-01	6.1868275e-02
3.9644306e-01	6.2122191e-02
3.9845313e-01	6.2376698e-02
4.0047333e-01	6.2631914e-02
4.0250374e-01	6.2887614e-02
4.0454439e-01	6.3143841e-02
4.0659533e-01	6.3400652e-02
4.0865661e-01	6.3658182e-02
4.1072828e-01	6.3916197e-02
4.1281041e-01	6.4174737e-02
4.1490304e-01	6.4433997e-02
4.1700622e-01	6.4693748e-02
4.1912000e-01	6.4954033e-02
4.2124444e-01	6.5214904e-02
4.2337959e-01	6.5476502e-02
4.2552551e-01	6.5738599e-02
4.2768226e-01	6.6001241e-02
4.2984987e-01	6.6264618e-02
4.3202841e-01	6.6528497e-02
4.3421795e-01	6.6792921e-02
4.3641852e-01	6.7058070e-02
4.3863019e-01	6.7323716e-02
4.4085301e-01	6.7590018e-02
4.4308703e-01	6.7856796e-02
4.4533231e-01	6.8124087e-02
4.4758891e-01	6.8392064e-02
4.4985689e-01	6.8660507e-02
4.5213632e-01	6.8929589e-02
4.5442724e-01	6.9199140e-02
4.5672971e-01	6.9469330e-02
4.5904378e-01	6.9739992e-02
4.6136952e-01	7.0011293e-02
4.6370698e-01	7.0283070e-02
4.6605623e-01	7.0555366e-02
4.6841732e-01	7.0828339e-02
4.7079031e-01	7.1101795e-02
4.7317526e-01	7.1375887e-02
4.7557222e-01	7.1650458e-02
4.7798128e-01	7.1925642e-02
4.8040248e-01	7.2201393e-02
4.8283589e-01	7.2477578e-02
4.8528157e-01	7.2754358e-02
4.8773957e-01	7.3031604e-02
4.9020996e-01	7.3309435e-02
4.9269280e-01	7.3587736e-02
4.9518815e-01	7.3866625e-02
4.9769609e-01	7.4146012e-02
5.0021666e-01	7.4425992e-02
5.0274993e-01	7.4706540e-02
5.0529597e-01	7.4987572e-02
5.0785485e-01	7.5269184e-02
5.1042662e-01	7.5551350e-02
5.1301136e-01	7.5834011e-02
5.1560912e-01	7.6117242e-02
5.1821997e-01	7.6400992e-02
5.2084397e-01	7.6685290e-02
5.2348119e-01	7.6970132e-02
5.2613171e-01	7.7255504e-02
5.2879560e-01	7.7541392e-02
5.3147291e-01	7.7827801e-02
5.3416370e-01	7.8114720e-02
5.3686805e-01	7.8402141e-02
5.3958602e-01	7.8690060e-02
5.4231769e-01	7.8978477e-02
5.4506312e-01	7.9267390e-02
5.4782240e-01	7.9556842e-02
5.5059557e-01	7.9846786e-02
5.5338271e-01	8.0137234e-02
5.5618387e-01	8.0428185e-02
5.5899915e-01	8.0719630e-02
5.6182863e-01	8.1011639e-02
5.6467237e-01	8.1304095e-02
5.6753043e-01	8.1597009e-02
5.7040289e-01	8.1890392e-02
5.7328982e-01	8.2184237e-02
5.7619128e-01	8.2478598e-02
5.7910735e-01	8.2773386e-02
5.8203812e-01	8.3068612e-02
5.8498368e-01	8.3364299e-02
5.8794405e-01	8.3660447e-02
5.9091932e-01	8.3957054e-02
5.9390958e-01	8.4254301e-02
5.9691491e-01	8.4551879e-02
5.9993538e-01	8.4849852e-02
6.0297106e-01	8.5148274e-02
6.0602202e-01	8.5447132e-02
6.0908837e-01	8.5746430e-02
6.1217015e-01	8.6046170e-02
6.1526745e-01	8.6346343e-02
6.1838035e-01	8.6646989e-02
6.2150892e-01	8.6948026e-02
6.2465325e-01	8.7249468e-02
6.2781341e-01	8.7551329e-02
6.3098949e-01	8.7853611e-02
6.3418157e-01	8.8156317e-02
6.3738971e-01	8.8459451e-02
6.4061400e-01	8.8763016e-02
6.4385452e-01	8.9066562e-02
6.4711136e-01	8.9370826e-02
6.5038460e-01	8.9675654e-02
6.5367433e-01	8.9980841e-02
6.5698062e-01	9.0286460e-02
6.6030357e-01	9.0592499e-02
6.6364325e-01	9.0898937e-02
6.6699973e-01	9.1205762e-02
6.7037310e-01	9.1512969e-02
6.7376345e-01	9.1820553e-02
6.7717087e-01	9.2128510e-02
6.8059545e-01	9.2436112e-02
6.8403727e-01	9.2744567e-02
6.8749641e-01	9.3053615e-02
6.9097296e-01	9.3363040e-02
6.9446701e-01	9.3672837e-02
6.9797865e-01	9.3982144e-02
7.0150796e-01	9.4292374e-02
7.0505506e-01	9.4603212e-02
7.0862002e-01	9.4914397e-02
7.1220290e-01	9.5225926e-02
7.1580380e-01	9.5536805e-02
7.1942281e-01	9.5848678e-02
7.2306004e-01	9.6160509e-02
7.2671561e-01	9.6473065e-02
7.3038958e-01	9.6786124e-02
7.3408202e-01	9.7099510e-02
7.3779303e-01	9.7412034e-02
7.4152273e-01	9.7725684e-02
7.4527120e-01	9.8040009e-02
7.4903853e-01	9.8353385e-02
7.5282480e-01	9.8667964e-02
7.5663012e-01	9.8983244e-02
7.6045460e-01	9.9297460e-02
7.6429834e-01	9.9612916e-02
7.6816142e-01	9.9929067e-02
7.7204392e-01	1.0024403e-01
7.7594593e-01	1.0056030e-01
7.7986756e-01	1.0087729e-01
7.8380895e-01	1.0119295e-01
7.8777019e-01	1.0150962e-01
7.9175136e-01	1.0182721e-01
7.9575254e-01	1.0214343e-01
7.9977383e-01	1.0246114e-01
8.0381536e-01	1.0277779e-01
8.0787720e-01	1.0309599e-01
8.1195947e-01	1.0341306e-01
8.1606231e-01	1.0373171e-01
8.2018580e-01	1.0405115e-01
8.2433004e-01	1.0436875e-01
8.2849509e-01	1.0468806e-01
8.3268105e-01	1.0500603e-01
8.3688809e-01	1.0532574e-01
8.4111639e-01	1.0564391e-01
8.4536583e-01	1.0596400e-01
8.4963639e-01	1.0628305e-01
8.5425289e-01	1.0662512e-01
8.5889706e-01	1.0697028e-01
8.6356910e-01	1.0731401e-01
8.6826938e-01	1.0765740e-01
8.7299802e-01	1.0800107e-01
8.7775517e-01	1.0834791e-01
8.8254102e-01	1.0869297e-01
8.8735574e-01	1.0903763e-01
8.9219947e-01	1.0938565e-01
8.9707240e-01	1.0973176e-01
9.0197473e-01	1.1007742e-01
9.0690663e-01	1.1042338e-01
9.1186827e-01	1.1077147e-01
9.1685983e-01	1.1111834e-01
9.2188148e-01	1.1146499e-01
9.2693339e-01	1.1181547e-01
9.3201576e-01	1.1216359e-01
9.3712879e-01	1.1251110e-01
9.4227265e-01	1.1285883e-01
9.4744752e-01	1.1320678e-01
9.5265359e-01	1.1355493e-01
9.5789104e-01	1.1390329e-01
9.6316007e-01	1.1425585e-01
9.6846086e-01	1.1460559e-01
9.7379360e-01	1.1495421e-01
9.7915851e-01	1.1530308e-01
9.8455577e-01	1.1565214e-01
9.8998553e-01	1.1600140e-01
9.9544801e-01	1.1635084e-01
1.0009434e+00	1.1670046e-01
1.0064720e+00	1.1705017e-01
1.0120339e+00	1.1739994e-01
1.0176293e+00	1.1774982e-01
1.0232584e+00	1.1809984e-01
1.0289215e+00	1.1845140e-01
1.0346187e+00	1.1880166e-01
1.0403502e+00	1.1915161e-01
1.0461162e+00	1.1950164e-01
1.0519171e+00	1.1985175e-01
1.0577528e+00	1.2020192e-01
1.0636238e+00	1.2055216e-01
1.0695301e+00	1.2090243e-01
1.0754721e+00	1.2124685e-01
1.0814498e+00	1.2159596e-01
1.0874635e+00	1.2195029e-01
1.0935135e+00	1.2229502e-01
1.0996000e+00	1.2264379e-01
1.1057231e+00	1.2299393e-01
1.1118831e+00	1.2334407e-01
1.1180802e+00	1.2369420e-01
1.1243147e+00	1.2404431e-01
1.1305868e+00	1.2439441e-01
1.1368966e+00	1.2473742e-01
1.1432444e+00	1.2508558e-01
1.1496305e+00	1.2543504e-01
1.1560551e+00	1.2578435e-01
1.1625183e+00	1.2612816e-01
1.1690205e+00	1.2647596e-01
1.1755619e+00	1.2682468e-01
1.1821427e+00	1.2716959e-01
1.1887631e+00	1.2751710e-01
1.1954234e+00	1.2786513e-01
1.2021238e+00	1.2820997e-01
1.2088646e+00	1.2855251e-01
1.2156460e+00	1.2889861e-01
1.2224682e+00	1.2924527e-01
1.2293315e+00	1.2958700e-01
1.2362362e+00	1.2993208e-01
1.2431824e+00	1.3027276e-01
1.2501705e+00	1.3061696e-01
1.2572007e+00	1.3095506e-01
1.2642732e+00	1.3129770e-01
1.2713883e+00	1.3163541e-01
1.2785462e+00	1.3197724e-01
1.2857473e+00	1.3231974e-01
1.2929917e+00	1.3265561e-01
1.3002798e+00	1.3299601e-01
1.3076117e+00	1.3333386e-01
1.3149878e+00	1.3366682e-01
1.3224083e+00	1.3400536e-01
1.3298735e+00	1.3433755e-01
1.3373836e+00	1.3467501e-01
1.3449390e+00	1.3500582e-01
1.3525399e+00	1.3534222e-01
1.3601865e+00	1.3566986e-01
1.3678791e+00	1.3600457e-01
1.3756181e+00	1.3633202e-01
1.3834037e+00	1.3666571e-01
1.3912361e+00	1.3699162e-01
1.3991157e+00	1.3731512e-01
1.4070427e+00	1.3764683e-01
1.4150175e+00	1.3797037e-01
1.4230402e+00	1.3830049e-01
1.4311112e+00	1.3862164e-01
1.4392309e+00	1.3894012e-01
1.4473994e+00	1.3926796e-01
1.4556171e+00	1.3958639e-01
1.4638842e+00	1.3991281e-01
1.4722011e+00	1.4023232e-01
1.4805680e+00	1.4054615e-01
1.4889854e+00	1.4085833e-01
1.4974534e+00	1.4118119e-01
1.5059723e+00	1.4149339e-01
1.5145425e+00	1.4180260e-01
1.5231644e+00	1.4211709e-01
1.5318381e+00	1.4242461e-01
1.5405639e+00	1.4274295e-01
1.5493423e+00	1.4304944e-01
1.5581735e+00	1.4335282e-01
1.5670579e+00	1.4365441e-01
1.5760212e+00	1.4397121e-01
1.5849845e+00	1.4427038e-01
1.5939481e+00	1.4456704e-01
1.6029118e+00	1.4486107e-01
1.6118756e+00	1.4516574e-01
1.6208396e+00	1.4545575e-01
1.6298037e+00	1.4574066e-01
1.6387680e+00	1.4602154e-01
1.6477325e+00	1.4629932e-01
1.6566971e+00	1.4658800e-01
1.6656617e+00	1.4686221e-01
1.6746266e+00	1.4713131e-01
1.6835916e+00	1.4740022e-01
1.6925566e+00	1.4766347e-01
1.7015219e+00	1.4792331e-01
1.7104872e+00	1.4819386e-01
1.7194527e+00	1.4845005e-01
1.7284184e+00	1.4870132e-01
1.7373841e+00	1.4895522e-01
1.7463500e+00	1.4920107e-01
1.7553160e+00	1.4945687e-01
1.7642821e+00	1.4969841e-01
1.7732483e+00	1.4993505e-01
1.7822147e+00	1.5018237e-01
1.7911812e+00	1.5041086e-01
1.8001477e+00	1.5065124e-01
1.8091144e+00	1.5087764e-01
1.8180812e+00	1.5111289e-01
1.8270482e+00	1.5133389e-01
1.8360152e+00	1.5155024e-01
1.8449823e+00	1.5178105e-01
1.8539495e+00	1.5199418e-01
1.8629168e+00	1.5221576e-01
1.8718843e+00	1.5242305e-01
1.8808518e+00	1.5262564e-01
1.8898195e+00	1.5283951e-01
1.8987872e+00	1.5304513e-01
1.9077550e+00	1.5324049e-01
1.9167230e+00	1.5344612e-01
1.9256910e+00	1.5363769e-01
1.9346592e+00	1.5383856e-01
1.9436274e+00	1.5402531e-01
1.9525957e+00	1.5421574e-01
1.9615640e+00	1.5441017e-01
1.9705325e+00	1.5458897e-01
1.9795012e+00	1.5477708e-01
1.9884698e+00	1.5495100e-01
1.9974386e+00	1.5513449e-01
2.0064074e+00	1.5531477e-01
2.0153763e+00	1.5548078e-01
2.0243453e+00	1.5565681e-01
2.0333144e+00	1.5583265e-01
2.0422836e+00	1.5599201e-01
2.0512529e+00	1.5616104e-01
2.0602222e+00	1.5631489e-01
2.0691917e+00	1.5647866e-01
2.0781612e+00	1.5664358e-01
2.0871307e+00	1.5678983e-01
2.0961004e+00	1.5694915e-01
2.1050701e+00	1.5708998e-01
2.1140399e+00	1.5724823e-01
2.1230098e+00	1.5738281e-01
2.1319797e+00	1.5753451e-01
2.1409497e+00	1.5768767e-01
2.1499198e+00	1.5781569e-01
2.1588899e+00	1.5796118e-01
2.1678601e+00	1.5809096e-01
2.1768304e+00	1.5823243e-01
2.1858008e+00	1.5835054e-01
2.1947713e+00	1.5848685e-01
2.2037418e+00	1.5862481e-01
2.2127123e+00	1.5873692e-01
2.2216829e+00	1.5887797e-01
2.2306536e+00	1.5898685e-01
2.2396243e+00	1.5911305e-01
2.2485951e+00	1.5924095e-01
2.2575660e+00	1.5934219e-01
2.2665369e+00	1.5946232e-01
2.2755079e+00	1.5957355e-01
2.2844790e+00	1.5969168e-01
2.2934450e+00	1.5980815e-01
2.3024111e+00	1.5992225e-01
2.3113773e+00	1.6000811e-01
2.3203436e+00	1.6011415e-01
2.3293099e+00	1.6021655e-01
2.3382763e+00	1.6032321e-01
2.3472426e+00	1.6042921e-01
2.3562091e+00	1.6053352e-01
2.3651756e+00	1.6061586e-01
2.3741421e+00	1.6071325e-01
2.3831088e+00	1.6081579e-01
2.3920755e+00	1.6089076e-01
2.4010422e+00	1.6098178e-01
2.4100089e+00	1.6107423e-01
2.4189757e+00	1.6116495e-01
2.4279425e+00	1.6125387e-01
2.4369094e+00	1.6132481e-01
2.4458764e+00	1.6140684e-01
2.4548434e+00	1.6148919e-01
2.4638105e+00	1.6156979e-01
2.4727776e+00	1.6164865e-01
2.4817447e+00	1.6172584e-01
2.4907119e+00	1.6178699e-01
2.4996791e+00	1.6185777e-01
2.5086464e+00	1.6192857e-01
2.5176137e+00	1.6199758e-01
2.5265811e+00	1.6206485e-01
2.5355485e+00	1.6213042e-01
2.5445159e+00	1.6218246e-01
2.5534834e+00	1.6224219e-01
2.5624509e+00	1.6230173e-01
2.5714184e+00	1.6235958e-01
2.5803860e+00	1.6241571e-01
2.5893537e+00	1.6247011e-01
2.5983213e+00	1.6251396e-01
2.6072891e+00	1.6256267e-01
2.6162568e+00	1.6261059e-01
2.6252246e+00	1.6265664e-01
2.6341925e+00	1.6270096e-01
2.6431603e+00	1.6277764e-01
2.6521282e+00	1.6281876e-01
2.6610961e+00	1.6285684e-01
2.6700641e+00	1.6289349e-01
2.6790321e+00	1.6293170e-01
2.6880002e+00	1.6296869e-01
2.6969682e+00	1.6300384e-01
2.7059363e+00	1.6303713e-01
2.7149045e+00	1.6306743e-01
2.7238726e+00	1.6309598e-01
2.7328409e+00	1.6312255e-01
2.7418091e+00	1.6314714e-01
2.7507774e+00	1.6316981e-01
2.7597456e+00	1.6319063e-01
2.7687140e+00	1.6321221e-01
2.7776823e+00	1.6322829e-01
2.7866507e+00	1.6327631e-01
2.7956191e+00	1.6329195e-01
2.8045876e+00	1.6330090e-01
2.8135560e+00	1.6330730e-01
2.8225245e+00	1.6331892e-01
2.8314931e+00	1.6332001e-01
2.8404616e+00	1.6331699e-01
2.8494302e+00	1.6334987e-01
2.8583989e+00	1.6334593e-01
2.8673675e+00	1.6333441e-01
2.8763362e+00	1.6331985e-01
2.8853048e+00	1.6333890e-01
2.8942735e+00	1.6332059e-01
2.9032423e+00	1.6329432e-01
2.9122110e+00	1.6326484e-01
2.9211798e+00	1.6327673e-01
2.9301486e+00	1.6324691e-01
2.9391175e+00	1.6320903e-01
2.9480863e+00	1.6319952e-01
2.9570552e+00	1.6315976e-01
2.9660241e+00	1.6316169e-01
2.9749930e+00	1.6311982e-01
2.9839620e+00	1.6311922e-01
2.9929310e+00	1.6306986e-01
3.0019000e+00	1.6301935e-01
