         601
 0.10000000E+01
 0.10000149E+01
 0.10000300E+01
 0.10000453E+01
 0.10000607E+01
 0.10000762E+01
 0.10000920E+01
 0.10001078E+01
 0.10001238E+01
 0.10001400E+01
 0.10001564E+01
 0.10001729E+01
 0.10001896E+01
 0.10002064E+01
 0.10002234E+01
 0.10002406E+01
 0.10002579E+01
 0.10002755E+01
 0.10002932E+01
 0.10003110E+01
 0.10003291E+01
 0.10003473E+01
 0.10003658E+01
 0.10003844E+01
 0.10004031E+01
 0.10004221E+01
 0.10004413E+01
 0.10004606E+01
 0.10004802E+01
 0.10004999E+01
 0.10005199E+01
 0.10005400E+01
 0.10005604E+01
 0.10005809E+01
 0.10006017E+01
 0.10006226E+01
 0.10006438E+01
 0.10006652E+01
 0.10006868E+01
 0.10007086E+01
 0.10007306E+01
 0.10007528E+01
 0.10007753E+01
 0.10007980E+01
 0.10008209E+01
 0.10008440E+01
 0.10008674E+01
 0.10008910E+01
 0.10009149E+01
 0.10009390E+01
 0.10009633E+01
 0.10009878E+01
 0.10010126E+01
 0.10010377E+01
 0.10010630E+01
 0.10010886E+01
 0.10011144E+01
 0.10011404E+01
 0.10011668E+01
 0.10011934E+01
 0.10012202E+01
 0.10012473E+01
 0.10012747E+01
 0.10013024E+01
 0.10013304E+01
 0.10013586E+01
 0.10013871E+01
 0.10014159E+01
 0.10014449E+01
 0.10014743E+01
 0.10015039E+01
 0.10015339E+01
 0.10015641E+01
 0.10015947E+01
 0.10016255E+01
 0.10016567E+01
 0.10016882E+01
 0.10017199E+01
 0.10017520E+01
 0.10017845E+01
 0.10018172E+01
 0.10018503E+01
 0.10018836E+01
 0.10019174E+01
 0.10019514E+01
 0.10019858E+01
 0.10020206E+01
 0.10020556E+01
 0.10020911E+01
 0.10021269E+01
 0.10021630E+01
 0.10021995E+01
 0.10022364E+01
 0.10022736E+01
 0.10023112E+01
 0.10023492E+01
 0.10023875E+01
 0.10024262E+01
 0.10024653E+01
 0.10025048E+01
 0.10025447E+01
 0.10025850E+01
 0.10026257E+01
 0.10026668E+01
 0.10027083E+01
 0.10027502E+01
 0.10027925E+01
 0.10028352E+01
 0.10028784E+01
 0.10029220E+01
 0.10029660E+01
 0.10030105E+01
 0.10030554E+01
 0.10031007E+01
 0.10031465E+01
 0.10031928E+01
 0.10032395E+01
 0.10032866E+01
 0.10033343E+01
 0.10033824E+01
 0.10034309E+01
 0.10034800E+01
 0.10035295E+01
 0.10035796E+01
 0.10036301E+01
 0.10036811E+01
 0.10037327E+01
 0.10037847E+01
 0.10038372E+01
 0.10038903E+01
 0.10039439E+01
 0.10039980E+01
 0.10040527E+01
 0.10041079E+01
 0.10041636E+01
 0.10042199E+01
 0.10042768E+01
 0.10043342E+01
 0.10043921E+01
 0.10044507E+01
 0.10045098E+01
 0.10045695E+01
 0.10046298E+01
 0.10046907E+01
 0.10047522E+01
 0.10048143E+01
 0.10048770E+01
 0.10049403E+01
 0.10050042E+01
 0.10050688E+01
 0.10051340E+01
 0.10051998E+01
 0.10052663E+01
 0.10053335E+01
 0.10054013E+01
 0.10054697E+01
 0.10055389E+01
 0.10056087E+01
 0.10056792E+01
 0.10057504E+01
 0.10058223E+01
 0.10058949E+01
 0.10059682E+01
 0.10060422E+01
 0.10061170E+01
 0.10061925E+01
 0.10062687E+01
 0.10063457E+01
 0.10064234E+01
 0.10065019E+01
 0.10065811E+01
 0.10066612E+01
 0.10067420E+01
 0.10068236E+01
 0.10069060E+01
 0.10069892E+01
 0.10070732E+01
 0.10071580E+01
 0.10072437E+01
 0.10073302E+01
 0.10074175E+01
 0.10075057E+01
 0.10075948E+01
 0.10076847E+01
 0.10077755E+01
 0.10078672E+01
 0.10079598E+01
 0.10080532E+01
 0.10081476E+01
 0.10082429E+01
 0.10083392E+01
 0.10084363E+01
 0.10085344E+01
 0.10086335E+01
 0.10087335E+01
 0.10088345E+01
 0.10089365E+01
 0.10090395E+01
 0.10091434E+01
 0.10092484E+01
 0.10093544E+01
 0.10094614E+01
 0.10095695E+01
 0.10096786E+01
 0.10097887E+01
 0.10099000E+01
 0.10100123E+01
 0.10101256E+01
 0.10102401E+01
 0.10103557E+01
 0.10104724E+01
 0.10105902E+01
 0.10107092E+01
 0.10108293E+01
 0.10109506E+01
 0.10110730E+01
 0.10111966E+01
 0.10113214E+01
 0.10114474E+01
 0.10115746E+01
 0.10117031E+01
 0.10118327E+01
 0.10119637E+01
 0.10120958E+01
 0.10122293E+01
 0.10123640E+01
 0.10125000E+01
 0.10126373E+01
 0.10127760E+01
 0.10129159E+01
 0.10130572E+01
 0.10131999E+01
 0.10133439E+01
 0.10134893E+01
 0.10136360E+01
 0.10137842E+01
 0.10139338E+01
 0.10140848E+01
 0.10142373E+01
 0.10143912E+01
 0.10145466E+01
 0.10147034E+01
 0.10148618E+01
 0.10150216E+01
 0.10151830E+01
 0.10153459E+01
 0.10155103E+01
 0.10156763E+01
 0.10158439E+01
 0.10160130E+01
 0.10161838E+01
 0.10163562E+01
 0.10165302E+01
 0.10167058E+01
 0.10168831E+01
 0.10170621E+01
 0.10172428E+01
 0.10174252E+01
 0.10176092E+01
 0.10177951E+01
 0.10179826E+01
 0.10181720E+01
 0.10183631E+01
 0.10185560E+01
 0.10187507E+01
 0.10189472E+01
 0.10191456E+01
 0.10193458E+01
 0.10195479E+01
 0.10197519E+01
 0.10199578E+01
 0.10201657E+01
 0.10203754E+01
 0.10205871E+01
 0.10208008E+01
 0.10210165E+01
 0.10212342E+01
 0.10214539E+01
 0.10216756E+01
 0.10218994E+01
 0.10221253E+01
 0.10223532E+01
 0.10225833E+01
 0.10228155E+01
 0.10230498E+01
 0.10232863E+01
 0.10235250E+01
 0.10237659E+01
 0.10240090E+01
 0.10242544E+01
 0.10245019E+01
 0.10247518E+01
 0.10250040E+01
 0.10252584E+01
 0.10255152E+01
 0.10257744E+01
 0.10260359E+01
 0.10262998E+01
 0.10265661E+01
 0.10268348E+01
 0.10271060E+01
 0.10273796E+01
 0.10276558E+01
 0.10279344E+01
 0.10282156E+01
 0.10284993E+01
 0.10287855E+01
 0.10290744E+01
 0.10293659E+01
 0.10296600E+01
 0.10299567E+01
 0.10302561E+01
 0.10305582E+01
 0.10308630E+01
 0.10311706E+01
 0.10314809E+01
 0.10317940E+01
 0.10321099E+01
 0.10324286E+01
 0.10327501E+01
 0.10330745E+01
 0.10334018E+01
 0.10337320E+01
 0.10340651E+01
 0.10344012E+01
 0.10347402E+01
 0.10350823E+01
 0.10354273E+01
 0.10357754E+01
 0.10361266E+01
 0.10364808E+01
 0.10368382E+01
 0.10371987E+01
 0.10375624E+01
 0.10379292E+01
 0.10382992E+01
 0.10386725E+01
 0.10390490E+01
 0.10394288E+01
 0.10398119E+01
 0.10401983E+01
 0.10405880E+01
 0.10409811E+01
 0.10413776E+01
 0.10417776E+01
 0.10421809E+01
 0.10425877E+01
 0.10429981E+01
 0.10434119E+01
 0.10438292E+01
 0.10442502E+01
 0.10446747E+01
 0.10451028E+01
 0.10455345E+01
 0.10459700E+01
 0.10464091E+01
 0.10468519E+01
 0.10472984E+01
 0.10477487E+01
 0.10482028E+01
 0.10486607E+01
 0.10491224E+01
 0.10495880E+01
 0.10500575E+01
 0.10505308E+01
 0.10510081E+01
 0.10514894E+01
 0.10519747E+01
 0.10524639E+01
 0.10529572E+01
 0.10534545E+01
 0.10539560E+01
 0.10544615E+01
 0.10549712E+01
 0.10554850E+01
 0.10560031E+01
 0.10565253E+01
 0.10570517E+01
 0.10575825E+01
 0.10581175E+01
 0.10586568E+01
 0.10592004E+01
 0.10597485E+01
 0.10603008E+01
 0.10608577E+01
 0.10614189E+01
 0.10619846E+01
 0.10625548E+01
 0.10631295E+01
 0.10637087E+01
 0.10642925E+01
 0.10648808E+01
 0.10654738E+01
 0.10660714E+01
 0.10666736E+01
 0.10672806E+01
 0.10678922E+01
 0.10685086E+01
 0.10691297E+01
 0.10697556E+01
 0.10703863E+01
 0.10710218E+01
 0.10716621E+01
 0.10723073E+01
 0.10729574E+01
 0.10736125E+01
 0.10742724E+01
 0.10749374E+01
 0.10756073E+01
 0.10762822E+01
 0.10769621E+01
 0.10776471E+01
 0.10783371E+01
 0.10790323E+01
 0.10797326E+01
 0.10804379E+01
 0.10811485E+01
 0.10818642E+01
 0.10825852E+01
 0.10833113E+01
 0.10840427E+01
 0.10847793E+01
 0.10855212E+01
 0.10862684E+01
 0.10870210E+01
 0.10877788E+01
 0.10885420E+01
 0.10893106E+01
 0.10900846E+01
 0.10908640E+01
 0.10916488E+01
 0.10924391E+01
 0.10932348E+01
 0.10940360E+01
 0.10948426E+01
 0.10956548E+01
 0.10964725E+01
 0.10972958E+01
 0.10981246E+01
 0.10989590E+01
 0.10997989E+01
 0.11006445E+01
 0.11014956E+01
 0.11023524E+01
 0.11032148E+01
 0.11040829E+01
 0.11049566E+01
 0.11058360E+01
 0.11067211E+01
 0.11076119E+01
 0.11085083E+01
 0.11094105E+01
 0.11103184E+01
 0.11112321E+01
 0.11121514E+01
 0.11130766E+01
 0.11140074E+01
 0.11149441E+01
 0.11158865E+01
 0.11168346E+01
 0.11177886E+01
 0.11187483E+01
 0.11197138E+01
 0.11206852E+01
 0.11216623E+01
 0.11226452E+01
 0.11236339E+01
 0.11246284E+01
 0.11256287E+01
 0.11266348E+01
 0.11276467E+01
 0.11286644E+01
 0.11296879E+01
 0.11307172E+01
 0.11317523E+01
 0.11327932E+01
 0.11338399E+01
 0.11348924E+01
 0.11359506E+01
 0.11370146E+01
 0.11380844E+01
 0.11391600E+01
 0.11402413E+01
 0.11413283E+01
 0.11424211E+01
 0.11435196E+01
 0.11446238E+01
 0.11457338E+01
 0.11468494E+01
 0.11479707E+01
 0.11490977E+01
 0.11502303E+01
 0.11513686E+01
 0.11525125E+01
 0.11536620E+01
 0.11548171E+01
 0.11559778E+01
 0.11571440E+01
 0.11583158E+01
 0.11594931E+01
 0.11606759E+01
 0.11618641E+01
 0.11630579E+01
 0.11642570E+01
 0.11654616E+01
 0.11666716E+01
 0.11678869E+01
 0.11691075E+01
 0.11703335E+01
 0.11715648E+01
 0.11728013E+01
 0.11740430E+01
 0.11752899E+01
 0.11765421E+01
 0.11777993E+01
 0.11790616E+01
 0.11803291E+01
 0.11816015E+01
 0.11828790E+01
 0.11841614E+01
 0.11854488E+01
 0.11867411E+01
 0.11880383E+01
 0.11893402E+01
 0.11906470E+01
 0.11919585E+01
 0.11932747E+01
 0.11945956E+01
 0.11959211E+01
 0.11972512E+01
 0.11985858E+01
 0.11999249E+01
 0.12012685E+01
 0.12026165E+01
 0.12039689E+01
 0.12053255E+01
 0.12066865E+01
 0.12080516E+01
 0.12094209E+01
 0.12107944E+01
 0.12121719E+01
 0.12135534E+01
 0.12149389E+01
 0.12163283E+01
 0.12177216E+01
 0.12191187E+01
 0.12205195E+01
 0.12219240E+01
 0.12233322E+01
 0.12247440E+01
 0.12261592E+01
 0.12275780E+01
 0.12290002E+01
 0.12304257E+01
 0.12318545E+01
 0.12332865E+01
 0.12347218E+01
 0.12361601E+01
 0.12376015E+01
 0.12390458E+01
 0.12404931E+01
 0.12419433E+01
 0.12433962E+01
 0.12448519E+01
 0.12463102E+01
 0.12477712E+01
 0.12492346E+01
 0.12507006E+01
 0.12521689E+01
 0.12536396E+01
 0.12551125E+01
 0.12565876E+01
 0.12580649E+01
 0.12595442E+01
 0.12610255E+01
 0.12625087E+01
 0.12639938E+01
 0.12654806E+01
 0.12669691E+01
 0.12684593E+01
 0.12699510E+01
 0.12714442E+01
 0.12729388E+01
 0.12744348E+01
 0.12759320E+01
 0.12774305E+01
 0.12789300E+01
 0.12804306E+01
 0.12819322E+01
 0.12834347E+01
 0.12849380E+01
 0.12864421E+01
 0.12879468E+01
 0.12894521E+01
 0.12909580E+01
 0.12924643E+01
 0.12939710E+01
 0.12954780E+01
 0.12969852E+01
 0.12984926E+01
 0.13000000E+01
