        1300
 -6.500000000000000E-003
 -6.490000000000000E-003
 -6.480000000000001E-003
 -6.470000000000001E-003
 -6.460000000000001E-003
 -6.450000000000002E-003
 -6.440000000000002E-003
 -6.430000000000003E-003
 -6.420000000000003E-003
 -6.410000000000003E-003
 -6.400000000000004E-003
 -6.390000000000004E-003
 -6.380000000000005E-003
 -6.370000000000005E-003
 -6.360000000000005E-003
 -6.350000000000006E-003
 -6.340000000000006E-003
 -6.330000000000007E-003
 -6.320000000000007E-003
 -6.310000000000007E-003
 -6.300000000000008E-003
 -6.290000000000008E-003
 -6.280000000000009E-003
 -6.270000000000009E-003
 -6.260000000000009E-003
 -6.250000000000010E-003
 -6.240000000000010E-003
 -6.230000000000011E-003
 -6.220000000000011E-003
 -6.210000000000012E-003
 -6.200000000000012E-003
 -6.190000000000012E-003
 -6.180000000000013E-003
 -6.170000000000013E-003
 -6.160000000000014E-003
 -6.150000000000014E-003
 -6.140000000000014E-003
 -6.130000000000015E-003
 -6.120000000000015E-003
 -6.110000000000016E-003
 -6.100000000000016E-003
 -6.090000000000016E-003
 -6.080000000000017E-003
 -6.070000000000017E-003
 -6.060000000000018E-003
 -6.050000000000018E-003
 -6.040000000000018E-003
 -6.030000000000019E-003
 -6.020000000000019E-003
 -6.010000000000020E-003
 -6.000000000000020E-003
 -5.990000000000020E-003
 -5.980000000000021E-003
 -5.970000000000021E-003
 -5.960000000000022E-003
 -5.950000000000022E-003
 -5.940000000000023E-003
 -5.930000000000023E-003
 -5.920000000000023E-003
 -5.910000000000024E-003
 -5.900000000000024E-003
 -5.890000000000025E-003
 -5.880000000000025E-003
 -5.870000000000025E-003
 -5.860000000000026E-003
 -5.850000000000026E-003
 -5.840000000000027E-003
 -5.830000000000027E-003
 -5.820000000000027E-003
 -5.810000000000028E-003
 -5.800000000000028E-003
 -5.790000000000029E-003
 -5.780000000000029E-003
 -5.770000000000029E-003
 -5.760000000000030E-003
 -5.750000000000030E-003
 -5.740000000000031E-003
 -5.730000000000031E-003
 -5.720000000000031E-003
 -5.710000000000032E-003
 -5.700000000000032E-003
 -5.690000000000033E-003
 -5.680000000000033E-003
 -5.670000000000034E-003
 -5.660000000000034E-003
 -5.650000000000034E-003
 -5.640000000000035E-003
 -5.630000000000035E-003
 -5.620000000000036E-003
 -5.610000000000036E-003
 -5.600000000000036E-003
 -5.590000000000037E-003
 -5.580000000000037E-003
 -5.570000000000038E-003
 -5.560000000000038E-003
 -5.550000000000038E-003
 -5.540000000000039E-003
 -5.530000000000039E-003
 -5.520000000000040E-003
 -5.510000000000040E-003
 -5.500000000000040E-003
 -5.490000000000041E-003
 -5.480000000000041E-003
 -5.470000000000042E-003
 -5.460000000000042E-003
 -5.450000000000042E-003
 -5.440000000000043E-003
 -5.430000000000043E-003
 -5.420000000000044E-003
 -5.410000000000044E-003
 -5.400000000000045E-003
 -5.390000000000045E-003
 -5.380000000000045E-003
 -5.370000000000046E-003
 -5.360000000000046E-003
 -5.350000000000047E-003
 -5.340000000000047E-003
 -5.330000000000047E-003
 -5.320000000000048E-003
 -5.310000000000048E-003
 -5.300000000000049E-003
 -5.290000000000049E-003
 -5.280000000000049E-003
 -5.270000000000050E-003
 -5.260000000000050E-003
 -5.250000000000051E-003
 -5.240000000000051E-003
 -5.230000000000051E-003
 -5.220000000000052E-003
 -5.210000000000052E-003
 -5.200000000000053E-003
 -5.190000000000053E-003
 -5.180000000000053E-003
 -5.170000000000054E-003
 -5.160000000000054E-003
 -5.150000000000055E-003
 -5.140000000000055E-003
 -5.130000000000056E-003
 -5.120000000000056E-003
 -5.110000000000056E-003
 -5.100000000000057E-003
 -5.090000000000057E-003
 -5.080000000000058E-003
 -5.070000000000058E-003
 -5.060000000000058E-003
 -5.050000000000059E-003
 -5.040000000000059E-003
 -5.030000000000060E-003
 -5.020000000000060E-003
 -5.010000000000060E-003
 -5.000000000000061E-003
 -4.990000000000061E-003
 -4.980000000000062E-003
 -4.970000000000062E-003
 -4.960000000000062E-003
 -4.950000000000063E-003
 -4.940000000000063E-003
 -4.930000000000064E-003
 -4.920000000000064E-003
 -4.910000000000064E-003
 -4.900000000000065E-003
 -4.890000000000065E-003
 -4.880000000000066E-003
 -4.870000000000066E-003
 -4.860000000000067E-003
 -4.850000000000067E-003
 -4.840000000000067E-003
 -4.830000000000068E-003
 -4.820000000000068E-003
 -4.810000000000069E-003
 -4.800000000000069E-003
 -4.790000000000069E-003
 -4.780000000000070E-003
 -4.770000000000070E-003
 -4.760000000000071E-003
 -4.750000000000071E-003
 -4.740000000000071E-003
 -4.730000000000072E-003
 -4.720000000000072E-003
 -4.710000000000073E-003
 -4.700000000000073E-003
 -4.690000000000073E-003
 -4.680000000000074E-003
 -4.670000000000074E-003
 -4.660000000000075E-003
 -4.650000000000075E-003
 -4.640000000000075E-003
 -4.630000000000076E-003
 -4.620000000000076E-003
 -4.610000000000077E-003
 -4.600000000000077E-003
 -4.590000000000078E-003
 -4.580000000000078E-003
 -4.570000000000078E-003
 -4.560000000000079E-003
 -4.550000000000079E-003
 -4.540000000000080E-003
 -4.530000000000080E-003
 -4.520000000000080E-003
 -4.510000000000081E-003
 -4.500000000000081E-003
 -4.490000000000082E-003
 -4.480000000000082E-003
 -4.470000000000082E-003
 -4.460000000000083E-003
 -4.450000000000083E-003
 -4.440000000000084E-003
 -4.430000000000084E-003
 -4.420000000000084E-003
 -4.410000000000085E-003
 -4.400000000000085E-003
 -4.390000000000086E-003
 -4.380000000000086E-003
 -4.370000000000086E-003
 -4.360000000000087E-003
 -4.350000000000087E-003
 -4.340000000000088E-003
 -4.330000000000088E-003
 -4.320000000000089E-003
 -4.310000000000089E-003
 -4.300000000000089E-003
 -4.290000000000090E-003
 -4.280000000000090E-003
 -4.270000000000091E-003
 -4.260000000000091E-003
 -4.250000000000091E-003
 -4.240000000000092E-003
 -4.230000000000092E-003
 -4.220000000000093E-003
 -4.210000000000093E-003
 -4.200000000000093E-003
 -4.190000000000094E-003
 -4.180000000000094E-003
 -4.170000000000095E-003
 -4.160000000000095E-003
 -4.150000000000095E-003
 -4.140000000000096E-003
 -4.130000000000096E-003
 -4.120000000000097E-003
 -4.110000000000097E-003
 -4.100000000000097E-003
 -4.090000000000098E-003
 -4.080000000000098E-003
 -4.070000000000099E-003
 -4.060000000000099E-003
 -4.050000000000100E-003
 -4.040000000000100E-003
 -4.030000000000100E-003
 -4.020000000000101E-003
 -4.010000000000101E-003
 -4.000000000000102E-003
 -3.990000000000102E-003
 -3.980000000000102E-003
 -3.970000000000103E-003
 -3.960000000000103E-003
 -3.950000000000104E-003
 -3.940000000000104E-003
 -3.930000000000104E-003
 -3.920000000000105E-003
 -3.910000000000105E-003
 -3.900000000000105E-003
 -3.890000000000105E-003
 -3.880000000000105E-003
 -3.870000000000105E-003
 -3.860000000000105E-003
 -3.850000000000105E-003
 -3.840000000000105E-003
 -3.830000000000105E-003
 -3.820000000000105E-003
 -3.810000000000105E-003
 -3.800000000000105E-003
 -3.790000000000105E-003
 -3.780000000000105E-003
 -3.770000000000105E-003
 -3.760000000000105E-003
 -3.750000000000105E-003
 -3.740000000000105E-003
 -3.730000000000105E-003
 -3.720000000000105E-003
 -3.710000000000105E-003
 -3.700000000000105E-003
 -3.690000000000105E-003
 -3.680000000000105E-003
 -3.670000000000105E-003
 -3.660000000000105E-003
 -3.650000000000105E-003
 -3.640000000000105E-003
 -3.630000000000104E-003
 -3.620000000000104E-003
 -3.610000000000104E-003
 -3.600000000000104E-003
 -3.590000000000104E-003
 -3.580000000000104E-003
 -3.570000000000104E-003
 -3.560000000000104E-003
 -3.550000000000104E-003
 -3.540000000000104E-003
 -3.530000000000104E-003
 -3.520000000000104E-003
 -3.510000000000104E-003
 -3.500000000000104E-003
 -3.490000000000104E-003
 -3.480000000000104E-003
 -3.470000000000104E-003
 -3.460000000000104E-003
 -3.450000000000104E-003
 -3.440000000000104E-003
 -3.430000000000104E-003
 -3.420000000000104E-003
 -3.410000000000104E-003
 -3.400000000000104E-003
 -3.390000000000104E-003
 -3.380000000000104E-003
 -3.370000000000104E-003
 -3.360000000000104E-003
 -3.350000000000104E-003
 -3.340000000000104E-003
 -3.330000000000104E-003
 -3.320000000000104E-003
 -3.310000000000104E-003
 -3.300000000000104E-003
 -3.290000000000104E-003
 -3.280000000000104E-003
 -3.270000000000104E-003
 -3.260000000000104E-003
 -3.250000000000104E-003
 -3.240000000000103E-003
 -3.230000000000103E-003
 -3.220000000000103E-003
 -3.210000000000103E-003
 -3.200000000000103E-003
 -3.190000000000103E-003
 -3.180000000000103E-003
 -3.170000000000103E-003
 -3.160000000000103E-003
 -3.150000000000103E-003
 -3.140000000000103E-003
 -3.130000000000103E-003
 -3.120000000000103E-003
 -3.110000000000103E-003
 -3.100000000000103E-003
 -3.090000000000103E-003
 -3.080000000000103E-003
 -3.070000000000103E-003
 -3.060000000000103E-003
 -3.050000000000103E-003
 -3.040000000000103E-003
 -3.030000000000103E-003
 -3.020000000000103E-003
 -3.010000000000103E-003
 -3.000000000000103E-003
 -2.990000000000103E-003
 -2.980000000000103E-003
 -2.970000000000103E-003
 -2.960000000000103E-003
 -2.950000000000103E-003
 -2.940000000000103E-003
 -2.930000000000103E-003
 -2.920000000000103E-003
 -2.910000000000103E-003
 -2.900000000000103E-003
 -2.890000000000103E-003
 -2.880000000000103E-003
 -2.870000000000103E-003
 -2.860000000000102E-003
 -2.850000000000102E-003
 -2.840000000000102E-003
 -2.830000000000102E-003
 -2.820000000000102E-003
 -2.810000000000102E-003
 -2.800000000000102E-003
 -2.790000000000102E-003
 -2.780000000000102E-003
 -2.770000000000102E-003
 -2.760000000000102E-003
 -2.750000000000102E-003
 -2.740000000000102E-003
 -2.730000000000102E-003
 -2.720000000000102E-003
 -2.710000000000102E-003
 -2.700000000000102E-003
 -2.690000000000102E-003
 -2.680000000000102E-003
 -2.670000000000102E-003
 -2.660000000000102E-003
 -2.650000000000102E-003
 -2.640000000000102E-003
 -2.630000000000102E-003
 -2.620000000000102E-003
 -2.610000000000102E-003
 -2.600000000000102E-003
 -2.590000000000102E-003
 -2.580000000000102E-003
 -2.570000000000102E-003
 -2.560000000000102E-003
 -2.550000000000102E-003
 -2.540000000000102E-003
 -2.530000000000102E-003
 -2.520000000000102E-003
 -2.510000000000102E-003
 -2.500000000000102E-003
 -2.490000000000102E-003
 -2.480000000000101E-003
 -2.470000000000101E-003
 -2.460000000000101E-003
 -2.450000000000101E-003
 -2.440000000000101E-003
 -2.430000000000101E-003
 -2.420000000000101E-003
 -2.410000000000101E-003
 -2.400000000000101E-003
 -2.390000000000101E-003
 -2.380000000000101E-003
 -2.370000000000101E-003
 -2.360000000000101E-003
 -2.350000000000101E-003
 -2.340000000000101E-003
 -2.330000000000101E-003
 -2.320000000000101E-003
 -2.310000000000101E-003
 -2.300000000000101E-003
 -2.290000000000101E-003
 -2.280000000000101E-003
 -2.270000000000101E-003
 -2.260000000000101E-003
 -2.250000000000101E-003
 -2.240000000000101E-003
 -2.230000000000101E-003
 -2.220000000000101E-003
 -2.210000000000101E-003
 -2.200000000000101E-003
 -2.190000000000101E-003
 -2.180000000000101E-003
 -2.170000000000101E-003
 -2.160000000000101E-003
 -2.150000000000101E-003
 -2.140000000000101E-003
 -2.130000000000101E-003
 -2.120000000000101E-003
 -2.110000000000101E-003
 -2.100000000000100E-003
 -2.090000000000100E-003
 -2.080000000000100E-003
 -2.070000000000100E-003
 -2.060000000000100E-003
 -2.050000000000100E-003
 -2.040000000000100E-003
 -2.030000000000100E-003
 -2.020000000000100E-003
 -2.010000000000100E-003
 -2.000000000000100E-003
 -1.990000000000100E-003
 -1.980000000000100E-003
 -1.970000000000100E-003
 -1.960000000000100E-003
 -1.950000000000100E-003
 -1.940000000000100E-003
 -1.930000000000100E-003
 -1.920000000000100E-003
 -1.910000000000100E-003
 -1.900000000000100E-003
 -1.890000000000100E-003
 -1.880000000000100E-003
 -1.870000000000100E-003
 -1.860000000000100E-003
 -1.850000000000100E-003
 -1.840000000000100E-003
 -1.830000000000100E-003
 -1.820000000000100E-003
 -1.810000000000100E-003
 -1.800000000000100E-003
 -1.790000000000100E-003
 -1.780000000000100E-003
 -1.770000000000100E-003
 -1.760000000000100E-003
 -1.750000000000100E-003
 -1.740000000000100E-003
 -1.730000000000100E-003
 -1.720000000000099E-003
 -1.710000000000099E-003
 -1.700000000000099E-003
 -1.690000000000099E-003
 -1.680000000000099E-003
 -1.670000000000099E-003
 -1.660000000000099E-003
 -1.650000000000099E-003
 -1.640000000000099E-003
 -1.630000000000099E-003
 -1.620000000000099E-003
 -1.610000000000099E-003
 -1.600000000000099E-003
 -1.590000000000099E-003
 -1.580000000000099E-003
 -1.570000000000099E-003
 -1.560000000000099E-003
 -1.550000000000099E-003
 -1.540000000000099E-003
 -1.530000000000099E-003
 -1.520000000000099E-003
 -1.510000000000099E-003
 -1.500000000000099E-003
 -1.490000000000099E-003
 -1.480000000000099E-003
 -1.470000000000099E-003
 -1.460000000000099E-003
 -1.450000000000099E-003
 -1.440000000000099E-003
 -1.430000000000099E-003
 -1.420000000000099E-003
 -1.410000000000099E-003
 -1.400000000000099E-003
 -1.390000000000099E-003
 -1.380000000000099E-003
 -1.370000000000099E-003
 -1.360000000000099E-003
 -1.350000000000099E-003
 -1.340000000000098E-003
 -1.330000000000098E-003
 -1.320000000000098E-003
 -1.310000000000098E-003
 -1.300000000000098E-003
 -1.290000000000098E-003
 -1.280000000000098E-003
 -1.270000000000098E-003
 -1.260000000000098E-003
 -1.250000000000098E-003
 -1.240000000000098E-003
 -1.230000000000098E-003
 -1.220000000000098E-003
 -1.210000000000098E-003
 -1.200000000000098E-003
 -1.190000000000098E-003
 -1.180000000000098E-003
 -1.170000000000098E-003
 -1.160000000000098E-003
 -1.150000000000098E-003
 -1.140000000000098E-003
 -1.130000000000098E-003
 -1.120000000000098E-003
 -1.110000000000098E-003
 -1.100000000000098E-003
 -1.090000000000098E-003
 -1.080000000000098E-003
 -1.070000000000098E-003
 -1.060000000000098E-003
 -1.050000000000098E-003
 -1.040000000000098E-003
 -1.030000000000098E-003
 -1.020000000000098E-003
 -1.010000000000098E-003
 -1.000000000000098E-003
 -9.900000000000976E-004
 -9.800000000000975E-004
 -9.700000000000975E-004
 -9.600000000000975E-004
 -9.500000000000975E-004
 -9.400000000000974E-004
 -9.300000000000974E-004
 -9.200000000000974E-004
 -9.100000000000974E-004
 -9.000000000000973E-004
 -8.900000000000973E-004
 -8.800000000000973E-004
 -8.700000000000973E-004
 -8.600000000000972E-004
 -8.500000000000972E-004
 -8.400000000000972E-004
 -8.300000000000972E-004
 -8.200000000000971E-004
 -8.100000000000971E-004
 -8.000000000000971E-004
 -7.900000000000970E-004
 -7.800000000000970E-004
 -7.700000000000970E-004
 -7.600000000000970E-004
 -7.500000000000969E-004
 -7.400000000000969E-004
 -7.300000000000969E-004
 -7.200000000000969E-004
 -7.100000000000968E-004
 -7.000000000000968E-004
 -6.900000000000968E-004
 -6.800000000000968E-004
 -6.700000000000967E-004
 -6.600000000000967E-004
 -6.500000000000967E-004
 -6.400000000000967E-004
 -6.300000000000966E-004
 -6.200000000000966E-004
 -6.100000000000966E-004
 -6.000000000000965E-004
 -5.900000000000965E-004
 -5.800000000000965E-004
 -5.700000000000965E-004
 -5.600000000000964E-004
 -5.500000000000964E-004
 -5.400000000000964E-004
 -5.300000000000964E-004
 -5.200000000000963E-004
 -5.100000000000963E-004
 -5.000000000000963E-004
 -4.900000000000963E-004
 -4.800000000000962E-004
 -4.700000000000962E-004
 -4.600000000000962E-004
 -4.500000000000962E-004
 -4.400000000000961E-004
 -4.300000000000961E-004
 -4.200000000000961E-004
 -4.100000000000961E-004
 -4.000000000000960E-004
 -3.900000000000960E-004
 -3.800000000000960E-004
 -3.700000000000959E-004
 -3.600000000000959E-004
 -3.500000000000959E-004
 -3.400000000000959E-004
 -3.300000000000958E-004
 -3.200000000000958E-004
 -3.100000000000958E-004
 -3.000000000000958E-004
 -2.900000000000957E-004
 -2.800000000000957E-004
 -2.700000000000957E-004
 -2.600000000000957E-004
 -2.500000000000956E-004
 -2.400000000000956E-004
 -2.300000000000956E-004
 -2.200000000000956E-004
 -2.100000000000956E-004
 -2.000000000000956E-004
 -1.900000000000956E-004
 -1.800000000000956E-004
 -1.700000000000956E-004
 -1.600000000000956E-004
 -1.500000000000956E-004
 -1.400000000000956E-004
 -1.300000000000956E-004
 -1.200000000000956E-004
 -1.100000000000956E-004
 -1.000000000000956E-004
 -9.000000000009565E-005
 -8.000000000009565E-005
 -7.000000000009565E-005
 -6.000000000009565E-005
 -5.000000000009565E-005
 -4.000000000009565E-005
 -3.000000000009565E-005
 -2.000000000009565E-005
 -1.000000000009565E-005
 -9.565034853574461E-017
  9.999999999904350E-006
  1.999999999990435E-005
  2.999999999990435E-005
  3.999999999990435E-005
  4.999999999990435E-005
  5.999999999990435E-005
  6.999999999990435E-005
  7.999999999990435E-005
  8.999999999990435E-005
  9.999999999990435E-005
  1.099999999999044E-004
  1.199999999999043E-004
  1.299999999999044E-004
  1.399999999999044E-004
  1.499999999999044E-004
  1.599999999999044E-004
  1.699999999999044E-004
  1.799999999999044E-004
  1.899999999999044E-004
  1.999999999999044E-004
  2.099999999999044E-004
  2.199999999999044E-004
  2.299999999999044E-004
  2.399999999999044E-004
  2.499999999999044E-004
  2.599999999999044E-004
  2.699999999999044E-004
  2.799999999999045E-004
  2.899999999999045E-004
  2.999999999999045E-004
  3.099999999999045E-004
  3.199999999999046E-004
  3.299999999999046E-004
  3.399999999999046E-004
  3.499999999999046E-004
  3.599999999999047E-004
  3.699999999999047E-004
  3.799999999999047E-004
  3.899999999999047E-004
  3.999999999999048E-004
  4.099999999999048E-004
  4.199999999999048E-004
  4.299999999999049E-004
  4.399999999999049E-004
  4.499999999999049E-004
  4.599999999999049E-004
  4.699999999999050E-004
  4.799999999999050E-004
  4.899999999999050E-004
  4.999999999999050E-004
  5.099999999999051E-004
  5.199999999999051E-004
  5.299999999999051E-004
  5.399999999999051E-004
  5.499999999999052E-004
  5.599999999999052E-004
  5.699999999999052E-004
  5.799999999999052E-004
  5.899999999999053E-004
  5.999999999999053E-004
  6.099999999999053E-004
  6.199999999999053E-004
  6.299999999999054E-004
  6.399999999999054E-004
  6.499999999999054E-004
  6.599999999999055E-004
  6.699999999999055E-004
  6.799999999999055E-004
  6.899999999999055E-004
  6.999999999999056E-004
  7.099999999999056E-004
  7.199999999999056E-004
  7.299999999999056E-004
  7.399999999999057E-004
  7.499999999999057E-004
  7.599999999999057E-004
  7.699999999999057E-004
  7.799999999999058E-004
  7.899999999999058E-004
  7.999999999999058E-004
  8.099999999999058E-004
  8.199999999999059E-004
  8.299999999999059E-004
  8.399999999999059E-004
  8.499999999999060E-004
  8.599999999999060E-004
  8.699999999999060E-004
  8.799999999999060E-004
  8.899999999999061E-004
  8.999999999999061E-004
  9.099999999999061E-004
  9.199999999999061E-004
  9.299999999999062E-004
  9.399999999999062E-004
  9.499999999999062E-004
  9.599999999999062E-004
  9.699999999999063E-004
  9.799999999999063E-004
  9.899999999999063E-004
  9.999999999999063E-004
  1.009999999999906E-003
  1.019999999999906E-003
  1.029999999999906E-003
  1.039999999999906E-003
  1.049999999999906E-003
  1.059999999999907E-003
  1.069999999999907E-003
  1.079999999999907E-003
  1.089999999999907E-003
  1.099999999999907E-003
  1.109999999999907E-003
  1.119999999999907E-003
  1.129999999999907E-003
  1.139999999999907E-003
  1.149999999999907E-003
  1.159999999999907E-003
  1.169999999999907E-003
  1.179999999999907E-003
  1.189999999999907E-003
  1.199999999999907E-003
  1.209999999999907E-003
  1.219999999999907E-003
  1.229999999999907E-003
  1.239999999999907E-003
  1.249999999999907E-003
  1.259999999999907E-003
  1.269999999999907E-003
  1.279999999999907E-003
  1.289999999999907E-003
  1.299999999999907E-003
  1.309999999999907E-003
  1.319999999999907E-003
  1.329999999999907E-003
  1.339999999999907E-003
  1.349999999999907E-003
  1.359999999999907E-003
  1.369999999999907E-003
  1.379999999999907E-003
  1.389999999999907E-003
  1.399999999999907E-003
  1.409999999999907E-003
  1.419999999999907E-003
  1.429999999999907E-003
  1.439999999999907E-003
  1.449999999999908E-003
  1.459999999999908E-003
  1.469999999999908E-003
  1.479999999999908E-003
  1.489999999999908E-003
  1.499999999999908E-003
  1.509999999999908E-003
  1.519999999999908E-003
  1.529999999999908E-003
  1.539999999999908E-003
  1.549999999999908E-003
  1.559999999999908E-003
  1.569999999999908E-003
  1.579999999999908E-003
  1.589999999999908E-003
  1.599999999999908E-003
  1.609999999999908E-003
  1.619999999999908E-003
  1.629999999999908E-003
  1.639999999999908E-003
  1.649999999999908E-003
  1.659999999999908E-003
  1.669999999999908E-003
  1.679999999999908E-003
  1.689999999999908E-003
  1.699999999999908E-003
  1.709999999999908E-003
  1.719999999999908E-003
  1.729999999999908E-003
  1.739999999999908E-003
  1.749999999999908E-003
  1.759999999999908E-003
  1.769999999999908E-003
  1.779999999999908E-003
  1.789999999999908E-003
  1.799999999999908E-003
  1.809999999999908E-003
  1.819999999999908E-003
  1.829999999999909E-003
  1.839999999999909E-003
  1.849999999999909E-003
  1.859999999999909E-003
  1.869999999999909E-003
  1.879999999999909E-003
  1.889999999999909E-003
  1.899999999999909E-003
  1.909999999999909E-003
  1.919999999999909E-003
  1.929999999999909E-003
  1.939999999999909E-003
  1.949999999999909E-003
  1.959999999999909E-003
  1.969999999999909E-003
  1.979999999999909E-003
  1.989999999999909E-003
  1.999999999999909E-003
  2.009999999999909E-003
  2.019999999999909E-003
  2.029999999999909E-003
  2.039999999999909E-003
  2.049999999999909E-003
  2.059999999999909E-003
  2.069999999999909E-003
  2.079999999999909E-003
  2.089999999999909E-003
  2.099999999999909E-003
  2.109999999999909E-003
  2.119999999999909E-003
  2.129999999999909E-003
  2.139999999999909E-003
  2.149999999999909E-003
  2.159999999999909E-003
  2.169999999999909E-003
  2.179999999999909E-003
  2.189999999999909E-003
  2.199999999999909E-003
  2.209999999999910E-003
  2.219999999999910E-003
  2.229999999999910E-003
  2.239999999999910E-003
  2.249999999999910E-003
  2.259999999999910E-003
  2.269999999999910E-003
  2.279999999999910E-003
  2.289999999999910E-003
  2.299999999999910E-003
  2.309999999999910E-003
  2.319999999999910E-003
  2.329999999999910E-003
  2.339999999999910E-003
  2.349999999999910E-003
  2.359999999999910E-003
  2.369999999999910E-003
  2.379999999999910E-003
  2.389999999999910E-003
  2.399999999999910E-003
  2.409999999999910E-003
  2.419999999999910E-003
  2.429999999999910E-003
  2.439999999999910E-003
  2.449999999999910E-003
  2.459999999999910E-003
  2.469999999999910E-003
  2.479999999999910E-003
  2.489999999999910E-003
  2.499999999999910E-003
  2.509999999999910E-003
  2.519999999999910E-003
  2.529999999999910E-003
  2.539999999999910E-003
  2.549999999999910E-003
  2.559999999999910E-003
  2.569999999999910E-003
  2.579999999999910E-003
  2.589999999999911E-003
  2.599999999999911E-003
  2.609999999999911E-003
  2.619999999999911E-003
  2.629999999999911E-003
  2.639999999999911E-003
  2.649999999999911E-003
  2.659999999999911E-003
  2.669999999999911E-003
  2.679999999999911E-003
  2.689999999999911E-003
  2.699999999999911E-003
  2.709999999999911E-003
  2.719999999999911E-003
  2.729999999999911E-003
  2.739999999999911E-003
  2.749999999999911E-003
  2.759999999999911E-003
  2.769999999999911E-003
  2.779999999999911E-003
  2.789999999999911E-003
  2.799999999999911E-003
  2.809999999999911E-003
  2.819999999999911E-003
  2.829999999999911E-003
  2.839999999999911E-003
  2.849999999999911E-003
  2.859999999999911E-003
  2.869999999999911E-003
  2.879999999999911E-003
  2.889999999999911E-003
  2.899999999999911E-003
  2.909999999999911E-003
  2.919999999999911E-003
  2.929999999999911E-003
  2.939999999999911E-003
  2.949999999999911E-003
  2.959999999999911E-003
  2.969999999999912E-003
  2.979999999999912E-003
  2.989999999999912E-003
  2.999999999999912E-003
  3.009999999999912E-003
  3.019999999999912E-003
  3.029999999999912E-003
  3.039999999999912E-003
  3.049999999999912E-003
  3.059999999999912E-003
  3.069999999999912E-003
  3.079999999999912E-003
  3.089999999999912E-003
  3.099999999999912E-003
  3.109999999999912E-003
  3.119999999999912E-003
  3.129999999999912E-003
  3.139999999999912E-003
  3.149999999999912E-003
  3.159999999999912E-003
  3.169999999999912E-003
  3.179999999999912E-003
  3.189999999999912E-003
  3.199999999999912E-003
  3.209999999999912E-003
  3.219999999999912E-003
  3.229999999999912E-003
  3.239999999999912E-003
  3.249999999999912E-003
  3.259999999999912E-003
  3.269999999999912E-003
  3.279999999999912E-003
  3.289999999999912E-003
  3.299999999999912E-003
  3.309999999999912E-003
  3.319999999999912E-003
  3.329999999999912E-003
  3.339999999999912E-003
  3.349999999999913E-003
  3.359999999999913E-003
  3.369999999999913E-003
  3.379999999999913E-003
  3.389999999999913E-003
  3.399999999999913E-003
  3.409999999999913E-003
  3.419999999999913E-003
  3.429999999999913E-003
  3.439999999999913E-003
  3.449999999999913E-003
  3.459999999999913E-003
  3.469999999999913E-003
  3.479999999999913E-003
  3.489999999999913E-003
  3.499999999999913E-003
  3.509999999999913E-003
  3.519999999999913E-003
  3.529999999999913E-003
  3.539999999999913E-003
  3.549999999999913E-003
  3.559999999999913E-003
  3.569999999999913E-003
  3.579999999999913E-003
  3.589999999999913E-003
  3.599999999999913E-003
  3.609999999999913E-003
  3.619999999999913E-003
  3.629999999999913E-003
  3.639999999999913E-003
  3.649999999999913E-003
  3.659999999999913E-003
  3.669999999999913E-003
  3.679999999999913E-003
  3.689999999999913E-003
  3.699999999999913E-003
  3.709999999999913E-003
  3.719999999999913E-003
  3.729999999999914E-003
  3.739999999999914E-003
  3.749999999999914E-003
  3.759999999999914E-003
  3.769999999999914E-003
  3.779999999999914E-003
  3.789999999999914E-003
  3.799999999999914E-003
  3.809999999999914E-003
  3.819999999999914E-003
  3.829999999999914E-003
  3.839999999999914E-003
  3.849999999999914E-003
  3.859999999999914E-003
  3.869999999999914E-003
  3.879999999999914E-003
  3.889999999999914E-003
  3.899999999999914E-003
  3.909999999999914E-003
  3.919999999999913E-003
  3.929999999999913E-003
  3.939999999999912E-003
  3.949999999999912E-003
  3.959999999999912E-003
  3.969999999999911E-003
  3.979999999999911E-003
  3.989999999999910E-003
  3.999999999999910E-003
  4.009999999999909E-003
  4.019999999999909E-003
  4.029999999999909E-003
  4.039999999999908E-003
  4.049999999999908E-003
  4.059999999999907E-003
  4.069999999999907E-003
  4.079999999999907E-003
  4.089999999999906E-003
  4.099999999999906E-003
  4.109999999999905E-003
  4.119999999999905E-003
  4.129999999999905E-003
  4.139999999999904E-003
  4.149999999999904E-003
  4.159999999999903E-003
  4.169999999999903E-003
  4.179999999999903E-003
  4.189999999999902E-003
  4.199999999999902E-003
  4.209999999999901E-003
  4.219999999999901E-003
  4.229999999999901E-003
  4.239999999999900E-003
  4.249999999999900E-003
  4.259999999999899E-003
  4.269999999999899E-003
  4.279999999999898E-003
  4.289999999999898E-003
  4.299999999999898E-003
  4.309999999999897E-003
  4.319999999999897E-003
  4.329999999999896E-003
  4.339999999999896E-003
  4.349999999999896E-003
  4.359999999999895E-003
  4.369999999999895E-003
  4.379999999999894E-003
  4.389999999999894E-003
  4.399999999999894E-003
  4.409999999999893E-003
  4.419999999999893E-003
  4.429999999999892E-003
  4.439999999999892E-003
  4.449999999999892E-003
  4.459999999999891E-003
  4.469999999999891E-003
  4.479999999999890E-003
  4.489999999999890E-003
  4.499999999999890E-003
  4.509999999999889E-003
  4.519999999999889E-003
  4.529999999999888E-003
  4.539999999999888E-003
  4.549999999999887E-003
  4.559999999999887E-003
  4.569999999999887E-003
  4.579999999999886E-003
  4.589999999999886E-003
  4.599999999999885E-003
  4.609999999999885E-003
  4.619999999999885E-003
  4.629999999999884E-003
  4.639999999999884E-003
  4.649999999999883E-003
  4.659999999999883E-003
  4.669999999999883E-003
  4.679999999999882E-003
  4.689999999999882E-003
  4.699999999999881E-003
  4.709999999999881E-003
  4.719999999999881E-003
  4.729999999999880E-003
  4.739999999999880E-003
  4.749999999999879E-003
  4.759999999999879E-003
  4.769999999999879E-003
  4.779999999999878E-003
  4.789999999999878E-003
  4.799999999999877E-003
  4.809999999999877E-003
  4.819999999999876E-003
  4.829999999999876E-003
  4.839999999999876E-003
  4.849999999999875E-003
  4.859999999999875E-003
  4.869999999999874E-003
  4.879999999999874E-003
  4.889999999999874E-003
  4.899999999999873E-003
  4.909999999999873E-003
  4.919999999999872E-003
  4.929999999999872E-003
  4.939999999999872E-003
  4.949999999999871E-003
  4.959999999999871E-003
  4.969999999999870E-003
  4.979999999999870E-003
  4.989999999999870E-003
  4.999999999999869E-003
  5.009999999999869E-003
  5.019999999999868E-003
  5.029999999999868E-003
  5.039999999999868E-003
  5.049999999999867E-003
  5.059999999999867E-003
  5.069999999999866E-003
  5.079999999999866E-003
  5.089999999999865E-003
  5.099999999999865E-003
  5.109999999999865E-003
  5.119999999999864E-003
  5.129999999999864E-003
  5.139999999999863E-003
  5.149999999999863E-003
  5.159999999999863E-003
  5.169999999999862E-003
  5.179999999999862E-003
  5.189999999999861E-003
  5.199999999999861E-003
  5.209999999999861E-003
  5.219999999999860E-003
  5.229999999999860E-003
  5.239999999999859E-003
  5.249999999999859E-003
  5.259999999999859E-003
  5.269999999999858E-003
  5.279999999999858E-003
  5.289999999999857E-003
  5.299999999999857E-003
  5.309999999999857E-003
  5.319999999999856E-003
  5.329999999999856E-003
  5.339999999999855E-003
  5.349999999999855E-003
  5.359999999999854E-003
  5.369999999999854E-003
  5.379999999999854E-003
  5.389999999999853E-003
  5.399999999999853E-003
  5.409999999999852E-003
  5.419999999999852E-003
  5.429999999999852E-003
  5.439999999999851E-003
  5.449999999999851E-003
  5.459999999999850E-003
  5.469999999999850E-003
  5.479999999999850E-003
  5.489999999999849E-003
  5.499999999999849E-003
  5.509999999999848E-003
  5.519999999999848E-003
  5.529999999999848E-003
  5.539999999999847E-003
  5.549999999999847E-003
  5.559999999999846E-003
  5.569999999999846E-003
  5.579999999999846E-003
  5.589999999999845E-003
  5.599999999999845E-003
  5.609999999999844E-003
  5.619999999999844E-003
  5.629999999999843E-003
  5.639999999999843E-003
  5.649999999999843E-003
  5.659999999999842E-003
  5.669999999999842E-003
  5.679999999999841E-003
  5.689999999999841E-003
  5.699999999999841E-003
  5.709999999999840E-003
  5.719999999999840E-003
  5.729999999999839E-003
  5.739999999999839E-003
  5.749999999999839E-003
  5.759999999999838E-003
  5.769999999999838E-003
  5.779999999999837E-003
  5.789999999999837E-003
  5.799999999999837E-003
  5.809999999999836E-003
  5.819999999999836E-003
  5.829999999999835E-003
  5.839999999999835E-003
  5.849999999999834E-003
  5.859999999999834E-003
  5.869999999999834E-003
  5.879999999999833E-003
  5.889999999999833E-003
  5.899999999999832E-003
  5.909999999999832E-003
  5.919999999999832E-003
  5.929999999999831E-003
  5.939999999999831E-003
  5.949999999999830E-003
  5.959999999999830E-003
  5.969999999999830E-003
  5.979999999999829E-003
  5.989999999999829E-003
  5.999999999999828E-003
  6.009999999999828E-003
  6.019999999999828E-003
  6.029999999999827E-003
  6.039999999999827E-003
  6.049999999999826E-003
  6.059999999999826E-003
  6.069999999999826E-003
  6.079999999999825E-003
  6.089999999999825E-003
  6.099999999999824E-003
  6.109999999999824E-003
  6.119999999999823E-003
  6.129999999999823E-003
  6.139999999999823E-003
  6.149999999999822E-003
  6.159999999999822E-003
  6.169999999999821E-003
  6.179999999999821E-003
  6.189999999999821E-003
  6.199999999999820E-003
  6.209999999999820E-003
  6.219999999999819E-003
  6.229999999999819E-003
  6.239999999999819E-003
  6.249999999999818E-003
  6.259999999999818E-003
  6.269999999999817E-003
  6.279999999999817E-003
  6.289999999999817E-003
  6.299999999999816E-003
  6.309999999999816E-003
  6.319999999999815E-003
  6.329999999999815E-003
  6.339999999999815E-003
  6.349999999999814E-003
  6.359999999999814E-003
  6.369999999999813E-003
  6.379999999999813E-003
  6.389999999999812E-003
  6.399999999999812E-003
  6.409999999999812E-003
  6.419999999999811E-003
  6.429999999999811E-003
  6.439999999999810E-003
  6.449999999999810E-003
  6.459999999999810E-003
  6.469999999999809E-003
  6.479999999999809E-003
  6.489999999999808E-003
