         401
 -1.000000000000000E-002
 -9.950000000000001E-003
 -9.900000000000001E-003
 -9.850000000000001E-003
 -9.800000000000001E-003
 -9.750000000000002E-003
 -9.700000000000002E-003
 -9.650000000000002E-003
 -9.600000000000003E-003
 -9.550000000000003E-003
 -9.500000000000003E-003
 -9.450000000000004E-003
 -9.400000000000004E-003
 -9.350000000000004E-003
 -9.300000000000004E-003
 -9.250000000000005E-003
 -9.200000000000005E-003
 -9.150000000000005E-003
 -9.100000000000006E-003
 -9.050000000000006E-003
 -9.000000000000006E-003
 -8.950000000000007E-003
 -8.900000000000007E-003
 -8.850000000000007E-003
 -8.800000000000007E-003
 -8.750000000000008E-003
 -8.700000000000008E-003
 -8.650000000000008E-003
 -8.600000000000009E-003
 -8.550000000000009E-003
 -8.500000000000009E-003
 -8.450000000000010E-003
 -8.400000000000010E-003
 -8.350000000000010E-003
 -8.300000000000010E-003
 -8.250000000000011E-003
 -8.200000000000011E-003
 -8.150000000000011E-003
 -8.100000000000012E-003
 -8.050000000000012E-003
 -8.000000000000012E-003
 -7.950000000000013E-003
 -7.900000000000013E-003
 -7.850000000000013E-003
 -7.800000000000014E-003
 -7.750000000000014E-003
 -7.700000000000014E-003
 -7.650000000000014E-003
 -7.600000000000015E-003
 -7.550000000000015E-003
 -7.500000000000015E-003
 -7.450000000000016E-003
 -7.400000000000016E-003
 -7.350000000000016E-003
 -7.300000000000017E-003
 -7.250000000000017E-003
 -7.200000000000017E-003
 -7.150000000000017E-003
 -7.100000000000018E-003
 -7.050000000000018E-003
 -7.000000000000018E-003
 -6.950000000000019E-003
 -6.900000000000019E-003
 -6.850000000000019E-003
 -6.800000000000020E-003
 -6.750000000000020E-003
 -6.700000000000020E-003
 -6.650000000000020E-003
 -6.600000000000021E-003
 -6.550000000000021E-003
 -6.500000000000021E-003
 -6.450000000000022E-003
 -6.400000000000022E-003
 -6.350000000000022E-003
 -6.300000000000023E-003
 -6.250000000000023E-003
 -6.200000000000023E-003
 -6.150000000000024E-003
 -6.100000000000024E-003
 -6.050000000000024E-003
 -6.000000000000024E-003
 -5.950000000000025E-003
 -5.900000000000025E-003
 -5.850000000000025E-003
 -5.800000000000026E-003
 -5.750000000000026E-003
 -5.700000000000026E-003
 -5.650000000000027E-003
 -5.600000000000027E-003
 -5.550000000000027E-003
 -5.500000000000027E-003
 -5.450000000000028E-003
 -5.400000000000028E-003
 -5.350000000000028E-003
 -5.300000000000029E-003
 -5.250000000000029E-003
 -5.200000000000029E-003
 -5.150000000000030E-003
 -5.100000000000030E-003
 -5.050000000000030E-003
 -5.000000000000030E-003
 -4.950000000000031E-003
 -4.900000000000031E-003
 -4.850000000000031E-003
 -4.800000000000032E-003
 -4.750000000000032E-003
 -4.700000000000032E-003
 -4.650000000000033E-003
 -4.600000000000033E-003
 -4.550000000000033E-003
 -4.500000000000033E-003
 -4.450000000000034E-003
 -4.400000000000034E-003
 -4.350000000000034E-003
 -4.300000000000035E-003
 -4.250000000000035E-003
 -4.200000000000035E-003
 -4.150000000000036E-003
 -4.100000000000036E-003
 -4.050000000000036E-003
 -4.000000000000037E-003
 -3.950000000000037E-003
 -3.900000000000037E-003
 -3.850000000000037E-003
 -3.800000000000036E-003
 -3.750000000000036E-003
 -3.700000000000036E-003
 -3.650000000000036E-003
 -3.600000000000036E-003
 -3.550000000000036E-003
 -3.500000000000036E-003
 -3.450000000000036E-003
 -3.400000000000035E-003
 -3.350000000000035E-003
 -3.300000000000035E-003
 -3.250000000000035E-003
 -3.200000000000035E-003
 -3.150000000000035E-003
 -3.100000000000035E-003
 -3.050000000000034E-003
 -3.000000000000034E-003
 -2.950000000000034E-003
 -2.900000000000034E-003
 -2.850000000000034E-003
 -2.800000000000034E-003
 -2.750000000000034E-003
 -2.700000000000034E-003
 -2.650000000000033E-003
 -2.600000000000033E-003
 -2.550000000000033E-003
 -2.500000000000033E-003
 -2.450000000000033E-003
 -2.400000000000033E-003
 -2.350000000000033E-003
 -2.300000000000032E-003
 -2.250000000000032E-003
 -2.200000000000032E-003
 -2.150000000000032E-003
 -2.100000000000032E-003
 -2.050000000000032E-003
 -2.000000000000032E-003
 -1.950000000000032E-003
 -1.900000000000032E-003
 -1.850000000000032E-003
 -1.800000000000032E-003
 -1.750000000000032E-003
 -1.700000000000032E-003
 -1.650000000000032E-003
 -1.600000000000032E-003
 -1.550000000000032E-003
 -1.500000000000033E-003
 -1.450000000000033E-003
 -1.400000000000033E-003
 -1.350000000000033E-003
 -1.300000000000033E-003
 -1.250000000000033E-003
 -1.200000000000033E-003
 -1.150000000000033E-003
 -1.100000000000033E-003
 -1.050000000000033E-003
 -1.000000000000033E-003
 -9.500000000000334E-004
 -9.000000000000334E-004
 -8.500000000000333E-004
 -8.000000000000333E-004
 -7.500000000000333E-004
 -7.000000000000333E-004
 -6.500000000000333E-004
 -6.000000000000332E-004
 -5.500000000000332E-004
 -5.000000000000332E-004
 -4.500000000000332E-004
 -4.000000000000331E-004
 -3.500000000000331E-004
 -3.000000000000331E-004
 -2.500000000000331E-004
 -2.000000000000331E-004
 -1.500000000000331E-004
 -1.000000000000331E-004
 -5.000000000003308E-005
 -3.308171878796395E-017
  4.999999999996692E-005
  9.999999999996692E-005
  1.499999999999669E-004
  1.999999999999669E-004
  2.499999999999669E-004
  2.999999999999670E-004
  3.499999999999670E-004
  3.999999999999670E-004
  4.499999999999670E-004
  4.999999999999671E-004
  5.499999999999671E-004
  5.999999999999671E-004
  6.499999999999671E-004
  6.999999999999671E-004
  7.499999999999672E-004
  7.999999999999672E-004
  8.499999999999672E-004
  8.999999999999672E-004
  9.499999999999673E-004
  9.999999999999673E-004
  1.049999999999967E-003
  1.099999999999967E-003
  1.149999999999967E-003
  1.199999999999967E-003
  1.249999999999967E-003
  1.299999999999967E-003
  1.349999999999967E-003
  1.399999999999967E-003
  1.449999999999967E-003
  1.499999999999966E-003
  1.549999999999966E-003
  1.599999999999966E-003
  1.649999999999966E-003
  1.699999999999966E-003
  1.749999999999966E-003
  1.799999999999966E-003
  1.849999999999966E-003
  1.899999999999966E-003
  1.949999999999966E-003
  1.999999999999966E-003
  2.049999999999966E-003
  2.099999999999966E-003
  2.149999999999966E-003
  2.199999999999966E-003
  2.249999999999966E-003
  2.299999999999967E-003
  2.349999999999967E-003
  2.399999999999967E-003
  2.449999999999967E-003
  2.499999999999967E-003
  2.549999999999967E-003
  2.599999999999967E-003
  2.649999999999967E-003
  2.699999999999968E-003
  2.749999999999968E-003
  2.799999999999968E-003
  2.849999999999968E-003
  2.899999999999968E-003
  2.949999999999968E-003
  2.999999999999968E-003
  3.049999999999969E-003
  3.099999999999969E-003
  3.149999999999969E-003
  3.199999999999969E-003
  3.249999999999969E-003
  3.299999999999969E-003
  3.349999999999969E-003
  3.399999999999969E-003
  3.449999999999970E-003
  3.499999999999970E-003
  3.549999999999970E-003
  3.599999999999970E-003
  3.649999999999970E-003
  3.699999999999970E-003
  3.749999999999970E-003
  3.799999999999971E-003
  3.849999999999971E-003
  3.899999999999971E-003
  3.949999999999971E-003
  3.999999999999971E-003
  4.049999999999970E-003
  4.099999999999970E-003
  4.149999999999970E-003
  4.199999999999969E-003
  4.249999999999969E-003
  4.299999999999969E-003
  4.349999999999968E-003
  4.399999999999968E-003
  4.449999999999968E-003
  4.499999999999968E-003
  4.549999999999967E-003
  4.599999999999967E-003
  4.649999999999967E-003
  4.699999999999966E-003
  4.749999999999966E-003
  4.799999999999966E-003
  4.849999999999965E-003
  4.899999999999965E-003
  4.949999999999965E-003
  4.999999999999965E-003
  5.049999999999964E-003
  5.099999999999964E-003
  5.149999999999964E-003
  5.199999999999963E-003
  5.249999999999963E-003
  5.299999999999963E-003
  5.349999999999962E-003
  5.399999999999962E-003
  5.449999999999962E-003
  5.499999999999962E-003
  5.549999999999961E-003
  5.599999999999961E-003
  5.649999999999961E-003
  5.699999999999960E-003
  5.749999999999960E-003
  5.799999999999960E-003
  5.849999999999959E-003
  5.899999999999959E-003
  5.949999999999959E-003
  5.999999999999958E-003
  6.049999999999958E-003
  6.099999999999958E-003
  6.149999999999958E-003
  6.199999999999957E-003
  6.249999999999957E-003
  6.299999999999957E-003
  6.349999999999956E-003
  6.399999999999956E-003
  6.449999999999956E-003
  6.499999999999955E-003
  6.549999999999955E-003
  6.599999999999955E-003
  6.649999999999955E-003
  6.699999999999954E-003
  6.749999999999954E-003
  6.799999999999954E-003
  6.849999999999953E-003
  6.899999999999953E-003
  6.949999999999953E-003
  6.999999999999952E-003
  7.049999999999952E-003
  7.099999999999952E-003
  7.149999999999952E-003
  7.199999999999951E-003
  7.249999999999951E-003
  7.299999999999951E-003
  7.349999999999950E-003
  7.399999999999950E-003
  7.449999999999950E-003
  7.499999999999949E-003
  7.549999999999949E-003
  7.599999999999949E-003
  7.649999999999949E-003
  7.699999999999948E-003
  7.749999999999948E-003
  7.799999999999948E-003
  7.849999999999947E-003
  7.899999999999947E-003
  7.949999999999947E-003
  7.999999999999946E-003
  8.049999999999946E-003
  8.099999999999946E-003
  8.149999999999945E-003
  8.199999999999945E-003
  8.249999999999945E-003
  8.299999999999945E-003
  8.349999999999944E-003
  8.399999999999944E-003
  8.449999999999944E-003
  8.499999999999943E-003
  8.549999999999943E-003
  8.599999999999943E-003
  8.649999999999942E-003
  8.699999999999942E-003
  8.749999999999942E-003
  8.799999999999942E-003
  8.849999999999941E-003
  8.899999999999941E-003
  8.949999999999941E-003
  8.999999999999940E-003
  9.049999999999940E-003
  9.099999999999940E-003
  9.149999999999939E-003
  9.199999999999939E-003
  9.249999999999939E-003
  9.299999999999939E-003
  9.349999999999938E-003
  9.399999999999938E-003
  9.449999999999938E-003
  9.499999999999937E-003
  9.549999999999937E-003
  9.599999999999937E-003
  9.649999999999936E-003
  9.699999999999936E-003
  9.749999999999936E-003
  9.799999999999935E-003
  9.849999999999935E-003
  9.899999999999935E-003
  9.949999999999935E-003
  9.999999999999934E-003
