201
-0.250000E-01
-0.244600E-01
-0.239200E-01
-0.233800E-01
-0.228400E-01
-0.223000E-01
-0.217600E-01
-0.212200E-01
-0.206800E-01
-0.201400E-01
-0.196000E-01
-0.190600E-01
-0.185200E-01
-0.179800E-01
-0.174400E-01
-0.169000E-01
-0.163600E-01
-0.158200E-01
-0.152800E-01
-0.147400E-01
-0.142000E-01
-0.136600E-01
-0.131200E-01
-0.125800E-01
-0.120400E-01
-0.115000E-01
-0.109600E-01
-0.104200E-01
-0.988000E-02
-0.934000E-02
-0.880000E-02
-0.826000E-02
-0.772000E-02
-0.718000E-02
-0.664000E-02
-0.610000E-02
-0.556000E-02
-0.502000E-02
-0.448000E-02
-0.394000E-02
-0.340000E-02
-0.286000E-02
-0.232000E-02
-0.178000E-02
-0.124000E-02
-0.700000E-03
-0.160000E-03
0.380000E-03
0.920000E-03
0.146000E-02
0.200000E-02
0.254000E-02
0.308000E-02
0.362000E-02
0.416000E-02
0.470000E-02
0.524000E-02
0.578000E-02
0.632000E-02
0.686000E-02
0.740000E-02
0.794000E-02
0.848000E-02
0.902000E-02
0.956000E-02
0.101000E-01
0.106400E-01
0.111800E-01
0.117200E-01
0.122600E-01
0.128000E-01
0.133400E-01
0.138800E-01
0.144200E-01
0.149600E-01
0.155000E-01
0.160400E-01
0.165800E-01
0.171200E-01
0.176600E-01
0.182000E-01
0.187400E-01
0.192800E-01
0.198200E-01
0.203600E-01
0.209000E-01
0.214400E-01
0.219800E-01
0.225200E-01
0.230600E-01
0.236000E-01
0.241400E-01
0.246800E-01
0.252200E-01
0.257600E-01
0.263000E-01
0.268400E-01
0.273800E-01
0.279200E-01
0.284600E-01
0.290000E-01
0.295400E-01
0.300800E-01
0.306200E-01
0.311600E-01
0.317000E-01
0.322400E-01
0.327800E-01
0.333200E-01
0.338600E-01
0.344000E-01
0.349400E-01
0.354800E-01
0.360200E-01
0.365600E-01
0.371000E-01
0.376400E-01
0.381800E-01
0.387200E-01
0.392600E-01
0.398000E-01
0.403400E-01
0.408800E-01
0.414200E-01
0.419600E-01
0.425000E-01
0.430400E-01
0.435800E-01
0.441200E-01
0.446600E-01
0.452000E-01
0.457400E-01
0.462800E-01
0.468200E-01
0.473600E-01
0.479000E-01
0.484400E-01
0.489800E-01
0.495200E-01
0.500600E-01
0.506000E-01
0.511400E-01
0.516800E-01
0.522200E-01
0.527600E-01
0.533000E-01
0.538400E-01
0.543800E-01
0.549200E-01
0.554600E-01
0.560000E-01
0.565400E-01
0.570800E-01
0.576200E-01
0.581600E-01
0.587000E-01
0.592400E-01
0.597800E-01
0.603200E-01
0.608600E-01
0.614000E-01
0.619400E-01
0.624800E-01
0.630200E-01
0.635600E-01
0.641000E-01
0.646400E-01
0.651800E-01
0.657200E-01
0.662600E-01
0.668000E-01
0.673400E-01
0.678800E-01
0.684200E-01
0.689600E-01
0.695000E-01
0.700400E-01
0.705800E-01
0.711200E-01
0.716600E-01
0.722000E-01
0.727400E-01
0.732800E-01
0.738200E-01
0.743600E-01
0.749000E-01
0.754400E-01
0.759800E-01
0.765200E-01
0.770600E-01
0.776000E-01
0.781400E-01
0.786800E-01
0.792200E-01
0.797600E-01
0.803000E-01
0.808400E-01
0.813800E-01
0.819200E-01
0.824600E-01
0.830000E-01
