        1000
 -1.000000000000000E-002
 -9.980000000000001E-003
 -9.960000000000002E-003
 -9.940000000000003E-003
 -9.920000000000003E-003
 -9.900000000000004E-003
 -9.880000000000005E-003
 -9.860000000000006E-003
 -9.840000000000007E-003
 -9.820000000000008E-003
 -9.800000000000008E-003
 -9.780000000000009E-003
 -9.760000000000010E-003
 -9.740000000000011E-003
 -9.720000000000012E-003
 -9.700000000000012E-003
 -9.680000000000013E-003
 -9.660000000000014E-003
 -9.640000000000015E-003
 -9.620000000000016E-003
 -9.600000000000017E-003
 -9.580000000000017E-003
 -9.560000000000018E-003
 -9.540000000000019E-003
 -9.520000000000020E-003
 -9.500000000000021E-003
 -9.480000000000021E-003
 -9.460000000000022E-003
 -9.440000000000023E-003
 -9.420000000000024E-003
 -9.400000000000025E-003
 -9.380000000000025E-003
 -9.360000000000026E-003
 -9.340000000000027E-003
 -9.320000000000028E-003
 -9.300000000000029E-003
 -9.280000000000030E-003
 -9.260000000000030E-003
 -9.240000000000031E-003
 -9.220000000000032E-003
 -9.200000000000033E-003
 -9.180000000000034E-003
 -9.160000000000034E-003
 -9.140000000000035E-003
 -9.120000000000036E-003
 -9.100000000000037E-003
 -9.080000000000038E-003
 -9.060000000000039E-003
 -9.040000000000039E-003
 -9.020000000000040E-003
 -9.000000000000041E-003
 -8.980000000000042E-003
 -8.960000000000043E-003
 -8.940000000000043E-003
 -8.920000000000044E-003
 -8.900000000000045E-003
 -8.880000000000046E-003
 -8.860000000000047E-003
 -8.840000000000047E-003
 -8.820000000000048E-003
 -8.800000000000049E-003
 -8.780000000000050E-003
 -8.760000000000051E-003
 -8.740000000000052E-003
 -8.720000000000052E-003
 -8.700000000000053E-003
 -8.680000000000054E-003
 -8.660000000000055E-003
 -8.640000000000056E-003
 -8.620000000000056E-003
 -8.600000000000057E-003
 -8.580000000000058E-003
 -8.560000000000059E-003
 -8.540000000000060E-003
 -8.520000000000061E-003
 -8.500000000000061E-003
 -8.480000000000062E-003
 -8.460000000000063E-003
 -8.440000000000064E-003
 -8.420000000000065E-003
 -8.400000000000065E-003
 -8.380000000000066E-003
 -8.360000000000067E-003
 -8.340000000000068E-003
 -8.320000000000069E-003
 -8.300000000000069E-003
 -8.280000000000070E-003
 -8.260000000000071E-003
 -8.240000000000072E-003
 -8.220000000000073E-003
 -8.200000000000074E-003
 -8.180000000000074E-003
 -8.160000000000075E-003
 -8.140000000000076E-003
 -8.120000000000077E-003
 -8.100000000000078E-003
 -8.080000000000078E-003
 -8.060000000000079E-003
 -8.040000000000080E-003
 -8.020000000000081E-003
 -8.000000000000082E-003
 -7.980000000000083E-003
 -7.960000000000083E-003
 -7.940000000000084E-003
 -7.920000000000085E-003
 -7.900000000000086E-003
 -7.880000000000087E-003
 -7.860000000000087E-003
 -7.840000000000088E-003
 -7.820000000000089E-003
 -7.800000000000089E-003
 -7.780000000000089E-003
 -7.760000000000089E-003
 -7.740000000000089E-003
 -7.720000000000089E-003
 -7.700000000000089E-003
 -7.680000000000089E-003
 -7.660000000000089E-003
 -7.640000000000089E-003
 -7.620000000000089E-003
 -7.600000000000088E-003
 -7.580000000000088E-003
 -7.560000000000088E-003
 -7.540000000000088E-003
 -7.520000000000088E-003
 -7.500000000000088E-003
 -7.480000000000088E-003
 -7.460000000000088E-003
 -7.440000000000088E-003
 -7.420000000000088E-003
 -7.400000000000088E-003
 -7.380000000000088E-003
 -7.360000000000088E-003
 -7.340000000000088E-003
 -7.320000000000088E-003
 -7.300000000000088E-003
 -7.280000000000088E-003
 -7.260000000000088E-003
 -7.240000000000088E-003
 -7.220000000000087E-003
 -7.200000000000087E-003
 -7.180000000000087E-003
 -7.160000000000087E-003
 -7.140000000000087E-003
 -7.120000000000087E-003
 -7.100000000000087E-003
 -7.080000000000087E-003
 -7.060000000000087E-003
 -7.040000000000087E-003
 -7.020000000000087E-003
 -7.000000000000087E-003
 -6.980000000000087E-003
 -6.960000000000087E-003
 -6.940000000000087E-003
 -6.920000000000087E-003
 -6.900000000000087E-003
 -6.880000000000087E-003
 -6.860000000000087E-003
 -6.840000000000086E-003
 -6.820000000000086E-003
 -6.800000000000086E-003
 -6.780000000000086E-003
 -6.760000000000086E-003
 -6.740000000000086E-003
 -6.720000000000086E-003
 -6.700000000000086E-003
 -6.680000000000086E-003
 -6.660000000000086E-003
 -6.640000000000086E-003
 -6.620000000000086E-003
 -6.600000000000086E-003
 -6.580000000000086E-003
 -6.560000000000086E-003
 -6.540000000000086E-003
 -6.520000000000086E-003
 -6.500000000000086E-003
 -6.480000000000086E-003
 -6.460000000000085E-003
 -6.440000000000085E-003
 -6.420000000000085E-003
 -6.400000000000085E-003
 -6.380000000000085E-003
 -6.360000000000085E-003
 -6.340000000000085E-003
 -6.320000000000085E-003
 -6.300000000000085E-003
 -6.280000000000085E-003
 -6.260000000000085E-003
 -6.240000000000085E-003
 -6.220000000000085E-003
 -6.200000000000085E-003
 -6.180000000000085E-003
 -6.160000000000085E-003
 -6.140000000000085E-003
 -6.120000000000085E-003
 -6.100000000000085E-003
 -6.080000000000084E-003
 -6.060000000000084E-003
 -6.040000000000084E-003
 -6.020000000000084E-003
 -6.000000000000084E-003
 -5.980000000000084E-003
 -5.960000000000084E-003
 -5.940000000000084E-003
 -5.920000000000084E-003
 -5.900000000000084E-003
 -5.880000000000084E-003
 -5.860000000000084E-003
 -5.840000000000084E-003
 -5.820000000000084E-003
 -5.800000000000084E-003
 -5.780000000000084E-003
 -5.760000000000084E-003
 -5.740000000000084E-003
 -5.720000000000084E-003
 -5.700000000000083E-003
 -5.680000000000083E-003
 -5.660000000000083E-003
 -5.640000000000083E-003
 -5.620000000000083E-003
 -5.600000000000083E-003
 -5.580000000000083E-003
 -5.560000000000083E-003
 -5.540000000000083E-003
 -5.520000000000083E-003
 -5.500000000000083E-003
 -5.480000000000083E-003
 -5.460000000000083E-003
 -5.440000000000083E-003
 -5.420000000000083E-003
 -5.400000000000083E-003
 -5.380000000000083E-003
 -5.360000000000083E-003
 -5.340000000000083E-003
 -5.320000000000082E-003
 -5.300000000000082E-003
 -5.280000000000082E-003
 -5.260000000000082E-003
 -5.240000000000082E-003
 -5.220000000000082E-003
 -5.200000000000082E-003
 -5.180000000000082E-003
 -5.160000000000082E-003
 -5.140000000000082E-003
 -5.120000000000082E-003
 -5.100000000000082E-003
 -5.080000000000082E-003
 -5.060000000000082E-003
 -5.040000000000082E-003
 -5.020000000000082E-003
 -5.000000000000082E-003
 -4.980000000000082E-003
 -4.960000000000082E-003
 -4.940000000000081E-003
 -4.920000000000081E-003
 -4.900000000000081E-003
 -4.880000000000081E-003
 -4.860000000000081E-003
 -4.840000000000081E-003
 -4.820000000000081E-003
 -4.800000000000081E-003
 -4.780000000000081E-003
 -4.760000000000081E-003
 -4.740000000000081E-003
 -4.720000000000081E-003
 -4.700000000000081E-003
 -4.680000000000081E-003
 -4.660000000000081E-003
 -4.640000000000081E-003
 -4.620000000000081E-003
 -4.600000000000081E-003
 -4.580000000000081E-003
 -4.560000000000080E-003
 -4.540000000000080E-003
 -4.520000000000080E-003
 -4.500000000000080E-003
 -4.480000000000080E-003
 -4.460000000000080E-003
 -4.440000000000080E-003
 -4.420000000000080E-003
 -4.400000000000080E-003
 -4.380000000000080E-003
 -4.360000000000080E-003
 -4.340000000000080E-003
 -4.320000000000080E-003
 -4.300000000000080E-003
 -4.280000000000080E-003
 -4.260000000000080E-003
 -4.240000000000080E-003
 -4.220000000000080E-003
 -4.200000000000080E-003
 -4.180000000000079E-003
 -4.160000000000079E-003
 -4.140000000000079E-003
 -4.120000000000079E-003
 -4.100000000000079E-003
 -4.080000000000079E-003
 -4.060000000000079E-003
 -4.040000000000079E-003
 -4.020000000000079E-003
 -4.000000000000079E-003
 -3.980000000000079E-003
 -3.960000000000079E-003
 -3.940000000000079E-003
 -3.920000000000079E-003
 -3.900000000000079E-003
 -3.880000000000079E-003
 -3.860000000000079E-003
 -3.840000000000079E-003
 -3.820000000000079E-003
 -3.800000000000078E-003
 -3.780000000000078E-003
 -3.760000000000078E-003
 -3.740000000000078E-003
 -3.720000000000078E-003
 -3.700000000000078E-003
 -3.680000000000078E-003
 -3.660000000000078E-003
 -3.640000000000078E-003
 -3.620000000000078E-003
 -3.600000000000078E-003
 -3.580000000000078E-003
 -3.560000000000078E-003
 -3.540000000000078E-003
 -3.520000000000078E-003
 -3.500000000000078E-003
 -3.480000000000078E-003
 -3.460000000000078E-003
 -3.440000000000078E-003
 -3.420000000000077E-003
 -3.400000000000077E-003
 -3.380000000000077E-003
 -3.360000000000077E-003
 -3.340000000000077E-003
 -3.320000000000077E-003
 -3.300000000000077E-003
 -3.280000000000077E-003
 -3.260000000000077E-003
 -3.240000000000077E-003
 -3.220000000000077E-003
 -3.200000000000077E-003
 -3.180000000000077E-003
 -3.160000000000077E-003
 -3.140000000000077E-003
 -3.120000000000077E-003
 -3.100000000000077E-003
 -3.080000000000077E-003
 -3.060000000000077E-003
 -3.040000000000076E-003
 -3.020000000000076E-003
 -3.000000000000076E-003
 -2.980000000000076E-003
 -2.960000000000076E-003
 -2.940000000000076E-003
 -2.920000000000076E-003
 -2.900000000000076E-003
 -2.880000000000076E-003
 -2.860000000000076E-003
 -2.840000000000076E-003
 -2.820000000000076E-003
 -2.800000000000076E-003
 -2.780000000000076E-003
 -2.760000000000076E-003
 -2.740000000000076E-003
 -2.720000000000076E-003
 -2.700000000000076E-003
 -2.680000000000076E-003
 -2.660000000000075E-003
 -2.640000000000075E-003
 -2.620000000000075E-003
 -2.600000000000075E-003
 -2.580000000000075E-003
 -2.560000000000075E-003
 -2.540000000000075E-003
 -2.520000000000075E-003
 -2.500000000000075E-003
 -2.480000000000075E-003
 -2.460000000000075E-003
 -2.440000000000075E-003
 -2.420000000000075E-003
 -2.400000000000075E-003
 -2.380000000000075E-003
 -2.360000000000075E-003
 -2.340000000000075E-003
 -2.320000000000075E-003
 -2.300000000000075E-003
 -2.280000000000075E-003
 -2.260000000000074E-003
 -2.240000000000074E-003
 -2.220000000000074E-003
 -2.200000000000074E-003
 -2.180000000000074E-003
 -2.160000000000074E-003
 -2.140000000000074E-003
 -2.120000000000074E-003
 -2.100000000000074E-003
 -2.080000000000074E-003
 -2.060000000000074E-003
 -2.040000000000074E-003
 -2.020000000000074E-003
 -2.000000000000074E-003
 -1.980000000000074E-003
 -1.960000000000074E-003
 -1.940000000000074E-003
 -1.920000000000074E-003
 -1.900000000000074E-003
 -1.880000000000073E-003
 -1.860000000000073E-003
 -1.840000000000073E-003
 -1.820000000000073E-003
 -1.800000000000073E-003
 -1.780000000000073E-003
 -1.760000000000073E-003
 -1.740000000000073E-003
 -1.720000000000073E-003
 -1.700000000000073E-003
 -1.680000000000073E-003
 -1.660000000000073E-003
 -1.640000000000073E-003
 -1.620000000000073E-003
 -1.600000000000073E-003
 -1.580000000000073E-003
 -1.560000000000073E-003
 -1.540000000000073E-003
 -1.520000000000073E-003
 -1.500000000000072E-003
 -1.480000000000072E-003
 -1.460000000000072E-003
 -1.440000000000072E-003
 -1.420000000000072E-003
 -1.400000000000072E-003
 -1.380000000000072E-003
 -1.360000000000072E-003
 -1.340000000000072E-003
 -1.320000000000072E-003
 -1.300000000000072E-003
 -1.280000000000072E-003
 -1.260000000000072E-003
 -1.240000000000072E-003
 -1.220000000000072E-003
 -1.200000000000072E-003
 -1.180000000000072E-003
 -1.160000000000072E-003
 -1.140000000000072E-003
 -1.120000000000071E-003
 -1.100000000000071E-003
 -1.080000000000071E-003
 -1.060000000000071E-003
 -1.040000000000071E-003
 -1.020000000000071E-003
 -1.000000000000071E-003
 -9.800000000000711E-004
 -9.600000000000710E-004
 -9.400000000000710E-004
 -9.200000000000709E-004
 -9.000000000000709E-004
 -8.800000000000708E-004
 -8.600000000000708E-004
 -8.400000000000707E-004
 -8.200000000000707E-004
 -8.000000000000706E-004
 -7.800000000000706E-004
 -7.600000000000705E-004
 -7.400000000000705E-004
 -7.200000000000704E-004
 -7.000000000000704E-004
 -6.800000000000703E-004
 -6.600000000000703E-004
 -6.400000000000702E-004
 -6.200000000000701E-004
 -6.000000000000701E-004
 -5.800000000000700E-004
 -5.600000000000700E-004
 -5.400000000000699E-004
 -5.200000000000699E-004
 -5.000000000000698E-004
 -4.800000000000698E-004
 -4.600000000000698E-004
 -4.400000000000698E-004
 -4.200000000000698E-004
 -4.000000000000698E-004
 -3.800000000000698E-004
 -3.600000000000698E-004
 -3.400000000000698E-004
 -3.200000000000698E-004
 -3.000000000000699E-004
 -2.800000000000699E-004
 -2.600000000000699E-004
 -2.400000000000699E-004
 -2.200000000000699E-004
 -2.000000000000699E-004
 -1.800000000000699E-004
 -1.600000000000699E-004
 -1.400000000000699E-004
 -1.200000000000699E-004
 -1.000000000000699E-004
 -8.000000000006987E-005
 -6.000000000006987E-005
 -4.000000000006987E-005
 -2.000000000006987E-005
 -6.987005375311273E-017
  1.999999999993013E-005
  3.999999999993013E-005
  5.999999999993013E-005
  7.999999999993013E-005
  9.999999999993013E-005
  1.199999999999301E-004
  1.399999999999301E-004
  1.599999999999301E-004
  1.799999999999301E-004
  1.999999999999301E-004
  2.199999999999301E-004
  2.399999999999301E-004
  2.599999999999302E-004
  2.799999999999302E-004
  2.999999999999302E-004
  3.199999999999301E-004
  3.399999999999301E-004
  3.599999999999301E-004
  3.799999999999301E-004
  3.999999999999301E-004
  4.199999999999301E-004
  4.399999999999301E-004
  4.599999999999301E-004
  4.799999999999301E-004
  4.999999999999302E-004
  5.199999999999302E-004
  5.399999999999303E-004
  5.599999999999303E-004
  5.799999999999304E-004
  5.999999999999305E-004
  6.199999999999305E-004
  6.399999999999306E-004
  6.599999999999306E-004
  6.799999999999307E-004
  6.999999999999307E-004
  7.199999999999308E-004
  7.399999999999308E-004
  7.599999999999309E-004
  7.799999999999309E-004
  7.999999999999310E-004
  8.199999999999310E-004
  8.399999999999311E-004
  8.599999999999311E-004
  8.799999999999312E-004
  8.999999999999312E-004
  9.199999999999313E-004
  9.399999999999313E-004
  9.599999999999314E-004
  9.799999999999314E-004
  9.999999999999315E-004
  1.019999999999932E-003
  1.039999999999932E-003
  1.059999999999932E-003
  1.079999999999932E-003
  1.099999999999932E-003
  1.119999999999932E-003
  1.139999999999932E-003
  1.159999999999932E-003
  1.179999999999932E-003
  1.199999999999932E-003
  1.219999999999932E-003
  1.239999999999932E-003
  1.259999999999932E-003
  1.279999999999932E-003
  1.299999999999932E-003
  1.319999999999932E-003
  1.339999999999932E-003
  1.359999999999932E-003
  1.379999999999932E-003
  1.399999999999933E-003
  1.419999999999933E-003
  1.439999999999933E-003
  1.459999999999933E-003
  1.479999999999933E-003
  1.499999999999933E-003
  1.519999999999933E-003
  1.539999999999933E-003
  1.559999999999933E-003
  1.579999999999933E-003
  1.599999999999933E-003
  1.619999999999933E-003
  1.639999999999933E-003
  1.659999999999933E-003
  1.679999999999933E-003
  1.699999999999933E-003
  1.719999999999933E-003
  1.739999999999933E-003
  1.759999999999933E-003
  1.779999999999934E-003
  1.799999999999934E-003
  1.819999999999934E-003
  1.839999999999934E-003
  1.859999999999934E-003
  1.879999999999934E-003
  1.899999999999934E-003
  1.919999999999934E-003
  1.939999999999934E-003
  1.959999999999934E-003
  1.979999999999934E-003
  1.999999999999934E-003
  2.019999999999934E-003
  2.039999999999934E-003
  2.059999999999934E-003
  2.079999999999934E-003
  2.099999999999934E-003
  2.119999999999934E-003
  2.139999999999934E-003
  2.159999999999935E-003
  2.179999999999935E-003
  2.199999999999935E-003
  2.219999999999935E-003
  2.239999999999935E-003
  2.259999999999935E-003
  2.279999999999935E-003
  2.299999999999935E-003
  2.319999999999935E-003
  2.339999999999935E-003
  2.359999999999935E-003
  2.379999999999935E-003
  2.399999999999935E-003
  2.419999999999935E-003
  2.439999999999935E-003
  2.459999999999935E-003
  2.479999999999935E-003
  2.499999999999935E-003
  2.519999999999935E-003
  2.539999999999936E-003
  2.559999999999936E-003
  2.579999999999936E-003
  2.599999999999936E-003
  2.619999999999936E-003
  2.639999999999936E-003
  2.659999999999936E-003
  2.679999999999936E-003
  2.699999999999936E-003
  2.719999999999936E-003
  2.739999999999936E-003
  2.759999999999936E-003
  2.779999999999936E-003
  2.799999999999936E-003
  2.819999999999936E-003
  2.839999999999936E-003
  2.859999999999936E-003
  2.879999999999936E-003
  2.899999999999936E-003
  2.919999999999937E-003
  2.939999999999937E-003
  2.959999999999937E-003
  2.979999999999937E-003
  2.999999999999937E-003
  3.019999999999937E-003
  3.039999999999937E-003
  3.059999999999937E-003
  3.079999999999937E-003
  3.099999999999937E-003
  3.119999999999937E-003
  3.139999999999937E-003
  3.159999999999937E-003
  3.179999999999937E-003
  3.199999999999937E-003
  3.219999999999937E-003
  3.239999999999937E-003
  3.259999999999937E-003
  3.279999999999937E-003
  3.299999999999938E-003
  3.319999999999938E-003
  3.339999999999938E-003
  3.359999999999938E-003
  3.379999999999938E-003
  3.399999999999938E-003
  3.419999999999938E-003
  3.439999999999938E-003
  3.459999999999938E-003
  3.479999999999938E-003
  3.499999999999938E-003
  3.519999999999938E-003
  3.539999999999938E-003
  3.559999999999938E-003
  3.579999999999938E-003
  3.599999999999938E-003
  3.619999999999938E-003
  3.639999999999938E-003
  3.659999999999938E-003
  3.679999999999939E-003
  3.699999999999939E-003
  3.719999999999939E-003
  3.739999999999939E-003
  3.759999999999939E-003
  3.779999999999939E-003
  3.799999999999939E-003
  3.819999999999939E-003
  3.839999999999939E-003
  3.859999999999939E-003
  3.879999999999939E-003
  3.899999999999939E-003
  3.919999999999939E-003
  3.939999999999939E-003
  3.959999999999939E-003
  3.979999999999939E-003
  3.999999999999939E-003
  4.019999999999939E-003
  4.039999999999939E-003
  4.059999999999940E-003
  4.079999999999940E-003
  4.099999999999940E-003
  4.119999999999940E-003
  4.139999999999940E-003
  4.159999999999940E-003
  4.179999999999940E-003
  4.199999999999940E-003
  4.219999999999940E-003
  4.239999999999940E-003
  4.259999999999940E-003
  4.279999999999940E-003
  4.299999999999940E-003
  4.319999999999940E-003
  4.339999999999940E-003
  4.359999999999940E-003
  4.379999999999940E-003
  4.399999999999940E-003
  4.419999999999940E-003
  4.439999999999941E-003
  4.459999999999941E-003
  4.479999999999941E-003
  4.499999999999941E-003
  4.519999999999941E-003
  4.539999999999941E-003
  4.559999999999941E-003
  4.579999999999941E-003
  4.599999999999941E-003
  4.619999999999941E-003
  4.639999999999941E-003
  4.659999999999941E-003
  4.679999999999941E-003
  4.699999999999941E-003
  4.719999999999941E-003
  4.739999999999941E-003
  4.759999999999941E-003
  4.779999999999941E-003
  4.799999999999941E-003
  4.819999999999942E-003
  4.839999999999942E-003
  4.859999999999942E-003
  4.879999999999942E-003
  4.899999999999942E-003
  4.919999999999942E-003
  4.939999999999942E-003
  4.959999999999942E-003
  4.979999999999942E-003
  4.999999999999942E-003
  5.019999999999942E-003
  5.039999999999942E-003
  5.059999999999942E-003
  5.079999999999942E-003
  5.099999999999942E-003
  5.119999999999942E-003
  5.139999999999942E-003
  5.159999999999942E-003
  5.179999999999942E-003
  5.199999999999943E-003
  5.219999999999943E-003
  5.239999999999943E-003
  5.259999999999943E-003
  5.279999999999943E-003
  5.299999999999943E-003
  5.319999999999943E-003
  5.339999999999943E-003
  5.359999999999943E-003
  5.379999999999943E-003
  5.399999999999943E-003
  5.419999999999943E-003
  5.439999999999943E-003
  5.459999999999943E-003
  5.479999999999943E-003
  5.499999999999943E-003
  5.519999999999943E-003
  5.539999999999943E-003
  5.559999999999943E-003
  5.579999999999944E-003
  5.599999999999944E-003
  5.619999999999944E-003
  5.639999999999944E-003
  5.659999999999944E-003
  5.679999999999944E-003
  5.699999999999944E-003
  5.719999999999944E-003
  5.739999999999944E-003
  5.759999999999944E-003
  5.779999999999944E-003
  5.799999999999944E-003
  5.819999999999944E-003
  5.839999999999944E-003
  5.859999999999944E-003
  5.879999999999944E-003
  5.899999999999944E-003
  5.919999999999944E-003
  5.939999999999944E-003
  5.959999999999945E-003
  5.979999999999945E-003
  5.999999999999945E-003
  6.019999999999945E-003
  6.039999999999945E-003
  6.059999999999945E-003
  6.079999999999945E-003
  6.099999999999945E-003
  6.119999999999945E-003
  6.139999999999945E-003
  6.159999999999945E-003
  6.179999999999945E-003
  6.199999999999945E-003
  6.219999999999945E-003
  6.239999999999945E-003
  6.259999999999945E-003
  6.279999999999945E-003
  6.299999999999945E-003
  6.319999999999945E-003
  6.339999999999946E-003
  6.359999999999946E-003
  6.379999999999946E-003
  6.399999999999946E-003
  6.419999999999946E-003
  6.439999999999946E-003
  6.459999999999946E-003
  6.479999999999946E-003
  6.499999999999946E-003
  6.519999999999946E-003
  6.539999999999946E-003
  6.559999999999946E-003
  6.579999999999946E-003
  6.599999999999946E-003
  6.619999999999946E-003
  6.639999999999946E-003
  6.659999999999946E-003
  6.679999999999946E-003
  6.699999999999946E-003
  6.719999999999947E-003
  6.739999999999947E-003
  6.759999999999947E-003
  6.779999999999947E-003
  6.799999999999947E-003
  6.819999999999947E-003
  6.839999999999947E-003
  6.859999999999947E-003
  6.879999999999947E-003
  6.899999999999947E-003
  6.919999999999947E-003
  6.939999999999947E-003
  6.959999999999947E-003
  6.979999999999947E-003
  6.999999999999947E-003
  7.019999999999947E-003
  7.039999999999947E-003
  7.059999999999947E-003
  7.079999999999947E-003
  7.099999999999947E-003
  7.119999999999948E-003
  7.139999999999948E-003
  7.159999999999948E-003
  7.179999999999948E-003
  7.199999999999948E-003
  7.219999999999948E-003
  7.239999999999948E-003
  7.259999999999948E-003
  7.279999999999948E-003
  7.299999999999948E-003
  7.319999999999948E-003
  7.339999999999948E-003
  7.359999999999948E-003
  7.379999999999948E-003
  7.399999999999948E-003
  7.419999999999948E-003
  7.439999999999948E-003
  7.459999999999948E-003
  7.479999999999948E-003
  7.499999999999949E-003
  7.519999999999949E-003
  7.539999999999949E-003
  7.559999999999949E-003
  7.579999999999949E-003
  7.599999999999949E-003
  7.619999999999949E-003
  7.639999999999949E-003
  7.659999999999949E-003
  7.679999999999949E-003
  7.699999999999949E-003
  7.719999999999949E-003
  7.739999999999949E-003
  7.759999999999949E-003
  7.779999999999949E-003
  7.799999999999949E-003
  7.819999999999949E-003
  7.839999999999948E-003
  7.859999999999947E-003
  7.879999999999946E-003
  7.899999999999945E-003
  7.919999999999944E-003
  7.939999999999944E-003
  7.959999999999943E-003
  7.979999999999942E-003
  7.999999999999941E-003
  8.019999999999940E-003
  8.039999999999940E-003
  8.059999999999939E-003
  8.079999999999938E-003
  8.099999999999937E-003
  8.119999999999936E-003
  8.139999999999935E-003
  8.159999999999935E-003
  8.179999999999934E-003
  8.199999999999933E-003
  8.219999999999932E-003
  8.239999999999931E-003
  8.259999999999931E-003
  8.279999999999930E-003
  8.299999999999929E-003
  8.319999999999928E-003
  8.339999999999927E-003
  8.359999999999927E-003
  8.379999999999926E-003
  8.399999999999925E-003
  8.419999999999924E-003
  8.439999999999923E-003
  8.459999999999922E-003
  8.479999999999922E-003
  8.499999999999921E-003
  8.519999999999920E-003
  8.539999999999919E-003
  8.559999999999918E-003
  8.579999999999918E-003
  8.599999999999917E-003
  8.619999999999916E-003
  8.639999999999915E-003
  8.659999999999914E-003
  8.679999999999913E-003
  8.699999999999913E-003
  8.719999999999912E-003
  8.739999999999911E-003
  8.759999999999910E-003
  8.779999999999909E-003
  8.799999999999909E-003
  8.819999999999908E-003
  8.839999999999907E-003
  8.859999999999906E-003
  8.879999999999905E-003
  8.899999999999905E-003
  8.919999999999904E-003
  8.939999999999903E-003
  8.959999999999902E-003
  8.979999999999901E-003
  8.999999999999900E-003
  9.019999999999900E-003
  9.039999999999899E-003
  9.059999999999898E-003
  9.079999999999897E-003
  9.099999999999896E-003
  9.119999999999896E-003
  9.139999999999895E-003
  9.159999999999894E-003
  9.179999999999893E-003
  9.199999999999892E-003
  9.219999999999891E-003
  9.239999999999891E-003
  9.259999999999890E-003
  9.279999999999889E-003
  9.299999999999888E-003
  9.319999999999887E-003
  9.339999999999887E-003
  9.359999999999886E-003
  9.379999999999885E-003
  9.399999999999884E-003
  9.419999999999883E-003
  9.439999999999883E-003
  9.459999999999882E-003
  9.479999999999881E-003
  9.499999999999880E-003
  9.519999999999879E-003
  9.539999999999878E-003
  9.559999999999878E-003
  9.579999999999877E-003
  9.599999999999876E-003
  9.619999999999875E-003
  9.639999999999874E-003
  9.659999999999874E-003
  9.679999999999873E-003
  9.699999999999872E-003
  9.719999999999871E-003
  9.739999999999870E-003
  9.759999999999869E-003
  9.779999999999869E-003
  9.799999999999868E-003
  9.819999999999867E-003
  9.839999999999866E-003
  9.859999999999865E-003
  9.879999999999865E-003
  9.899999999999864E-003
  9.919999999999863E-003
  9.939999999999862E-003
  9.959999999999861E-003
  9.979999999999861E-003
