         401
 -2.000000000000000E-002
 -1.990000000000000E-002
 -1.980000000000000E-002
 -1.970000000000000E-002
 -1.960000000000000E-002
 -1.950000000000000E-002
 -1.940000000000000E-002
 -1.930000000000000E-002
 -1.920000000000001E-002
 -1.910000000000001E-002
 -1.900000000000001E-002
 -1.890000000000001E-002
 -1.880000000000001E-002
 -1.870000000000001E-002
 -1.860000000000001E-002
 -1.850000000000001E-002
 -1.840000000000001E-002
 -1.830000000000001E-002
 -1.820000000000001E-002
 -1.810000000000001E-002
 -1.800000000000001E-002
 -1.790000000000001E-002
 -1.780000000000001E-002
 -1.770000000000001E-002
 -1.760000000000001E-002
 -1.750000000000002E-002
 -1.740000000000002E-002
 -1.730000000000002E-002
 -1.720000000000002E-002
 -1.710000000000002E-002
 -1.700000000000002E-002
 -1.690000000000002E-002
 -1.680000000000002E-002
 -1.670000000000002E-002
 -1.660000000000002E-002
 -1.650000000000002E-002
 -1.640000000000002E-002
 -1.630000000000002E-002
 -1.620000000000002E-002
 -1.610000000000002E-002
 -1.600000000000002E-002
 -1.590000000000003E-002
 -1.580000000000003E-002
 -1.570000000000003E-002
 -1.560000000000003E-002
 -1.550000000000003E-002
 -1.540000000000003E-002
 -1.530000000000003E-002
 -1.520000000000003E-002
 -1.510000000000003E-002
 -1.500000000000003E-002
 -1.490000000000003E-002
 -1.480000000000003E-002
 -1.470000000000003E-002
 -1.460000000000003E-002
 -1.450000000000003E-002
 -1.440000000000003E-002
 -1.430000000000003E-002
 -1.420000000000004E-002
 -1.410000000000004E-002
 -1.400000000000004E-002
 -1.390000000000004E-002
 -1.380000000000004E-002
 -1.370000000000004E-002
 -1.360000000000004E-002
 -1.350000000000004E-002
 -1.340000000000004E-002
 -1.330000000000004E-002
 -1.320000000000004E-002
 -1.310000000000004E-002
 -1.300000000000004E-002
 -1.290000000000004E-002
 -1.280000000000004E-002
 -1.270000000000004E-002
 -1.260000000000005E-002
 -1.250000000000005E-002
 -1.240000000000005E-002
 -1.230000000000005E-002
 -1.220000000000005E-002
 -1.210000000000005E-002
 -1.200000000000005E-002
 -1.190000000000005E-002
 -1.180000000000005E-002
 -1.170000000000005E-002
 -1.160000000000005E-002
 -1.150000000000005E-002
 -1.140000000000005E-002
 -1.130000000000005E-002
 -1.120000000000005E-002
 -1.110000000000005E-002
 -1.100000000000005E-002
 -1.090000000000006E-002
 -1.080000000000006E-002
 -1.070000000000006E-002
 -1.060000000000006E-002
 -1.050000000000006E-002
 -1.040000000000006E-002
 -1.030000000000006E-002
 -1.020000000000006E-002
 -1.010000000000006E-002
 -1.000000000000006E-002
 -9.900000000000062E-003
 -9.800000000000062E-003
 -9.700000000000063E-003
 -9.600000000000063E-003
 -9.500000000000064E-003
 -9.400000000000065E-003
 -9.300000000000065E-003
 -9.200000000000066E-003
 -9.100000000000066E-003
 -9.000000000000067E-003
 -8.900000000000068E-003
 -8.800000000000068E-003
 -8.700000000000069E-003
 -8.600000000000069E-003
 -8.500000000000070E-003
 -8.400000000000071E-003
 -8.300000000000071E-003
 -8.200000000000072E-003
 -8.100000000000072E-003
 -8.000000000000073E-003
 -7.900000000000074E-003
 -7.800000000000073E-003
 -7.700000000000073E-003
 -7.600000000000073E-003
 -7.500000000000073E-003
 -7.400000000000072E-003
 -7.300000000000072E-003
 -7.200000000000072E-003
 -7.100000000000072E-003
 -7.000000000000071E-003
 -6.900000000000071E-003
 -6.800000000000071E-003
 -6.700000000000070E-003
 -6.600000000000070E-003
 -6.500000000000070E-003
 -6.400000000000070E-003
 -6.300000000000069E-003
 -6.200000000000069E-003
 -6.100000000000069E-003
 -6.000000000000069E-003
 -5.900000000000068E-003
 -5.800000000000068E-003
 -5.700000000000068E-003
 -5.600000000000068E-003
 -5.500000000000067E-003
 -5.400000000000067E-003
 -5.300000000000067E-003
 -5.200000000000067E-003
 -5.100000000000066E-003
 -5.000000000000066E-003
 -4.900000000000066E-003
 -4.800000000000065E-003
 -4.700000000000065E-003
 -4.600000000000065E-003
 -4.500000000000065E-003
 -4.400000000000064E-003
 -4.300000000000064E-003
 -4.200000000000064E-003
 -4.100000000000064E-003
 -4.000000000000063E-003
 -3.900000000000064E-003
 -3.800000000000064E-003
 -3.700000000000064E-003
 -3.600000000000064E-003
 -3.500000000000064E-003
 -3.400000000000064E-003
 -3.300000000000065E-003
 -3.200000000000065E-003
 -3.100000000000065E-003
 -3.000000000000065E-003
 -2.900000000000065E-003
 -2.800000000000065E-003
 -2.700000000000066E-003
 -2.600000000000066E-003
 -2.500000000000066E-003
 -2.400000000000066E-003
 -2.300000000000066E-003
 -2.200000000000066E-003
 -2.100000000000067E-003
 -2.000000000000067E-003
 -1.900000000000067E-003
 -1.800000000000067E-003
 -1.700000000000067E-003
 -1.600000000000067E-003
 -1.500000000000067E-003
 -1.400000000000067E-003
 -1.300000000000067E-003
 -1.200000000000066E-003
 -1.100000000000066E-003
 -1.000000000000066E-003
 -9.000000000000663E-004
 -8.000000000000663E-004
 -7.000000000000662E-004
 -6.000000000000662E-004
 -5.000000000000661E-004
 -4.000000000000662E-004
 -3.000000000000662E-004
 -2.000000000000662E-004
 -1.000000000000662E-004
 -6.616343757592791E-017
  9.999999999993384E-005
  1.999999999999338E-004
  2.999999999999338E-004
  3.999999999999338E-004
  4.999999999999339E-004
  5.999999999999339E-004
  6.999999999999340E-004
  7.999999999999340E-004
  8.999999999999341E-004
  9.999999999999341E-004
  1.099999999999934E-003
  1.199999999999934E-003
  1.299999999999934E-003
  1.399999999999934E-003
  1.499999999999934E-003
  1.599999999999934E-003
  1.699999999999934E-003
  1.799999999999934E-003
  1.899999999999935E-003
  1.999999999999935E-003
  2.099999999999934E-003
  2.199999999999934E-003
  2.299999999999934E-003
  2.399999999999934E-003
  2.499999999999934E-003
  2.599999999999934E-003
  2.699999999999933E-003
  2.799999999999933E-003
  2.899999999999933E-003
  2.999999999999933E-003
  3.099999999999933E-003
  3.199999999999932E-003
  3.299999999999932E-003
  3.399999999999932E-003
  3.499999999999932E-003
  3.599999999999932E-003
  3.699999999999932E-003
  3.799999999999931E-003
  3.899999999999931E-003
  3.999999999999932E-003
  4.099999999999932E-003
  4.199999999999932E-003
  4.299999999999932E-003
  4.399999999999933E-003
  4.499999999999933E-003
  4.599999999999933E-003
  4.699999999999933E-003
  4.799999999999934E-003
  4.899999999999934E-003
  4.999999999999934E-003
  5.099999999999934E-003
  5.199999999999935E-003
  5.299999999999935E-003
  5.399999999999935E-003
  5.499999999999935E-003
  5.599999999999936E-003
  5.699999999999936E-003
  5.799999999999936E-003
  5.899999999999937E-003
  5.999999999999937E-003
  6.099999999999937E-003
  6.199999999999937E-003
  6.299999999999938E-003
  6.399999999999938E-003
  6.499999999999938E-003
  6.599999999999938E-003
  6.699999999999939E-003
  6.799999999999939E-003
  6.899999999999939E-003
  6.999999999999939E-003
  7.099999999999940E-003
  7.199999999999940E-003
  7.299999999999940E-003
  7.399999999999940E-003
  7.499999999999941E-003
  7.599999999999941E-003
  7.699999999999941E-003
  7.799999999999942E-003
  7.899999999999942E-003
  7.999999999999941E-003
  8.099999999999941E-003
  8.199999999999940E-003
  8.299999999999939E-003
  8.399999999999939E-003
  8.499999999999938E-003
  8.599999999999938E-003
  8.699999999999937E-003
  8.799999999999936E-003
  8.899999999999936E-003
  8.999999999999935E-003
  9.099999999999935E-003
  9.199999999999934E-003
  9.299999999999933E-003
  9.399999999999933E-003
  9.499999999999932E-003
  9.599999999999932E-003
  9.699999999999931E-003
  9.799999999999930E-003
  9.899999999999930E-003
  9.999999999999929E-003
  1.009999999999993E-002
  1.019999999999993E-002
  1.029999999999993E-002
  1.039999999999993E-002
  1.049999999999993E-002
  1.059999999999993E-002
  1.069999999999992E-002
  1.079999999999992E-002
  1.089999999999992E-002
  1.099999999999992E-002
  1.109999999999992E-002
  1.119999999999992E-002
  1.129999999999992E-002
  1.139999999999992E-002
  1.149999999999992E-002
  1.159999999999992E-002
  1.169999999999992E-002
  1.179999999999992E-002
  1.189999999999992E-002
  1.199999999999992E-002
  1.209999999999992E-002
  1.219999999999992E-002
  1.229999999999992E-002
  1.239999999999991E-002
  1.249999999999991E-002
  1.259999999999991E-002
  1.269999999999991E-002
  1.279999999999991E-002
  1.289999999999991E-002
  1.299999999999991E-002
  1.309999999999991E-002
  1.319999999999991E-002
  1.329999999999991E-002
  1.339999999999991E-002
  1.349999999999991E-002
  1.359999999999991E-002
  1.369999999999991E-002
  1.379999999999991E-002
  1.389999999999991E-002
  1.399999999999990E-002
  1.409999999999990E-002
  1.419999999999990E-002
  1.429999999999990E-002
  1.439999999999990E-002
  1.449999999999990E-002
  1.459999999999990E-002
  1.469999999999990E-002
  1.479999999999990E-002
  1.489999999999990E-002
  1.499999999999990E-002
  1.509999999999990E-002
  1.519999999999990E-002
  1.529999999999990E-002
  1.539999999999990E-002
  1.549999999999990E-002
  1.559999999999990E-002
  1.569999999999989E-002
  1.579999999999989E-002
  1.589999999999989E-002
  1.599999999999989E-002
  1.609999999999989E-002
  1.619999999999989E-002
  1.629999999999989E-002
  1.639999999999989E-002
  1.649999999999989E-002
  1.659999999999989E-002
  1.669999999999989E-002
  1.679999999999989E-002
  1.689999999999989E-002
  1.699999999999989E-002
  1.709999999999989E-002
  1.719999999999989E-002
  1.729999999999988E-002
  1.739999999999988E-002
  1.749999999999988E-002
  1.759999999999988E-002
  1.769999999999988E-002
  1.779999999999988E-002
  1.789999999999988E-002
  1.799999999999988E-002
  1.809999999999988E-002
  1.819999999999988E-002
  1.829999999999988E-002
  1.839999999999988E-002
  1.849999999999988E-002
  1.859999999999988E-002
  1.869999999999988E-002
  1.879999999999988E-002
  1.889999999999988E-002
  1.899999999999987E-002
  1.909999999999987E-002
  1.919999999999987E-002
  1.929999999999987E-002
  1.939999999999987E-002
  1.949999999999987E-002
  1.959999999999987E-002
  1.969999999999987E-002
  1.979999999999987E-002
  1.989999999999987E-002
  1.999999999999987E-002
