         501
 0.35000000E-01
 0.35001963E-01
 0.35003942E-01
 0.35005936E-01
 0.35007945E-01
 0.35009970E-01
 0.35012011E-01
 0.35014067E-01
 0.35016139E-01
 0.35018228E-01
 0.35020332E-01
 0.35022453E-01
 0.35024590E-01
 0.35026743E-01
 0.35028913E-01
 0.35031100E-01
 0.35033303E-01
 0.35035524E-01
 0.35037762E-01
 0.35040017E-01
 0.35042289E-01
 0.35044579E-01
 0.35046886E-01
 0.35049211E-01
 0.35051554E-01
 0.35053915E-01
 0.35056294E-01
 0.35058692E-01
 0.35061107E-01
 0.35063542E-01
 0.35065995E-01
 0.35068466E-01
 0.35070957E-01
 0.35073467E-01
 0.35075996E-01
 0.35078544E-01
 0.35081112E-01
 0.35083700E-01
 0.35086307E-01
 0.35088934E-01
 0.35091581E-01
 0.35094249E-01
 0.35096937E-01
 0.35099645E-01
 0.35102374E-01
 0.35105124E-01
 0.35107894E-01
 0.35110686E-01
 0.35113499E-01
 0.35116334E-01
 0.35119190E-01
 0.35122068E-01
 0.35124967E-01
 0.35127889E-01
 0.35130833E-01
 0.35133799E-01
 0.35136788E-01
 0.35139799E-01
 0.35142833E-01
 0.35145890E-01
 0.35148971E-01
 0.35152074E-01
 0.35155202E-01
 0.35158352E-01
 0.35161527E-01
 0.35164725E-01
 0.35167948E-01
 0.35171195E-01
 0.35174467E-01
 0.35177763E-01
 0.35181084E-01
 0.35184430E-01
 0.35187801E-01
 0.35191198E-01
 0.35194620E-01
 0.35198068E-01
 0.35201541E-01
 0.35205041E-01
 0.35208567E-01
 0.35212120E-01
 0.35215699E-01
 0.35219305E-01
 0.35222938E-01
 0.35226598E-01
 0.35230285E-01
 0.35234001E-01
 0.35237743E-01
 0.35241514E-01
 0.35245313E-01
 0.35249140E-01
 0.35252996E-01
 0.35256880E-01
 0.35260794E-01
 0.35264736E-01
 0.35268708E-01
 0.35272709E-01
 0.35276740E-01
 0.35280801E-01
 0.35284892E-01
 0.35289013E-01
 0.35293165E-01
 0.35297348E-01
 0.35301561E-01
 0.35305806E-01
 0.35310082E-01
 0.35314390E-01
 0.35318729E-01
 0.35323100E-01
 0.35327504E-01
 0.35331940E-01
 0.35336408E-01
 0.35340910E-01
 0.35345444E-01
 0.35350012E-01
 0.35354613E-01
 0.35359248E-01
 0.35363917E-01
 0.35368620E-01
 0.35373357E-01
 0.35378129E-01
 0.35382936E-01
 0.35387778E-01
 0.35392656E-01
 0.35397569E-01
 0.35402517E-01
 0.35407502E-01
 0.35412522E-01
 0.35417580E-01
 0.35422674E-01
 0.35427805E-01
 0.35432973E-01
 0.35438178E-01
 0.35443421E-01
 0.35448702E-01
 0.35454021E-01
 0.35459379E-01
 0.35464775E-01
 0.35470210E-01
 0.35475684E-01
 0.35481197E-01
 0.35486750E-01
 0.35492343E-01
 0.35497976E-01
 0.35503649E-01
 0.35509363E-01
 0.35515118E-01
 0.35520914E-01
 0.35526751E-01
 0.35532630E-01
 0.35538550E-01
 0.35544513E-01
 0.35550518E-01
 0.35556566E-01
 0.35562657E-01
 0.35568791E-01
 0.35574968E-01
 0.35581189E-01
 0.35587454E-01
 0.35593763E-01
 0.35600117E-01
 0.35606515E-01
 0.35612959E-01
 0.35619447E-01
 0.35625982E-01
 0.35632562E-01
 0.35639188E-01
 0.35645860E-01
 0.35652580E-01
 0.35659346E-01
 0.35666159E-01
 0.35673020E-01
 0.35679928E-01
 0.35686885E-01
 0.35693890E-01
 0.35700943E-01
 0.35708045E-01
 0.35715197E-01
 0.35722397E-01
 0.35729648E-01
 0.35736948E-01
 0.35744299E-01
 0.35751700E-01
 0.35759152E-01
 0.35766655E-01
 0.35774210E-01
 0.35781816E-01
 0.35789474E-01
 0.35797185E-01
 0.35804948E-01
 0.35812763E-01
 0.35820632E-01
 0.35828555E-01
 0.35836531E-01
 0.35844561E-01
 0.35852645E-01
 0.35860784E-01
 0.35868978E-01
 0.35877226E-01
 0.35885531E-01
 0.35893891E-01
 0.35902307E-01
 0.35910779E-01
 0.35919308E-01
 0.35927894E-01
 0.35936537E-01
 0.35945237E-01
 0.35953996E-01
 0.35962812E-01
 0.35971687E-01
 0.35980620E-01
 0.35989613E-01
 0.35998664E-01
 0.36007776E-01
 0.36016947E-01
 0.36026178E-01
 0.36035470E-01
 0.36044822E-01
 0.36054235E-01
 0.36063710E-01
 0.36073246E-01
 0.36082845E-01
 0.36092505E-01
 0.36102228E-01
 0.36112014E-01
 0.36121863E-01
 0.36131775E-01
 0.36141751E-01
 0.36151791E-01
 0.36161895E-01
 0.36172064E-01
 0.36182298E-01
 0.36192597E-01
 0.36202961E-01
 0.36213391E-01
 0.36223887E-01
 0.36234449E-01
 0.36245078E-01
 0.36255773E-01
 0.36266536E-01
 0.36277367E-01
 0.36288265E-01
 0.36299231E-01
 0.36310265E-01
 0.36321369E-01
 0.36332540E-01
 0.36343782E-01
 0.36355092E-01
 0.36366472E-01
 0.36377923E-01
 0.36389443E-01
 0.36401034E-01
 0.36412696E-01
 0.36424429E-01
 0.36436234E-01
 0.36448110E-01
 0.36460058E-01
 0.36472078E-01
 0.36484171E-01
 0.36496337E-01
 0.36508575E-01
 0.36520887E-01
 0.36533272E-01
 0.36545731E-01
 0.36558264E-01
 0.36570871E-01
 0.36583553E-01
 0.36596310E-01
 0.36609142E-01
 0.36622049E-01
 0.36635032E-01
 0.36648090E-01
 0.36661225E-01
 0.36674436E-01
 0.36687723E-01
 0.36701087E-01
 0.36714528E-01
 0.36728047E-01
 0.36741643E-01
 0.36755316E-01
 0.36769068E-01
 0.36782897E-01
 0.36796805E-01
 0.36810792E-01
 0.36824858E-01
 0.36839002E-01
 0.36853226E-01
 0.36867529E-01
 0.36881912E-01
 0.36896375E-01
 0.36910917E-01
 0.36925540E-01
 0.36940244E-01
 0.36955028E-01
 0.36969893E-01
 0.36984839E-01
 0.36999866E-01
 0.37014974E-01
 0.37030164E-01
 0.37045436E-01
 0.37060790E-01
 0.37076226E-01
 0.37091743E-01
 0.37107344E-01
 0.37123027E-01
 0.37138792E-01
 0.37154641E-01
 0.37170572E-01
 0.37186586E-01
 0.37202684E-01
 0.37218865E-01
 0.37235130E-01
 0.37251478E-01
 0.37267910E-01
 0.37284425E-01
 0.37301025E-01
 0.37317709E-01
 0.37334477E-01
 0.37351329E-01
 0.37368266E-01
 0.37385287E-01
 0.37402393E-01
 0.37419583E-01
 0.37436858E-01
 0.37454218E-01
 0.37471663E-01
 0.37489192E-01
 0.37506807E-01
 0.37524507E-01
 0.37542291E-01
 0.37560161E-01
 0.37578116E-01
 0.37596156E-01
 0.37614281E-01
 0.37632491E-01
 0.37650787E-01
 0.37669168E-01
 0.37687634E-01
 0.37706185E-01
 0.37724822E-01
 0.37743544E-01
 0.37762351E-01
 0.37781243E-01
 0.37800220E-01
 0.37819283E-01
 0.37838430E-01
 0.37857663E-01
 0.37876980E-01
 0.37896383E-01
 0.37915870E-01
 0.37935442E-01
 0.37955099E-01
 0.37974841E-01
 0.37994667E-01
 0.38014577E-01
 0.38034572E-01
 0.38054651E-01
 0.38074815E-01
 0.38095062E-01
 0.38115393E-01
 0.38135808E-01
 0.38156307E-01
 0.38176889E-01
 0.38197554E-01
 0.38218302E-01
 0.38239134E-01
 0.38260048E-01
 0.38281045E-01
 0.38302124E-01
 0.38323286E-01
 0.38344530E-01
 0.38365856E-01
 0.38387263E-01
 0.38408751E-01
 0.38430321E-01
 0.38451972E-01
 0.38473704E-01
 0.38495516E-01
 0.38517408E-01
 0.38539381E-01
 0.38561433E-01
 0.38583564E-01
 0.38605775E-01
 0.38628064E-01
 0.38650432E-01
 0.38672878E-01
 0.38695403E-01
 0.38718005E-01
 0.38740684E-01
 0.38763440E-01
 0.38786273E-01
 0.38809182E-01
 0.38832167E-01
 0.38855227E-01
 0.38878363E-01
 0.38901574E-01
 0.38924859E-01
 0.38948218E-01
 0.38971651E-01
 0.38995157E-01
 0.39018736E-01
 0.39042387E-01
 0.39066110E-01
 0.39089905E-01
 0.39113771E-01
 0.39137708E-01
 0.39161715E-01
 0.39185791E-01
 0.39209937E-01
 0.39234152E-01
 0.39258435E-01
 0.39282786E-01
 0.39307204E-01
 0.39331690E-01
 0.39356241E-01
 0.39380858E-01
 0.39405541E-01
 0.39430288E-01
 0.39455100E-01
 0.39479975E-01
 0.39504913E-01
 0.39529914E-01
 0.39554977E-01
 0.39580101E-01
 0.39605286E-01
 0.39630531E-01
 0.39655836E-01
 0.39681200E-01
 0.39706622E-01
 0.39732102E-01
 0.39757640E-01
 0.39783234E-01
 0.39808884E-01
 0.39834589E-01
 0.39860349E-01
 0.39886163E-01
 0.39912030E-01
 0.39937950E-01
 0.39963922E-01
 0.39989945E-01
 0.40016019E-01
 0.40042142E-01
 0.40068316E-01
 0.40094537E-01
 0.40120807E-01
 0.40147123E-01
 0.40173486E-01
 0.40199895E-01
 0.40226349E-01
 0.40252847E-01
 0.40279388E-01
 0.40305973E-01
 0.40332599E-01
 0.40359266E-01
 0.40385974E-01
 0.40412722E-01
 0.40439509E-01
 0.40466334E-01
 0.40493196E-01
 0.40520095E-01
 0.40547030E-01
 0.40573999E-01
 0.40601004E-01
 0.40628041E-01
 0.40655111E-01
 0.40682213E-01
 0.40709346E-01
 0.40736509E-01
 0.40763702E-01
 0.40790923E-01
 0.40818172E-01
 0.40845448E-01
 0.40872750E-01
 0.40900077E-01
 0.40927429E-01
 0.40954804E-01
 0.40982201E-01
 0.41009621E-01
 0.41037062E-01
 0.41064522E-01
 0.41092003E-01
 0.41119501E-01
 0.41147017E-01
 0.41174550E-01
 0.41202099E-01
 0.41229662E-01
 0.41257240E-01
 0.41284831E-01
 0.41312434E-01
 0.41340049E-01
 0.41367674E-01
 0.41395309E-01
 0.41422953E-01
 0.41450605E-01
 0.41478264E-01
 0.41505929E-01
 0.41533599E-01
 0.41561274E-01
 0.41588952E-01
 0.41616633E-01
 0.41644316E-01
 0.41672000E-01
