# Convergence file
# Iter  CFL  res
       1              0.10000    2.75331   2.61469   6.94401
       2              0.10000    2.68107   2.55645   6.86561
       3              0.11000    2.61201   2.50083   6.79452
       4              0.12100    2.54057   2.44319   6.72556
       5              0.13310    2.46736   2.38391   6.65998
       6              0.14641    2.39313   2.32345   6.59874
       7              0.16105    2.31861   2.26227   6.54230
       8              0.17716    2.24477   2.20106   6.49060
       9              0.19487    2.17246   2.14049   6.44311
      10              0.21436    2.10229   2.08109   6.39911
      11              0.23579    2.03473   2.02343   6.35788
      12              0.25937    1.96981   1.96774   6.31877
      13              0.28531    1.90562   1.91252   6.28037
      14              0.31384    1.84423   1.85979   6.24287
      15              0.34523    1.78556   1.80999   6.20669
      16              0.37975    1.72820   1.76240   6.16979
      17              0.41772    1.67194   1.71656   6.13466
      18              0.45950    1.61679   1.67247   6.10031
      19              0.50545    1.56244   1.62987   6.06670
      20              0.55599    1.50863   1.58857   6.03367
      21              0.61159    1.45508   1.54836   6.00115
      22              0.67275    1.40164   1.50913   5.96912
      23              0.74002    1.34787   1.47062   5.93736
      24              0.81403    1.29365   1.43277   5.90598
      25              0.89543    1.23858   1.39542   5.87474
      26              0.98497    1.18214   1.35838   5.84352
      27              1.08347    1.12458   1.32178   5.81270
      28              1.19182    1.06571   1.28558   5.78225
      29              1.31100    1.00547   1.24977   5.75211
      30              1.44210    0.94363   1.21429   5.72224
      31              1.58631    0.88016   1.17912   5.69261
      32              1.74494    0.81520   1.14413   5.66305
      33              1.91943    0.74822   1.10924   5.63347
      34              2.11138    0.68094   1.07458   5.60431
      35              2.32252    0.61496   1.04013   5.57541
      36              2.55477    0.55312   1.00584   5.54673
      37              2.81024    0.50011   0.97168   5.51816
      38              3.09127    0.45897   0.93755   5.48962
      39              3.40039    0.43429   0.90341   5.46336
      40              3.74043    0.42505   0.86916   5.43393
      41              4.11448    0.42998   0.83466   5.40623
      42              4.52593    0.44449   0.80034   5.37875
      43              4.97852    0.46393   0.76625   5.35175
      44              5.47637    0.48496   0.73233   5.32517
      45              6.02401    0.50553   0.69849   5.29898
      46              6.62641    0.52448   0.66476   5.27329
      47              7.28905    0.54149   0.63113   5.24822
      48              8.01795    0.55644   0.59752   5.22370
      49              8.81975    0.56926   0.56398   5.19985
      50              9.70172    0.58020   0.53049   5.17669
      51             10.67190    0.58920   0.49690   5.15387
      52             11.73909    0.59664   0.46311   5.13230
      53             12.91299    0.60254   0.42937   5.11128
      54             14.20429    0.60699   0.39571   5.09096
      55             15.62472    0.61010   0.36206   5.07120
      56             17.18719    0.61196   0.32845   5.05216
      57             18.90591    0.61266   0.29482   5.03365
      58             20.79651    0.61230   0.26122   5.01572
      59             22.87616    0.61096   0.22735   4.99848
      60             25.16377    0.60867   0.19356   4.98171
      61             27.68015    0.60548   0.15986   4.96542
      62             30.44816    0.60142   0.12610   4.94965
      63             33.49298    0.59654   0.09239   4.93423
      64             36.84228    0.59110   0.05863   4.91873
      65             40.52651    0.58451   0.02488   4.90480
      66             44.57916    0.57738  -0.00880   4.89061
      67             49.03707    0.56955  -0.04238   4.87672
      68             53.94078    0.56113  -0.07571   4.86370
      69             59.33486    0.55187  -0.10927   4.85028
      70             65.26834    0.54202  -0.14242   4.83754
      71             71.79518    0.53155  -0.17523   4.82546
      72             78.97470    0.52072  -0.20751   4.81353
      73             86.87217    0.50881  -0.23962   4.80284
      74             95.55938    0.49657  -0.27077   4.79243
      75            105.11532    0.48388  -0.30097   4.78244
      76            115.62685    0.47045  -0.33017   4.77321
      77            127.18954    0.45663  -0.35801   4.76424
      78            139.90849    0.44243  -0.38397   4.75573
      79            153.89934    0.42768  -0.40823   4.74745
      80            169.28927    0.41266  -0.42982   4.73935
      81            186.21820    0.39745  -0.44873   4.73121
      82            204.84002    0.38199  -0.46494   4.72293
      83            225.32402    0.36657  -0.47743   4.71430
      84            247.85643    0.35136  -0.48581   4.70513
      85            272.64207    0.33654  -0.48931   4.69546
      86            299.90628    0.32232  -0.48617   4.68669
      87            329.89690    0.30855  -0.47537   4.70869
      88            362.88659    0.40258  -0.39052   5.48968
      89             35.44107    0.74388  -0.01106   5.80881
      90              1.84653    0.59732  -0.29940   5.20396
      91              1.59765    0.42683  -0.30641   5.52295
      92              0.46633    0.68783  -0.12097   6.00963
      93              0.25000    0.54128  -0.32640   5.03517
      94              0.27500    1.77634   0.87866   7.02724
      95              0.25000    1.50066   0.63963   6.85796
      96              0.25000    1.31638   0.37221   6.60366
      97              0.25000    1.25919   0.17139   6.38366
      98              0.25000    1.22326   0.01305   6.18684
      99              0.27500    1.16994  -0.09123   6.04042
     100              0.30250    1.13330  -0.17876   5.87968
     101              0.33275    1.07941  -0.22954   5.72827
     102              0.36603    1.02471  -0.25480   5.60642
     103              0.40263    0.96925  -0.26645   5.52993
     104              0.44289    0.90552  -0.28110   5.40760
     105              0.48718    0.84576  -0.28811   5.34952
     106              0.53590    0.78869  -0.29392   5.37081
     107              0.58949    1.94515   1.12443   7.24192
     108              0.25000    2.23021   2.44986   7.55066
     109              0.25000    3.16470   3.23643   7.62877
     110              0.25000    2.92716   3.00271   7.53499
     111              0.25000    5.13131   5.29548  13.96523
     112              0.25000    5.48575   5.24030  14.69535
     113              0.25000    6.72364   5.66402  14.91075
     114              0.25000    9.20814   8.62315  18.27844
     115              0.25000    9.08207   8.63045  19.13362
     116              0.25000    9.08779   8.59411  21.50299
     117              0.25000   12.66509  11.61434  31.92747
     118              0.25000   13.16430  12.30080  30.36334
     119              0.27500   18.11094  16.51663  44.42758
     120              0.25000   21.22470  19.65193  45.74696
