# Convergence file
# Iter  CFL  res
       1              0.01000    3.06166   2.93077   7.11702
       2              0.01000    3.05407   2.92457   7.10732
       3              0.01034    3.04654   2.91840   7.09776
       4              0.01102    3.03879   2.91206   7.08796
       5              0.01206    3.03059   2.90535   7.07771
       6              0.01327    3.02169   2.89806   7.06665
       7              0.01460    3.01198   2.89011   7.05470
       8              0.01606    3.00141   2.88144   7.04186
       9              0.01766    2.98990   2.87201   7.02803
      10              0.01943    2.97739   2.86175   7.01323
      11              0.02137    2.96382   2.85061   6.99741
      12              0.02351    2.94910   2.83852   6.98057
      13              0.02586    2.93318   2.82542   6.96277
      14              0.02845    2.91598   2.81125   6.94396
      15              0.03129    2.89743   2.79595   6.92423
      16              0.03442    2.87748   2.77946   6.90368
      17              0.03786    2.85607   2.76172   6.88236
      18              0.04165    2.83315   2.74267   6.86042
      19              0.04581    2.80869   2.72229   6.83796
      20              0.05039    2.78268   2.70052   6.81521
      21              0.05543    2.75512   2.67735   6.79229
      22              0.06097    2.72603   2.65277   6.76940
      23              0.06707    2.69545   2.62678   6.74664
      24              0.07378    2.66344   2.59937   6.72411
      25              0.08116    2.63009   2.57060   6.70185
      26              0.08927    2.59554   2.54054   6.67987
      27              0.09820    2.55994   2.50928   6.65820
      28              0.10802    2.52350   2.47696   6.63667
      29              0.11882    2.48642   2.44378   6.61506
      30              0.13070    2.44879   2.40979   6.59345
      31              0.14377    2.41078   2.37516   6.57174
      32              0.15815    2.37256   2.34007   6.54977
      33              0.17397    2.33420   2.30463   6.52758
      34              0.19136    2.29584   2.26901   6.50502
      35              0.21050    2.25754   2.23335   6.48212
      36              0.23155    2.21937   2.19779   6.45877
      37              0.25471    2.18129   2.16238   6.43512
      38              0.28018    2.14325   2.12715   6.41080
      39              0.30819    2.10507   2.09202   6.38591
      40              0.33901    2.06699   2.05716   6.36074
      41              0.37291    2.02886   2.02248   6.33521
      42              0.41021    1.99065   1.98796   6.30950
      43              0.45123    1.95236   1.95360   6.28362
      44              0.49635    1.91276   1.91813   6.25845
      45              0.54598    1.87369   1.88343   6.23161
      46              0.60058    1.83467   1.84907   6.20478
      47              0.66064    1.79568   1.81501   6.17785
      48              0.72670    1.75577   1.78053   6.14885
      49              0.79938    1.71552   1.74608   6.12149
      50              0.87931    1.67510   1.71185   6.09420
      51              0.96724    1.63454   1.67784   6.06675
      52              1.06397    1.59384   1.64406   6.03958
      53              1.17037    1.55292   1.61050   6.01231
      54              1.28740    1.51166   1.57708   5.98516
      55              1.41614    1.46999   1.54377   5.95809
      56              1.55776    1.42787   1.51056   5.93114
      57              1.71353    1.38514   1.47741   5.90418
      58              1.88488    1.34179   1.44431   5.87715
      59              2.07337    1.29739   1.41103   5.85000
      60              2.28071    1.25185   1.37761   5.82267
      61              2.50878    1.20556   1.34431   5.79577
      62              2.75966    1.15842   1.31109   5.76906
      63              3.03563    1.11028   1.27792   5.74229
      64              3.33919    1.06115   1.24483   5.71581
      65              3.67311    1.01088   1.21177   5.68933
      66              4.04042    0.95926   1.17865   5.66291
      67              4.44446    0.90552   1.14530   5.63611
      68              4.88891    0.85063   1.11204   5.60991
      69              5.37780    0.79453   1.07884   5.58390
      70              5.91558    0.73733   1.04566   5.55805
      71              6.50713    0.67927   1.01244   5.53247
      72              7.15785    0.62037   0.97906   5.50689
      73              7.87363    0.56234   0.94565   5.48375
      74              8.66099    0.50715   0.91215   5.45821
      75              9.52709    0.45770   0.87844   5.43231
      76             10.47980    0.41061   0.84437   5.41074
      77             11.52778    0.37722   0.81054   5.38796
      78             12.68056    0.35614   0.77679   5.36572
      79             13.94862    0.34726   0.74303   5.34397
      80             15.34348    0.34689   0.70915   5.32274
      81             16.87783    0.35398   0.67535   5.30161
      82             18.56561    0.36575   0.64150   5.28132
      83             20.42217    0.37878   0.60751   5.26138
      84             22.46439    0.39268   0.57355   5.24151
      85             24.71083    0.40623   0.53943   5.22179
      86             27.18191    0.42050   0.50532   5.20119
      87             29.90010    0.42991   0.47070   5.18427
      88             32.89011    0.43939   0.43611   5.16440
      89             36.17912    0.44788   0.40159   5.14566
      90             39.79703    0.45449   0.36686   5.12738
      91             43.77673    0.46008   0.33219   5.10838
      92             48.15441    0.46389   0.29718   5.09087
      93             52.96985    0.46791   0.26241   5.07322
      94             58.26683    0.46814   0.22681   5.05595
      95             64.09352    0.46844   0.19133   5.03977
      96             70.50287    0.46776   0.15579   5.02408
      97             77.55316    0.46617   0.12025   5.00851
      98             85.30847    0.46402   0.08467   4.99349
      99             93.83932    0.45975   0.04844   4.98060
     100            103.22325    0.45521   0.01251   4.96719
     101            113.54558    0.44980  -0.02337   4.95425
     102            124.90013    0.44373  -0.05854   4.94378
     103            137.39015    0.43639  -0.09450   4.93247
     104            151.12916    0.42848  -0.12940   4.92198
     105            166.24208    0.41948  -0.16409   4.91224
     106            182.86628    0.40984  -0.19708   4.90443
     107            201.15291    0.39912  -0.22957   4.89627
     108            221.26820    0.38778  -0.25984   4.88987
     109            243.39502    0.37563  -0.28758   4.88353
     110            267.73453    0.36285  -0.31254   4.87753
     111            294.50798    0.34944  -0.33379   4.87062
     112            323.95878    0.33667  -0.29117   4.86783
     113            356.35466    0.32425  -0.11611   4.87948
     114            391.99012    0.30542  -0.36781   4.86160
     115            431.18913    0.29141  -0.36816   4.84390
     116            474.30805    0.27776  -0.35926   4.84146
     117            521.73885    0.26256  -0.34053   4.83309
     118            573.91274    0.26974  -0.12722   4.86171
     119            631.30401    0.22043  -0.27090   4.82358
     120            694.43441    0.18787  -0.22876   4.82547
     121            763.87785    0.14831  -0.18604   4.78452
     122            840.26564    0.11207  -0.14931   4.76790
     123            924.29220    0.09434  -0.12389   4.76277
     124           1016.72142    0.10545  -0.11351   4.73291
     125           1118.39356    0.13844  -0.12311   4.71073
     126           1230.23292    0.17473  -0.15862   4.66622
     127           1353.25621    0.19765  -0.23003   4.59795
     128           1488.58183    0.20273  -0.35368   4.64457
     129           1637.44002    0.17556  -0.54842   4.62906
     130           1801.18402    0.10207  -0.66028   4.70127
     131           1981.30242   -0.03669  -0.48431   4.71726
     132           2179.43266   -0.22316  -0.34268   4.67215
     133           2397.37593   -0.50983  -0.27489   4.50672
     134           2637.11352   -0.73796  -0.25030   4.35728
     135           2900.82487   -0.61819  -0.24458   4.49779
     136           3190.90736   -0.59707  -0.24668   4.59511
     137           3509.99810   -0.53469  -0.25647   4.72235
     138           3509.99810   -0.67060  -0.28205   4.47951
     139           3860.99790   -0.74526  -0.32048   4.41441
     140           4247.09770   -0.68281  -0.36460   4.59278
     141           4671.80746   -0.84742  -0.41818   4.37041
     142           5138.98821   -0.87536  -0.48334   4.29938
     143           5652.88703   -0.87732  -0.53853   4.27704
     144           6218.17574   -0.88591  -0.62032   4.30070
     145           6839.99331   -0.96280  -0.69799   4.20384
     146           7523.99264   -1.00300  -0.78901   4.11379
     147           8276.39190   -1.17686  -0.88947   3.89923
     148           9104.03109   -1.24318  -0.99643   3.80481
     149          10014.43420   -1.30492  -1.11081   3.75014
     150          11015.87762   -1.38661  -1.23231   3.67389
     151          12117.46539   -1.50423  -1.36229   3.54283
     152          13329.21192   -1.60982  -1.50313   3.46265
     153          14662.13312   -1.75461  -1.64785   3.35596
     154          16128.34643   -1.89288  -1.79520   3.20255
     155          17741.18107   -1.87629  -1.93823   3.12006
     156          19515.29918   -2.32621  -2.10124   2.74393
     157          21466.82910   -2.13175  -2.25509   2.94948
     158          23613.51201   -2.06216  -2.41447   3.01715
     159          25974.86321   -2.45324  -2.57578   2.59274
     160          28572.34953   -2.14207  -2.74084   2.92165
     161          31429.58448   -2.04672  -2.90990   2.46569
     162          34572.54293   -2.49674  -3.01113   2.52611
     163          38029.79722   -2.58257  -3.28218   2.47245
     164          41832.77694   -3.72923  -3.48617   1.50728
     165          46016.05464   -3.06775  -3.70505   2.02342
     166          50617.66010   -2.84396  -3.94003   2.23844
     167          55679.42611   -3.05846  -4.19236   2.00693
     168          61247.36872   -3.33683  -4.46426   1.73893
     169          67372.10560   -3.59290  -4.75644   1.48714
     170          74109.31616   -3.85520  -5.06920   1.22650
     171          81520.24777   -4.11030  -5.40319   0.97253
     172          89672.27255   -4.39368  -5.75852   0.68980
     173          98639.49980   -4.75995  -6.13490   0.32325
     174         108503.44978   -5.16194  -6.53113  -0.07905
     175         119353.79476   -5.60311  -6.94547  -0.52055
     176         131289.17424   -6.09399  -7.37568  -1.01188
     177         144418.09166   -6.65420  -7.81932  -1.57291
     178         158859.90083   -7.32856  -8.27437  -2.24954
     179         174745.89091   -8.15826  -8.73981  -3.08774
