1489
-0.28267000000000E+00
-0.27767000000000E+00
-0.27292000000000E+00
-0.26840700000000E+00
-0.26412100000000E+00
-0.26004800000000E+00
-0.25617900000000E+00
-0.25250400000000E+00
-0.24901200000000E+00
-0.24569500000000E+00
-0.24254400000000E+00
-0.23955000000000E+00
-0.23670600000000E+00
-0.23400400000000E+00
-0.23143700000000E+00
-0.22899900000000E+00
-0.22668300000000E+00
-0.22448200000000E+00
-0.22239100000000E+00
-0.22040500000000E+00
-0.21851900000000E+00
-0.21672600000000E+00
-0.21502300000000E+00
-0.21340600000000E+00
-0.21186900000000E+00
-0.21040900000000E+00
-0.20902200000000E+00
-0.20770400000000E+00
-0.20645300000000E+00
-0.20526400000000E+00
-0.20413400000000E+00
-0.20306100000000E+00
-0.20204100000000E+00
-0.20107300000000E+00
-0.20015200000000E+00
-0.19927800000000E+00
-0.19844800000000E+00
-0.19765900000000E+00
-0.19691000000000E+00
-0.19619800000000E+00
-0.19552100000000E+00
-0.19487900000000E+00
-0.19426800000000E+00
-0.19368800000000E+00
-0.19313700000000E+00
-0.19261400000000E+00
-0.19211400000000E+00
-0.19161400000000E+00
-0.19111400000000E+00
-0.19061400000000E+00
-0.19011400000000E+00
-0.18961400000000E+00
-0.18911400000000E+00
-0.18861400000000E+00
-0.18811400000000E+00
-0.18761400000000E+00
-0.18711400000000E+00
-0.18661400000000E+00
-0.18611400000000E+00
-0.18561400000000E+00
-0.18511400000000E+00
-0.18461400000000E+00
-0.18411400000000E+00
-0.18361400000000E+00
-0.18311400000000E+00
-0.18261400000000E+00
-0.18211400000000E+00
-0.18161400000000E+00
-0.18111400000000E+00
-0.18061400000000E+00
-0.18011400000000E+00
-0.17961400000000E+00
-0.17911400000000E+00
-0.17861400000000E+00
-0.17811400000000E+00
-0.17761400000000E+00
-0.17711400000000E+00
-0.17661400000000E+00
-0.17611400000000E+00
-0.17561400000000E+00
-0.17511400000000E+00
-0.17461400000000E+00
-0.17411400000000E+00
-0.17361400000000E+00
-0.17311400000000E+00
-0.17261400000000E+00
-0.17211400000000E+00
-0.17161400000000E+00
-0.17111400000000E+00
-0.17061400000000E+00
-0.17011400000000E+00
-0.16961400000000E+00
-0.16911400000000E+00
-0.16861400000000E+00
-0.16811400000000E+00
-0.16761400000000E+00
-0.16711400000000E+00
-0.16661400000000E+00
-0.16611400000000E+00
-0.16561400000000E+00
-0.16511400000000E+00
-0.16461400000000E+00
-0.16411400000000E+00
-0.16361400000000E+00
-0.16311400000000E+00
-0.16261400000000E+00
-0.16211400000000E+00
-0.16161400000000E+00
-0.16111400000000E+00
-0.16061400000000E+00
-0.16011400000000E+00
-0.15961400000000E+00
-0.15911400000000E+00
-0.15861400000000E+00
-0.15811400000000E+00
-0.15761400000000E+00
-0.15711400000000E+00
-0.15661400000000E+00
-0.15611400000000E+00
-0.15561400000000E+00
-0.15511400000000E+00
-0.15461400000000E+00
-0.15411400000000E+00
-0.15361400000000E+00
-0.15311400000000E+00
-0.15261400000000E+00
-0.15211400000000E+00
-0.15161400000000E+00
-0.15111400000000E+00
-0.15061400000000E+00
-0.15011400000000E+00
-0.14961400000000E+00
-0.14911400000000E+00
-0.14861400000000E+00
-0.14811400000000E+00
-0.14761400000000E+00
-0.14711400000000E+00
-0.14661400000000E+00
-0.14611400000000E+00
-0.14561400000000E+00
-0.14511400000000E+00
-0.14461400000000E+00
-0.14411400000000E+00
-0.14361400000000E+00
-0.14311400000000E+00
-0.14261400000000E+00
-0.14211400000000E+00
-0.14161400000000E+00
-0.14111400000000E+00
-0.14061400000000E+00
-0.14011400000000E+00
-0.13961400000000E+00
-0.13911400000000E+00
-0.13861400000000E+00
-0.13811400000000E+00
-0.13761400000000E+00
-0.13711400000000E+00
-0.13661400000000E+00
-0.13611400000000E+00
-0.13561400000000E+00
-0.13511400000000E+00
-0.13461400000000E+00
-0.13411400000000E+00
-0.13361400000000E+00
-0.13311400000000E+00
-0.13261400000000E+00
-0.13211400000000E+00
-0.13161400000000E+00
-0.13111400000000E+00
-0.13061400000000E+00
-0.13011400000000E+00
-0.12961400000000E+00
-0.12911400000000E+00
-0.12861400000000E+00
-0.12811400000000E+00
-0.12761400000000E+00
-0.12711400000000E+00
-0.12661400000000E+00
-0.12611400000000E+00
-0.12561400000000E+00
-0.12511400000000E+00
-0.12461400000000E+00
-0.12411400000000E+00
-0.12361400000000E+00
-0.12311400000000E+00
-0.12261400000000E+00
-0.12211400000000E+00
-0.12161400000000E+00
-0.12111400000000E+00
-0.12061400000000E+00
-0.12011400000000E+00
-0.11961400000000E+00
-0.11911400000000E+00
-0.11861400000000E+00
-0.11811400000000E+00
-0.11761400000000E+00
-0.11711400000000E+00
-0.11661400000000E+00
-0.11611400000000E+00
-0.11561400000000E+00
-0.11511400000000E+00
-0.11461400000000E+00
-0.11411400000000E+00
-0.11361400000000E+00
-0.11311400000000E+00
-0.11261400000000E+00
-0.11211400000000E+00
-0.11161400000000E+00
-0.11111400000000E+00
-0.11061400000000E+00
-0.11011400000000E+00
-0.10961400000000E+00
-0.10911400000000E+00
-0.10861400000000E+00
-0.10811400000000E+00
-0.10761400000000E+00
-0.10711400000000E+00
-0.10661400000000E+00
-0.10611400000000E+00
-0.10561400000000E+00
-0.10511400000000E+00
-0.10461400000000E+00
-0.10411400000000E+00
-0.10361400000000E+00
-0.10311400000000E+00
-0.10261400000000E+00
-0.10211400000000E+00
-0.10161400000000E+00
-0.10111400000000E+00
-0.10061400000000E+00
-0.10011400000000E+00
-0.99614000000000E-01
-0.99114000000000E-01
-0.98614000000000E-01
-0.98114000000000E-01
-0.97614000000000E-01
-0.97114000000000E-01
-0.96614000000000E-01
-0.96114000000000E-01
-0.95614000000000E-01
-0.95114000000000E-01
-0.94614000000000E-01
-0.94114000000000E-01
-0.93614000000000E-01
-0.93114000000000E-01
-0.92614000000000E-01
-0.92114000000000E-01
-0.91614000000000E-01
-0.91114000000000E-01
-0.90614000000000E-01
-0.90114000000000E-01
-0.89614000000000E-01
-0.89114000000000E-01
-0.88614000000000E-01
-0.88114000000000E-01
-0.87614000000000E-01
-0.87114000000000E-01
-0.86614000000000E-01
-0.86114000000000E-01
-0.85614000000000E-01
-0.85114000000000E-01
-0.84614000000000E-01
-0.84114000000000E-01
-0.83614000000000E-01
-0.83114000000000E-01
-0.82614000000000E-01
-0.82114000000000E-01
-0.81614000000000E-01
-0.81114000000000E-01
-0.80614000000000E-01
-0.80114000000000E-01
-0.79614000000000E-01
-0.79114000000000E-01
-0.78614000000000E-01
-0.78114000000000E-01
-0.77614000000000E-01
-0.77114000000000E-01
-0.76614000000000E-01
-0.76114000000000E-01
-0.75614000000000E-01
-0.75114000000000E-01
-0.74614000000000E-01
-0.74114000000000E-01
-0.73614000000000E-01
-0.73114000000000E-01
-0.72614000000000E-01
-0.72114000000000E-01
-0.71614000000000E-01
-0.71114000000000E-01
-0.70614000000000E-01
-0.70114000000000E-01
-0.69614000000000E-01
-0.69114000000000E-01
-0.68614000000000E-01
-0.68114000000000E-01
-0.67614000000000E-01
-0.67114000000000E-01
-0.66614000000000E-01
-0.66114000000000E-01
-0.65614000000000E-01
-0.65114000000000E-01
-0.64614000000000E-01
-0.64114000000000E-01
-0.63614000000000E-01
-0.63114000000000E-01
-0.62614000000000E-01
-0.62114000000000E-01
-0.61614000000000E-01
-0.61114000000000E-01
-0.60614000000000E-01
-0.60114000000000E-01
-0.59614000000000E-01
-0.59114000000000E-01
-0.58614000000000E-01
-0.58114000000000E-01
-0.57614000000000E-01
-0.57114000000000E-01
-0.56614000000000E-01
-0.56114000000000E-01
-0.55614000000000E-01
-0.55114000000000E-01
-0.54614000000000E-01
-0.54114000000000E-01
-0.53614000000000E-01
-0.53114000000000E-01
-0.52614000000000E-01
-0.52114000000000E-01
-0.51614000000000E-01
-0.51114000000000E-01
-0.50614000000000E-01
-0.50114000000000E-01
-0.49614000000000E-01
-0.49114000000000E-01
-0.48614000000000E-01
-0.48114000000000E-01
-0.47614000000000E-01
-0.47114000000000E-01
-0.46614000000000E-01
-0.46114000000000E-01
-0.45614000000000E-01
-0.45114000000000E-01
-0.44614000000000E-01
-0.44114000000000E-01
-0.43614000000000E-01
-0.43114000000000E-01
-0.42614000000000E-01
-0.42114000000000E-01
-0.41614000000000E-01
-0.41114000000000E-01
-0.40614000000000E-01
-0.40114000000000E-01
-0.39614000000000E-01
-0.39114000000000E-01
-0.38614000000000E-01
-0.38114000000000E-01
-0.37614000000000E-01
-0.37114000000000E-01
-0.36614000000000E-01
-0.36114000000000E-01
-0.35614000000000E-01
-0.35114000000000E-01
-0.34614000000000E-01
-0.34114000000000E-01
-0.33614000000000E-01
-0.33114000000000E-01
-0.32614000000000E-01
-0.32114000000000E-01
-0.31614000000000E-01
-0.31114000000000E-01
-0.30614000000000E-01
-0.30114000000000E-01
-0.29614000000000E-01
-0.29114000000000E-01
-0.28614000000000E-01
-0.28114000000000E-01
-0.27614000000000E-01
-0.27114000000000E-01
-0.26614000000000E-01
-0.26114000000000E-01
-0.25614000000000E-01
-0.25114000000000E-01
-0.24614000000000E-01
-0.24114000000000E-01
-0.23614000000000E-01
-0.23114000000000E-01
-0.22614000000000E-01
-0.22114000000000E-01
-0.21614000000000E-01
-0.21114000000000E-01
-0.20614000000000E-01
-0.20114000000000E-01
-0.19614000000000E-01
-0.19114000000000E-01
-0.18614000000000E-01
-0.18114000000000E-01
-0.17614000000000E-01
-0.17114000000000E-01
-0.16614000000000E-01
-0.16114000000000E-01
-0.15614000000000E-01
-0.15114000000000E-01
-0.14614000000000E-01
-0.14114000000000E-01
-0.13614000000000E-01
-0.13114000000000E-01
-0.12614000000000E-01
-0.12114000000000E-01
-0.11614000000000E-01
-0.11114000000000E-01
-0.10614000000000E-01
-0.10114000000000E-01
-0.96140200000000E-02
-0.91140200000000E-02
-0.86140200000000E-02
-0.81140200000000E-02
-0.76140200000000E-02
-0.71140200000000E-02
-0.66140200000000E-02
-0.61140200000000E-02
-0.56140200000000E-02
-0.51140200000000E-02
-0.46140200000000E-02
-0.41140200000000E-02
-0.36140200000000E-02
-0.31140200000000E-02
-0.26140200000000E-02
-0.21140200000000E-02
-0.16140200000000E-02
-0.11140200000000E-02
-0.61401700000000E-03
-0.11401700000000E-03
0.38598300000000E-03
0.88598300000000E-03
0.13859800000000E-02
0.18859800000000E-02
0.23859800000000E-02
0.28859800000000E-02
0.33859800000000E-02
0.38859800000000E-02
0.43859800000000E-02
0.48859800000000E-02
0.53859800000000E-02
0.58859800000000E-02
0.63859800000000E-02
0.68859800000000E-02
0.73859800000000E-02
0.78859800000000E-02
0.83859800000000E-02
0.88859800000000E-02
0.93859800000000E-02
0.98859800000000E-02
0.10386000000000E-01
0.10886000000000E-01
0.11386000000000E-01
0.11886000000000E-01
0.12386000000000E-01
0.12886000000000E-01
0.13386000000000E-01
0.13886000000000E-01
0.14386000000000E-01
0.14886000000000E-01
0.15386000000000E-01
0.15886000000000E-01
0.16386000000000E-01
0.16886000000000E-01
0.17386000000000E-01
0.17886000000000E-01
0.18386000000000E-01
0.18886000000000E-01
0.19386000000000E-01
0.19886000000000E-01
0.20386000000000E-01
0.20886000000000E-01
0.21386000000000E-01
0.21886000000000E-01
0.22386000000000E-01
0.22886000000000E-01
0.23386000000000E-01
0.23886000000000E-01
0.24386000000000E-01
0.24886000000000E-01
0.25386000000000E-01
0.25886000000000E-01
0.26386000000000E-01
0.26886000000000E-01
0.27386000000000E-01
0.27886000000000E-01
0.28386000000000E-01
0.28886000000000E-01
0.29386000000000E-01
0.29886000000000E-01
0.30386000000000E-01
0.30886000000000E-01
0.31386000000000E-01
0.31886000000000E-01
0.32386000000000E-01
0.32886000000000E-01
0.33386000000000E-01
0.33886000000000E-01
0.34386000000000E-01
0.34886000000000E-01
0.35386000000000E-01
0.35886000000000E-01
0.36386000000000E-01
0.36886000000000E-01
0.37386000000000E-01
0.37886000000000E-01
0.38386000000000E-01
0.38886000000000E-01
0.39386000000000E-01
0.39886000000000E-01
0.40386000000000E-01
0.40886000000000E-01
0.41386000000000E-01
0.41886000000000E-01
0.42386000000000E-01
0.42886000000000E-01
0.43386000000000E-01
0.43886000000000E-01
0.44386000000000E-01
0.44886000000000E-01
0.45386000000000E-01
0.45886000000000E-01
0.46386000000000E-01
0.46886000000000E-01
0.47386000000000E-01
0.47886000000000E-01
0.48386000000000E-01
0.48886000000000E-01
0.49386000000000E-01
0.49886000000000E-01
0.50386000000000E-01
0.50886000000000E-01
0.51386000000000E-01
0.51886000000000E-01
0.52386000000000E-01
0.52886000000000E-01
0.53386000000000E-01
0.53886000000000E-01
0.54386000000000E-01
0.54886000000000E-01
0.55386000000000E-01
0.55886000000000E-01
0.56386000000000E-01
0.56886000000000E-01
0.57386000000000E-01
0.57886000000000E-01
0.58386000000000E-01
0.58886000000000E-01
0.59386000000000E-01
0.59886000000000E-01
0.60386000000000E-01
0.60886000000000E-01
0.61386000000000E-01
0.61886000000000E-01
0.62386000000000E-01
0.62886000000000E-01
0.63386000000000E-01
0.63886000000000E-01
0.64386000000000E-01
0.64886000000000E-01
0.65386000000000E-01
0.65886000000000E-01
0.66386000000000E-01
0.66886000000000E-01
0.67386000000000E-01
0.67886000000000E-01
0.68386000000000E-01
0.68886000000000E-01
0.69386000000000E-01
0.69886000000000E-01
0.70386000000000E-01
0.70886000000000E-01
0.71386000000000E-01
0.71886000000000E-01
0.72386000000000E-01
0.72886000000000E-01
0.73386000000000E-01
0.73886000000000E-01
0.74386000000000E-01
0.74886000000000E-01
0.75386000000000E-01
0.75886000000000E-01
0.76386000000000E-01
0.76886000000000E-01
0.77386000000000E-01
0.77886000000000E-01
0.78386000000000E-01
0.78886000000000E-01
0.79386000000000E-01
0.79886000000000E-01
0.80386000000000E-01
0.80886000000000E-01
0.81386000000000E-01
0.81886000000000E-01
0.82386000000000E-01
0.82886000000000E-01
0.83386000000000E-01
0.83886000000000E-01
0.84386000000000E-01
0.84886000000000E-01
0.85386000000000E-01
0.85886000000000E-01
0.86386000000000E-01
0.86886000000000E-01
0.87386000000000E-01
0.87886000000000E-01
0.88386000000000E-01
0.88886000000000E-01
0.89386000000000E-01
0.89886000000000E-01
0.90386000000000E-01
0.90886000000000E-01
0.91386000000000E-01
0.91886000000000E-01
0.92386000000000E-01
0.92886000000000E-01
0.93386000000000E-01
0.93886000000000E-01
0.94386000000000E-01
0.94886000000000E-01
0.95386000000000E-01
0.95886000000000E-01
0.96386000000000E-01
0.96886000000000E-01
0.97386000000000E-01
0.97886000000000E-01
0.98386000000000E-01
0.98886000000000E-01
0.99386000000000E-01
0.99886000000000E-01
0.10038600000000E+00
0.10088600000000E+00
0.10138600000000E+00
0.10188600000000E+00
0.10238600000000E+00
0.10288600000000E+00
0.10338600000000E+00
0.10388600000000E+00
0.10438600000000E+00
0.10488600000000E+00
0.10538600000000E+00
0.10588600000000E+00
0.10638600000000E+00
0.10688600000000E+00
0.10738600000000E+00
0.10788600000000E+00
0.10838600000000E+00
0.10888600000000E+00
0.10938600000000E+00
0.10988600000000E+00
0.11038600000000E+00
0.11088600000000E+00
0.11138600000000E+00
0.11188600000000E+00
0.11238600000000E+00
0.11288600000000E+00
0.11338600000000E+00
0.11388600000000E+00
0.11438600000000E+00
0.11488600000000E+00
0.11538600000000E+00
0.11588600000000E+00
0.11638600000000E+00
0.11688600000000E+00
0.11738600000000E+00
0.11788600000000E+00
0.11838600000000E+00
0.11888600000000E+00
0.11938600000000E+00
0.11988600000000E+00
0.12038600000000E+00
0.12088600000000E+00
0.12138600000000E+00
0.12188600000000E+00
0.12238600000000E+00
0.12288600000000E+00
0.12338600000000E+00
0.12388600000000E+00
0.12438600000000E+00
0.12488600000000E+00
0.12538600000000E+00
0.12588600000000E+00
0.12638600000000E+00
0.12688600000000E+00
0.12738600000000E+00
0.12788600000000E+00
0.12838600000000E+00
0.12888600000000E+00
0.12938600000000E+00
0.12988600000000E+00
0.13038600000000E+00
0.13088600000000E+00
0.13138600000000E+00
0.13188600000000E+00
0.13238600000000E+00
0.13288600000000E+00
0.13338600000000E+00
0.13388600000000E+00
0.13438600000000E+00
0.13488600000000E+00
0.13538600000000E+00
0.13588600000000E+00
0.13638600000000E+00
0.13688600000000E+00
0.13738600000000E+00
0.13788600000000E+00
0.13838600000000E+00
0.13888600000000E+00
0.13938600000000E+00
0.13988600000000E+00
0.14038600000000E+00
0.14088600000000E+00
0.14138600000000E+00
0.14188600000000E+00
0.14238600000000E+00
0.14288600000000E+00
0.14338600000000E+00
0.14388600000000E+00
0.14438600000000E+00
0.14488600000000E+00
0.14538600000000E+00
0.14588600000000E+00
0.14638600000000E+00
0.14688600000000E+00
0.14738600000000E+00
0.14788600000000E+00
0.14838600000000E+00
0.14888600000000E+00
0.14938600000000E+00
0.14988600000000E+00
0.15038600000000E+00
0.15088600000000E+00
0.15138600000000E+00
0.15188600000000E+00
0.15238600000000E+00
0.15288600000000E+00
0.15338600000000E+00
0.15388600000000E+00
0.15438600000000E+00
0.15488600000000E+00
0.15538600000000E+00
0.15588600000000E+00
0.15638600000000E+00
0.15688600000000E+00
0.15738600000000E+00
0.15788600000000E+00
0.15838600000000E+00
0.15888600000000E+00
0.15938600000000E+00
0.15988600000000E+00
0.16038600000000E+00
0.16088600000000E+00
0.16138600000000E+00
0.16188600000000E+00
0.16238600000000E+00
0.16288600000000E+00
0.16338600000000E+00
0.16388600000000E+00
0.16438600000000E+00
0.16488600000000E+00
0.16538600000000E+00
0.16588600000000E+00
0.16638600000000E+00
0.16688600000000E+00
0.16738600000000E+00
0.16788600000000E+00
0.16838600000000E+00
0.16888600000000E+00
0.16938600000000E+00
0.16988600000000E+00
0.17038600000000E+00
0.17088600000000E+00
0.17138600000000E+00
0.17188600000000E+00
0.17238600000000E+00
0.17288600000000E+00
0.17338600000000E+00
0.17388600000000E+00
0.17438600000000E+00
0.17488600000000E+00
0.17538600000000E+00
0.17588600000000E+00
0.17638600000000E+00
0.17688600000000E+00
0.17738600000000E+00
0.17788600000000E+00
0.17838600000000E+00
0.17888600000000E+00
0.17938600000000E+00
0.17988600000000E+00
0.18038600000000E+00
0.18088600000000E+00
0.18138600000000E+00
0.18188600000000E+00
0.18238600000000E+00
0.18288600000000E+00
0.18338600000000E+00
0.18388600000000E+00
0.18438600000000E+00
0.18488600000000E+00
0.18538600000000E+00
0.18588600000000E+00
0.18638600000000E+00
0.18688600000000E+00
0.18738600000000E+00
0.18788600000000E+00
0.18838600000000E+00
0.18888600000000E+00
0.18938600000000E+00
0.18988600000000E+00
0.19038600000000E+00
0.19088600000000E+00
0.19138600000000E+00
0.19188600000000E+00
0.19238600000000E+00
0.19288600000000E+00
0.19338600000000E+00
0.19388600000000E+00
0.19438600000000E+00
0.19488600000000E+00
0.19538600000000E+00
0.19588600000000E+00
0.19638600000000E+00
0.19688600000000E+00
0.19738600000000E+00
0.19788600000000E+00
0.19838600000000E+00
0.19888600000000E+00
0.19938600000000E+00
0.19988600000000E+00
0.20038600000000E+00
0.20088600000000E+00
0.20138600000000E+00
0.20188600000000E+00
0.20238600000000E+00
0.20288600000000E+00
0.20338600000000E+00
0.20388600000000E+00
0.20438600000000E+00
0.20488600000000E+00
0.20538600000000E+00
0.20588600000000E+00
0.20638600000000E+00
0.20688600000000E+00
0.20738600000000E+00
0.20788600000000E+00
0.20838600000000E+00
0.20888600000000E+00
0.20938600000000E+00
0.20988600000000E+00
0.21038600000000E+00
0.21088600000000E+00
0.21138600000000E+00
0.21188600000000E+00
0.21238600000000E+00
0.21288600000000E+00
0.21338600000000E+00
0.21388600000000E+00
0.21438600000000E+00
0.21488600000000E+00
0.21538600000000E+00
0.21588600000000E+00
0.21638600000000E+00
0.21688600000000E+00
0.21738600000000E+00
0.21788600000000E+00
0.21838600000000E+00
0.21888600000000E+00
0.21938600000000E+00
0.21988600000000E+00
0.22038600000000E+00
0.22088600000000E+00
0.22138600000000E+00
0.22188600000000E+00
0.22238600000000E+00
0.22288600000000E+00
0.22338600000000E+00
0.22388600000000E+00
0.22438600000000E+00
0.22488600000000E+00
0.22538600000000E+00
0.22588600000000E+00
0.22638600000000E+00
0.22688600000000E+00
0.22738600000000E+00
0.22788600000000E+00
0.22838600000000E+00
0.22888600000000E+00
0.22938600000000E+00
0.22988600000000E+00
0.23038600000000E+00
0.23088600000000E+00
0.23138600000000E+00
0.23188600000000E+00
0.23238600000000E+00
0.23288600000000E+00
0.23338600000000E+00
0.23388600000000E+00
0.23438600000000E+00
0.23488600000000E+00
0.23538600000000E+00
0.23588600000000E+00
0.23638600000000E+00
0.23688600000000E+00
0.23738600000000E+00
0.23788600000000E+00
0.23838600000000E+00
0.23888600000000E+00
0.23938600000000E+00
0.23988600000000E+00
0.24038600000000E+00
0.24088600000000E+00
0.24138600000000E+00
0.24188600000000E+00
0.24238600000000E+00
0.24288600000000E+00
0.24338600000000E+00
0.24388600000000E+00
0.24438600000000E+00
0.24488600000000E+00
0.24538600000000E+00
0.24588600000000E+00
0.24638600000000E+00
0.24688600000000E+00
0.24738600000000E+00
0.24788600000000E+00
0.24838600000000E+00
0.24888600000000E+00
0.24938600000000E+00
0.24988600000000E+00
0.25038600000000E+00
0.25088600000000E+00
0.25138600000000E+00
0.25188600000000E+00
0.25238600000000E+00
0.25288600000000E+00
0.25338600000000E+00
0.25388600000000E+00
0.25438600000000E+00
0.25488600000000E+00
0.25538600000000E+00
0.25588600000000E+00
0.25638600000000E+00
0.25688600000000E+00
0.25738600000000E+00
0.25788600000000E+00
0.25838600000000E+00
0.25888600000000E+00
0.25938600000000E+00
0.25988600000000E+00
0.26038600000000E+00
0.26088600000000E+00
0.26138600000000E+00
0.26188600000000E+00
0.26238600000000E+00
0.26288600000000E+00
0.26338600000000E+00
0.26388600000000E+00
0.26438600000000E+00
0.26488600000000E+00
0.26538600000000E+00
0.26588600000000E+00
0.26638600000000E+00
0.26688600000000E+00
0.26738600000000E+00
0.26788600000000E+00
0.26838600000000E+00
0.26888600000000E+00
0.26938600000000E+00
0.26988600000000E+00
0.27038600000000E+00
0.27088600000000E+00
0.27138600000000E+00
0.27188600000000E+00
0.27238600000000E+00
0.27288600000000E+00
0.27338600000000E+00
0.27388600000000E+00
0.27438600000000E+00
0.27488600000000E+00
0.27538600000000E+00
0.27588600000000E+00
0.27638600000000E+00
0.27688600000000E+00
0.27738600000000E+00
0.27788600000000E+00
0.27838600000000E+00
0.27888600000000E+00
0.27938600000000E+00
0.27988600000000E+00
0.28038600000000E+00
0.28088600000000E+00
0.28138600000000E+00
0.28188600000000E+00
0.28238600000000E+00
0.28288600000000E+00
0.28338600000000E+00
0.28388600000000E+00
0.28438600000000E+00
0.28488600000000E+00
0.28538600000000E+00
0.28588600000000E+00
0.28638600000000E+00
0.28688600000000E+00
0.28738600000000E+00
0.28788600000000E+00
0.28838600000000E+00
0.28888600000000E+00
0.28938600000000E+00
0.28988600000000E+00
0.29038600000000E+00
0.29088600000000E+00
0.29138600000000E+00
0.29188600000000E+00
0.29238600000000E+00
0.29288600000000E+00
0.29338600000000E+00
0.29388600000000E+00
0.29438600000000E+00
0.29488600000000E+00
0.29538600000000E+00
0.29588600000000E+00
0.29638600000000E+00
0.29688600000000E+00
0.29738600000000E+00
0.29788600000000E+00
0.29838600000000E+00
0.29888600000000E+00
0.29938600000000E+00
0.29988600000000E+00
0.30038600000000E+00
0.30089100000000E+00
0.30140100000000E+00
0.30191600000000E+00
0.30243600000000E+00
0.30296200000000E+00
0.30349300000000E+00
0.30402900000000E+00
0.30457000000000E+00
0.30511700000000E+00
0.30566900000000E+00
0.30622700000000E+00
0.30679100000000E+00
0.30736000000000E+00
0.30793400000000E+00
0.30851500000000E+00
0.30910100000000E+00
0.30969300000000E+00
0.31029100000000E+00
0.31089500000000E+00
0.31150600000000E+00
0.31212200000000E+00
0.31274400000000E+00
0.31337300000000E+00
0.31400800000000E+00
0.31464900000000E+00
0.31529600000000E+00
0.31595100000000E+00
0.31661100000000E+00
0.31727800000000E+00
0.31795200000000E+00
0.31863300000000E+00
0.31932000000000E+00
0.32001500000000E+00
0.32071600000000E+00
0.32142400000000E+00
0.32214000000000E+00
0.32286200000000E+00
0.32359200000000E+00
0.32432900000000E+00
0.32507400000000E+00
0.32582500000000E+00
0.32658500000000E+00
0.32735200000000E+00
0.32812700000000E+00
0.32890900000000E+00
0.32969900000000E+00
0.33049700000000E+00
0.33130300000000E+00
0.33211800000000E+00
0.33294000000000E+00
0.33377000000000E+00
0.33460900000000E+00
0.33545700000000E+00
0.33631200000000E+00
0.33717600000000E+00
0.33804900000000E+00
0.33893100000000E+00
0.33982100000000E+00
0.34072100000000E+00
0.34162900000000E+00
0.34254700000000E+00
0.34347300000000E+00
0.34440900000000E+00
0.34535400000000E+00
0.34630900000000E+00
0.34727300000000E+00
0.34824700000000E+00
0.34923100000000E+00
0.35022400000000E+00
0.35122800000000E+00
0.35224100000000E+00
0.35326400000000E+00
0.35429800000000E+00
0.35534200000000E+00
0.35639700000000E+00
0.35746200000000E+00
0.35853800000000E+00
0.35962400000000E+00
0.36072200000000E+00
0.36183000000000E+00
0.36295000000000E+00
0.36408000000000E+00
0.36522200000000E+00
0.36637500000000E+00
0.36754000000000E+00
0.36871700000000E+00
0.36990500000000E+00
0.37110500000000E+00
0.37231800000000E+00
0.37354200000000E+00
0.37477800000000E+00
0.37602700000000E+00
0.37728900000000E+00
0.37856300000000E+00
0.37985000000000E+00
0.38114900000000E+00
0.38246200000000E+00
0.38378800000000E+00
0.38512700000000E+00
0.38647900000000E+00
0.38784500000000E+00
0.38922500000000E+00
0.39061800000000E+00
0.39202500000000E+00
0.39344700000000E+00
0.39488200000000E+00
0.39633200000000E+00
0.39779700000000E+00
0.39927600000000E+00
0.40077000000000E+00
0.40227900000000E+00
0.40380300000000E+00
0.40534200000000E+00
0.40689600000000E+00
0.40846600000000E+00
0.41005200000000E+00
0.41165400000000E+00
0.41327100000000E+00
0.41490500000000E+00
0.41655600000000E+00
0.41822200000000E+00
0.41990600000000E+00
0.42160600000000E+00
0.42332300000000E+00
0.42505700000000E+00
0.42680900000000E+00
0.42857800000000E+00
0.43036500000000E+00
0.43217000000000E+00
0.43399300000000E+00
0.43583400000000E+00
0.43769300000000E+00
0.43957100000000E+00
0.44146800000000E+00
0.44338400000000E+00
0.44531900000000E+00
0.44727300000000E+00
0.44924700000000E+00
0.45124100000000E+00
0.45325400000000E+00
0.45528800000000E+00
0.45734200000000E+00
0.45941700000000E+00
0.46151200000000E+00
0.46362800000000E+00
0.46576600000000E+00
0.46792500000000E+00
0.47010500000000E+00
0.47230700000000E+00
0.47453100000000E+00
0.47677800000000E+00
0.47904700000000E+00
0.48133800000000E+00
0.48365300000000E+00
0.48599100000000E+00
0.48835200000000E+00
0.49073600000000E+00
0.49314500000000E+00
0.49557700000000E+00
0.49803400000000E+00
0.50051600000000E+00
0.50302200000000E+00
0.50555300000000E+00
0.50811000000000E+00
0.51069200000000E+00
0.51330000000000E+00
0.51593400000000E+00
0.51859500000000E+00
0.52128200000000E+00
0.52399600000000E+00
0.52673700000000E+00
0.52950600000000E+00
0.53230200000000E+00
0.53512600000000E+00
0.53797800000000E+00
0.54085900000000E+00
0.54376900000000E+00
0.54670800000000E+00
0.54967600000000E+00
0.55267400000000E+00
0.55570200000000E+00
0.55876000000000E+00
0.56184900000000E+00
0.56496800000000E+00
0.56811900000000E+00
0.57130200000000E+00
0.57451600000000E+00
0.57776200000000E+00
0.58104100000000E+00
0.58435200000000E+00
0.58769700000000E+00
0.59107500000000E+00
0.59448700000000E+00
0.59793300000000E+00
0.60141300000000E+00
0.60492900000000E+00
0.60847900000000E+00
0.61206500000000E+00
0.61568700000000E+00
0.61934500000000E+00
0.62303900000000E+00
0.62677100000000E+00
0.63054000000000E+00
0.63434600000000E+00
0.63819100000000E+00
0.64207400000000E+00
0.64599600000000E+00
0.64995700000000E+00
0.65395800000000E+00
0.65799800000000E+00
0.66208000000000E+00
0.66620200000000E+00
0.67036500000000E+00
0.67456900000000E+00
0.67881600000000E+00
0.68310600000000E+00
0.68743800000000E+00
0.69181300000000E+00
0.69623300000000E+00
0.70069600000000E+00
0.70520400000000E+00
0.70975700000000E+00
0.71435600000000E+00
0.71900100000000E+00
0.72369200000000E+00
0.72843000000000E+00
0.73321500000000E+00
0.73804900000000E+00
0.74293000000000E+00
0.74786100000000E+00
0.75284100000000E+00
0.75787000000000E+00
0.76295000000000E+00
0.76808100000000E+00
0.77326200000000E+00
0.77849600000000E+00
0.78378200000000E+00
0.78912100000000E+00
0.79451400000000E+00
0.79996000000000E+00
0.80546100000000E+00
0.81101600000000E+00
0.81662800000000E+00
0.82229500000000E+00
0.82801900000000E+00
0.83380100000000E+00
0.83964000000000E+00
0.84553700000000E+00
0.85149400000000E+00
0.85751000000000E+00
0.86358600000000E+00
0.86972300000000E+00
0.87592100000000E+00
0.88218200000000E+00
0.88850500000000E+00
0.89489100000000E+00
0.90134100000000E+00
0.90785600000000E+00
0.91443500000000E+00
0.92108100000000E+00
0.92779300000000E+00
0.93457200000000E+00
0.94141900000000E+00
0.94833400000000E+00
0.95531800000000E+00
0.96237300000000E+00
0.96949800000000E+00
0.97669400000000E+00
0.98396200000000E+00
0.99130300000000E+00
0.99871700000000E+00
0.10062100000000E+01
0.10137700000000E+01
0.10214100000000E+01
0.10291200000000E+01
0.10369100000000E+01
0.10447800000000E+01
0.10527300000000E+01
0.10607600000000E+01
0.10688700000000E+01
0.10770600000000E+01
0.10853300000000E+01
0.10936900000000E+01
0.11021300000000E+01
0.11106500000000E+01
0.11192600000000E+01
0.11279500000000E+01
0.11367300000000E+01
0.11456000000000E+01
0.11545600000000E+01
0.11636000000000E+01
0.11727400000000E+01
0.11819700000000E+01
0.11912900000000E+01
0.12007000000000E+01
0.12102100000000E+01
0.12198100000000E+01
0.12295100000000E+01
0.12393100000000E+01
0.12492000000000E+01
0.12592000000000E+01
0.12692900000000E+01
0.12794800000000E+01
0.12897800000000E+01
0.13001800000000E+01
0.13106800000000E+01
0.13212900000000E+01
0.13320000000000E+01
0.13428200000000E+01
0.13537500000000E+01
0.13647900000000E+01
0.13759400000000E+01
0.13872000000000E+01
0.13985800000000E+01
0.14100600000000E+01
0.14216600000000E+01
0.14333800000000E+01
0.14452200000000E+01
0.14571700000000E+01
0.14692400000000E+01
0.14814400000000E+01
0.14937500000000E+01
0.15061900000000E+01
0.15187500000000E+01
0.15314400000000E+01
0.15442600000000E+01
0.15572000000000E+01
0.15702800000000E+01
0.15834800000000E+01
0.15968200000000E+01
0.16102800000000E+01
0.16238900000000E+01
0.16376300000000E+01
0.16515100000000E+01
0.16655200000000E+01
0.16796800000000E+01
0.16939800000000E+01
0.17084200000000E+01
0.17230000000000E+01
0.17377300000000E+01
0.17526100000000E+01
0.17676400000000E+01
0.17828200000000E+01
0.17981500000000E+01
0.18136300000000E+01
0.18292700000000E+01
0.18450600000000E+01
0.18610100000000E+01
0.18771200000000E+01
0.18934000000000E+01
0.19098300000000E+01
0.19264300000000E+01
0.19432000000000E+01
0.19601300000000E+01
0.19772300000000E+01
0.19945000000000E+01
0.20119500000000E+01
0.20295700000000E+01
0.20473700000000E+01
0.20653400000000E+01
0.20835000000000E+01
0.21018300000000E+01
0.21203500000000E+01
0.21390600000000E+01
0.21579500000000E+01
0.21770300000000E+01
0.21963000000000E+01
0.22157700000000E+01
0.22354200000000E+01
0.22552800000000E+01
0.22753300000000E+01
0.22955900000000E+01
0.23160500000000E+01
0.23367100000000E+01
0.23575800000000E+01
0.23786500000000E+01
0.23999400000000E+01
0.24214400000000E+01
0.24431600000000E+01
0.24650900000000E+01
0.24872400000000E+01
0.25096100000000E+01
0.25322100000000E+01
0.25550300000000E+01
0.25780900000000E+01
0.26013700000000E+01
0.26248800000000E+01
0.26486300000000E+01
0.26726200000000E+01
0.26968500000000E+01
0.27213200000000E+01
0.27460300000000E+01
0.27709900000000E+01
0.27962000000000E+01
0.28216700000000E+01
0.28473900000000E+01
0.28733600000000E+01
0.28995900000000E+01
0.29260900000000E+01
0.29528500000000E+01
0.29798800000000E+01
0.30071800000000E+01
0.30347600000000E+01
0.30626100000000E+01
0.30907300000000E+01
0.31191400000000E+01
0.31478300000000E+01
0.31768100000000E+01
0.32060800000000E+01
0.32356400000000E+01
0.32655000000000E+01
0.32956600000000E+01
0.33261200000000E+01
0.33568800000000E+01
0.33879500000000E+01
0.34193300000000E+01
0.34510200000000E+01
0.34830300000000E+01
0.35153700000000E+01
0.35480200000000E+01
0.35810000000000E+01
0.36143100000000E+01
0.36479600000000E+01
0.36819400000000E+01
0.37162600000000E+01
0.37509200000000E+01
0.37859300000000E+01
0.38212900000000E+01
0.38570100000000E+01
0.38930800000000E+01
0.39295100000000E+01
0.39663100000000E+01
0.40034700000000E+01
0.40410100000000E+01
0.40789200000000E+01
0.41172100000000E+01
0.41558800000000E+01
0.41949400000000E+01
0.42343900000000E+01
0.42742400000000E+01
0.43144800000000E+01
0.43551300000000E+01
0.43961800000000E+01
0.44376400000000E+01
0.44795200000000E+01
0.45218200000000E+01
0.45645300000000E+01
0.46076800000000E+01
0.46512600000000E+01
0.46952700000000E+01
0.47397300000000E+01
0.47846300000000E+01
0.48299700000000E+01
0.48757700000000E+01
0.49220300000000E+01
0.49687500000000E+01
0.50159400000000E+01
