661
0.00000000000000E+00
0.42424242424242E-03
0.84848484848485E-03
0.12727272727273E-02
0.16969696969697E-02
0.21212121212121E-02
0.25454545454545E-02
0.29696969696970E-02
0.33939393939394E-02
0.38181818181818E-02
0.42424242424242E-02
0.46666666666667E-02
0.50909090909091E-02
0.55151515151515E-02
0.59393939393939E-02
0.63636363636364E-02
0.67878787878788E-02
0.72121212121212E-02
0.76260162601626E-02
0.80298163070323E-02
0.84237675722709E-02
0.88081102700648E-02
0.91830787557173E-02
0.95489016685490E-02
0.99058020713117E-02
0.10253997586202E-01
0.10593700527559E-01
0.10925118031321E-01
0.11248452181333E-01
0.11563900132564E-01
0.11871654231327E-01
0.12171902132558E-01
0.12464826914248E-01
0.12750607189066E-01
0.13029417213280E-01
0.13301426993000E-01
0.13566802387850E-01
0.13825705212093E-01
0.14078293333305E-01
0.14324720768635E-01
0.14565137778713E-01
0.14799690959276E-01
0.15028523330558E-01
0.15251774424491E-01
0.15469580369791E-01
0.15682073974963E-01
0.15889384809276E-01
0.16091639281777E-01
0.16288960718364E-01
0.16481469436985E-01
0.16669282821005E-01
0.16852515390781E-01
0.17031278873489E-01
0.17205682271253E-01
0.17375831927609E-01
0.17541831592345E-01
0.17703782484771E-01
0.17861783355431E-01
0.18015930546319E-01
0.18166318049624E-01
0.18313037565043E-01
0.18456178555696E-01
0.18595828302675E-01
0.18732071958263E-01
0.18864992597862E-01
0.18994671270642E-01
0.19121187048963E-01
0.19244617076594E-01
0.19365036615746E-01
0.19482519092967E-01
0.19597136143914E-01
0.19708957657034E-01
0.19818051816175E-01
0.19924485142166E-01
0.20028322533377E-01
0.20129627305291E-01
0.20228461229108E-01
0.20324884569418E-01
0.20418956120940E-01
0.20510733244376E-01
0.20600271901387E-01
0.20687626688715E-01
0.20772850871473E-01
0.20855996415628E-01
0.20937114019681E-01
0.21016253145587E-01
0.21093462048910E-01
0.21168787808249E-01
0.21242276353946E-01
0.21313972496089E-01
0.21383919951839E-01
0.21452161372082E-01
0.21518738367442E-01
0.21583691533646E-01
0.21647060476284E-01
0.21708883834956E-01
0.21769199306831E-01
0.21828043669635E-01
0.21885452804079E-01
0.21941461715731E-01
0.21996104556367E-01
0.22049414644793E-01
0.22101424487159E-01
0.22152165796785E-01
0.22201669513493E-01
0.22249965822477E-01
0.22297084172704E-01
0.22343053294878E-01
0.22387901218950E-01
0.22431655291215E-01
0.22474342190986E-01
0.22515987946860E-01
0.22556617952590E-01
0.22596256982571E-01
0.22634929206943E-01
0.22672658206330E-01
0.22709466986220E-01
0.22745377990991E-01
0.22780413117597E-01
0.22814593728919E-01
0.22847940666795E-01
0.22880474264722E-01
0.22912214360261E-01
0.22943180307128E-01
0.22973390986999E-01
0.23002864821019E-01
0.23031619781038E-01
0.23059673400570E-01
0.23087956228852E-01
0.23116239057135E-01
0.23144521885418E-01
0.23172804713701E-01
0.23201087541984E-01
0.23229370370267E-01
0.23257653198549E-01
0.23285936026832E-01
0.23314218855115E-01
0.23342501683398E-01
0.23370784511681E-01
0.23399067339963E-01
0.23427350168246E-01
0.23455632996529E-01
0.23483915824812E-01
0.23512198653095E-01
0.23540481481378E-01
0.23568764309660E-01
0.23597047137943E-01
0.23625329966226E-01
0.23653612794509E-01
0.23681895622792E-01
0.23710178451075E-01
0.23738461279357E-01
0.23766744107640E-01
0.23795026935923E-01
0.23823309764206E-01
0.23851592592489E-01
0.23879875420771E-01
0.23908158249054E-01
0.23936441077337E-01
0.23964723905620E-01
0.23993006733903E-01
0.24021289562186E-01
0.24049572390468E-01
0.24077855218751E-01
0.24106138047034E-01
0.24134420875317E-01
0.24162703703600E-01
0.24190986531883E-01
0.24219269360165E-01
0.24247552188448E-01
0.24275835016731E-01
0.24304117845014E-01
0.24332400673297E-01
0.24360683501580E-01
0.24388966329862E-01
0.24417249158145E-01
0.24445531986428E-01
0.24473814814711E-01
0.24502097642994E-01
0.24530380471277E-01
0.24558663299559E-01
0.24586946127842E-01
0.24615228956125E-01
0.24643511784408E-01
0.24671794612691E-01
0.24700077440974E-01
0.24728360269256E-01
0.24756643097539E-01
0.24784925925822E-01
0.24813208754105E-01
0.24841491582388E-01
0.24869774410670E-01
0.24898057238953E-01
0.24926340067236E-01
0.24954622895519E-01
0.24982905723802E-01
0.25011188552085E-01
0.25039471380367E-01
0.25067754208650E-01
0.25096037036933E-01
0.25124319865216E-01
0.25152602693499E-01
0.25180885521782E-01
0.25209168350064E-01
0.25237451178347E-01
0.25265734006630E-01
0.25294016834913E-01
0.25322299663196E-01
0.25350582491479E-01
0.25378865319761E-01
0.25407148148044E-01
0.25435430976327E-01
0.25463713804610E-01
0.25491996632893E-01
0.25520279461176E-01
0.25548562289458E-01
0.25576845117741E-01
0.25605127946024E-01
0.25633410774307E-01
0.25661693602590E-01
0.25689976430873E-01
0.25718259259155E-01
0.25746542087438E-01
0.25774824915721E-01
0.25803107744004E-01
0.25831390572287E-01
0.25859673400570E-01
0.25887956228852E-01
0.25916239057135E-01
0.25944521885418E-01
0.25972804713701E-01
0.26001087541984E-01
0.26029370370267E-01
0.26057653198549E-01
0.26085936026832E-01
0.26114218855115E-01
0.26142501683398E-01
0.26170784511681E-01
0.26199067339964E-01
0.26227350168246E-01
0.26255632996529E-01
0.26283915824812E-01
0.26312198653095E-01
0.26340481481378E-01
0.26368764309661E-01
0.26397047137943E-01
0.26425329966226E-01
0.26453612794509E-01
0.26481895622792E-01
0.26510178451075E-01
0.26538461279357E-01
0.26566744107640E-01
0.26595026935923E-01
0.26623309764206E-01
0.26651592592489E-01
0.26679875420772E-01
0.26708158249054E-01
0.26736441077337E-01
0.26764723905620E-01
0.26793006733903E-01
0.26821289562186E-01
0.26849572390468E-01
0.26877855218751E-01
0.26906138047034E-01
0.26934420875317E-01
0.26962703703600E-01
0.26990986531883E-01
0.27019269360166E-01
0.27047552188448E-01
0.27075835016731E-01
0.27104117845014E-01
0.27132400673297E-01
0.27160683501580E-01
0.27188966329863E-01
0.27217249158145E-01
0.27245531986428E-01
0.27273814814711E-01
0.27302097642994E-01
0.27330380471277E-01
0.27358663299560E-01
0.27386946127842E-01
0.27415228956125E-01
0.27443511784408E-01
0.27471794612691E-01
0.27500077440974E-01
0.27528360269256E-01
0.27556643097539E-01
0.27584925925822E-01
0.27613208754105E-01
0.27641491582388E-01
0.27669774410671E-01
0.27698057238953E-01
0.27726340067236E-01
0.27754622895519E-01
0.27782905723802E-01
0.27811188552085E-01
0.27839471380368E-01
0.27867754208650E-01
0.27896037036933E-01
0.27924319865216E-01
0.27952602693499E-01
0.27980885521782E-01
0.28009168350064E-01
0.28037451178347E-01
0.28065734006630E-01
0.28094016834913E-01
0.28122299663196E-01
0.28150582491479E-01
0.28178865319761E-01
0.28207148148044E-01
0.28235430976327E-01
0.28263713804610E-01
0.28291996632893E-01
0.28320279461176E-01
0.28348562289458E-01
0.28376845117741E-01
0.28405127946024E-01
0.28433410774307E-01
0.28461693602590E-01
0.28489976430873E-01
0.28518259259155E-01
0.28546542087438E-01
0.28574824915721E-01
0.28603107744004E-01
0.28631390572287E-01
0.28659673400570E-01
0.28687956228852E-01
0.28716239057135E-01
0.28744521885418E-01
0.28772804713701E-01
0.28801087541984E-01
0.28829370370267E-01
0.28857653198549E-01
0.28885936026832E-01
0.28914218855115E-01
0.28942501683398E-01
0.28970784511681E-01
0.28999067339964E-01
0.29027350168246E-01
0.29055632996529E-01
0.29083915824812E-01
0.29112198653095E-01
0.29140481481378E-01
0.29168764309660E-01
0.29197047137943E-01
0.29225329966226E-01
0.29253612794509E-01
0.29281895622792E-01
0.29310178451075E-01
0.29338461279357E-01
0.29366744107640E-01
0.29395026935923E-01
0.29423309764206E-01
0.29451592592489E-01
0.29479875420772E-01
0.29508158249054E-01
0.29536441077337E-01
0.29564723905620E-01
0.29593006733903E-01
0.29621289562186E-01
0.29649572390469E-01
0.29677855218751E-01
0.29706138047034E-01
0.29734420875317E-01
0.29762703703600E-01
0.29790986531883E-01
0.29819269360166E-01
0.29847552188448E-01
0.29875835016731E-01
0.29904117845014E-01
0.29932400673297E-01
0.29960683501580E-01
0.29988966329863E-01
0.30017249158145E-01
0.30045531986428E-01
0.30073814814711E-01
0.30102097642994E-01
0.30130380471277E-01
0.30158663299560E-01
0.30186946127842E-01
0.30215228956125E-01
0.30243511784408E-01
0.30271794612691E-01
0.30300077440974E-01
0.30328360269257E-01
0.30356643097539E-01
0.30384925925822E-01
0.30413208754105E-01
0.30441491582388E-01
0.30469774410671E-01
0.30498057238954E-01
0.30526340067236E-01
0.30554622895519E-01
0.30582905723802E-01
0.30611188552085E-01
0.30639471380368E-01
0.30667754208650E-01
0.30696037036933E-01
0.30724319865216E-01
0.30752602693499E-01
0.30780885521782E-01
0.30809168350065E-01
0.30837451178347E-01
0.30865734006630E-01
0.30894016834913E-01
0.30922299663196E-01
0.30950582491479E-01
0.30978865319761E-01
0.31007148148044E-01
0.31035430976327E-01
0.31063713804610E-01
0.31091996632893E-01
0.31120279461176E-01
0.31148562289459E-01
0.31176845117741E-01
0.31205127946024E-01
0.31233410774307E-01
0.31261693602590E-01
0.31289976430873E-01
0.31318259259155E-01
0.31346542087438E-01
0.31374824915721E-01
0.31403107744004E-01
0.31431390572287E-01
0.31459673400570E-01
0.31487956228852E-01
0.31516239057135E-01
0.31544521885418E-01
0.31572804713701E-01
0.31601087541984E-01
0.31629370370267E-01
0.31657653198549E-01
0.31685936026832E-01
0.31714218855115E-01
0.31742501683398E-01
0.31770784511681E-01
0.31799067339964E-01
0.31827350168246E-01
0.31855632996529E-01
0.31883915824812E-01
0.31912198653095E-01
0.31940481481378E-01
0.31968764309661E-01
0.31997047137943E-01
0.32025329966226E-01
0.32053612794509E-01
0.32081895622792E-01
0.32110178451075E-01
0.32138461279358E-01
0.32166744107640E-01
0.32195026935923E-01
0.32223309764206E-01
0.32251592592489E-01
0.32279875420772E-01
0.32308158249055E-01
0.32336441077337E-01
0.32364723905620E-01
0.32393006733903E-01
0.32421289562186E-01
0.32449572390469E-01
0.32477855218752E-01
0.32506138047034E-01
0.32534420875317E-01
0.32562703703600E-01
0.32590986531883E-01
0.32619269360166E-01
0.32647552188448E-01
0.32675835016731E-01
0.32704117845014E-01
0.32732400673297E-01
0.32760683501580E-01
0.32788966329863E-01
0.32817249158145E-01
0.32845531986428E-01
0.32873814814711E-01
0.32902097642994E-01
0.32930380471277E-01
0.32958663299560E-01
0.32986946127842E-01
0.33015228956125E-01
0.33043511784408E-01
0.33071794612691E-01
0.33100077440974E-01
0.33128360269257E-01
0.33156643097539E-01
0.33184925925822E-01
0.33213208754105E-01
0.33241491582388E-01
0.33269774410671E-01
0.33298057238954E-01
0.33326340067236E-01
0.33354622895519E-01
0.33382905723802E-01
0.33411188552085E-01
0.33439471380368E-01
0.33467754208651E-01
0.33496037036933E-01
0.33524319865216E-01
0.33552602693499E-01
0.33580885521782E-01
0.33609168350065E-01
0.33637451178347E-01
0.33665734006630E-01
0.33694016834913E-01
0.33722299663196E-01
0.33750582491479E-01
0.33778865319762E-01
0.33807148148044E-01
0.33835430976327E-01
0.33863713804610E-01
0.33891996632893E-01
0.33920279461176E-01
0.33948562289459E-01
0.33976845117741E-01
0.34005127946024E-01
0.34033410774307E-01
0.34061693602590E-01
0.34089976430873E-01
0.34118259259156E-01
0.34146542087438E-01
0.34174824915721E-01
0.34203107744004E-01
0.34231390572287E-01
0.34259673400570E-01
0.34287956228853E-01
0.34316239057135E-01
0.34344521885418E-01
0.34372804713701E-01
0.34401087541984E-01
0.34429370370267E-01
0.34457653198550E-01
0.34485936026832E-01
0.34514218855115E-01
0.34542501683398E-01
0.34570784511681E-01
0.34599067339964E-01
0.34627350168247E-01
0.34655632996529E-01
0.34683915824812E-01
0.34712198653095E-01
0.34740481481378E-01
0.34768764309661E-01
0.34797047137943E-01
0.34825329966226E-01
0.34853612794509E-01
0.34881895622792E-01
0.34910178451075E-01
0.34938461279358E-01
0.34966744107640E-01
0.34995026935923E-01
0.35023309764206E-01
0.35051592592489E-01
0.35079875420772E-01
0.35108158249054E-01
0.35136441077337E-01
0.35164723905620E-01
0.35193006733903E-01
0.35221289562186E-01
0.35249572390469E-01
0.35277855218751E-01
0.35306138047034E-01
0.35334420875317E-01
0.35362703703600E-01
0.35390986531883E-01
0.35419269360166E-01
0.35447552188449E-01
0.35475835016731E-01
0.35504117845014E-01
0.35532400673297E-01
0.35560683501580E-01
0.35588966329863E-01
0.35617249158146E-01
0.35645531986428E-01
0.35673814814711E-01
0.35702097642994E-01
0.35730380471277E-01
0.35758663299560E-01
0.35786946127842E-01
0.35815228956125E-01
0.35843511784408E-01
0.35871794612691E-01
0.35900077440974E-01
0.35928360269257E-01
0.35956643097539E-01
0.35984925925822E-01
0.36013208754105E-01
0.36041491582388E-01
0.36069774410671E-01
0.36098057238953E-01
0.36126340067236E-01
0.36154622895519E-01
0.36182905723802E-01
0.36211188552085E-01
0.36239471380368E-01
0.36267754208650E-01
0.36296037036933E-01
0.36324319865216E-01
0.36352602693499E-01
0.36380885521782E-01
0.36409168350065E-01
0.36437451178347E-01
0.36465734006630E-01
0.36494016834913E-01
0.36522299663196E-01
0.36550582491479E-01
0.36578865319762E-01
0.36607148148044E-01
0.36635430976327E-01
0.36663713804610E-01
0.36691996632893E-01
0.36720279461176E-01
0.36748562289459E-01
0.36776845117741E-01
0.36805127946024E-01
0.36833410774307E-01
0.36861693602590E-01
0.36889976430873E-01
0.36918259259156E-01
0.36946542087438E-01
0.36974824915721E-01
0.37003107744004E-01
0.37031390572287E-01
0.37059673400570E-01
0.37087956228853E-01
0.37116239057135E-01
0.37144521885418E-01
0.37172804713701E-01
0.37201087541984E-01
0.37229370370267E-01
0.37257653198549E-01
0.37285936026832E-01
0.37314501683398E-01
0.37372492822792E-01
0.37432241151701E-01
0.37494415502354E-01
0.37559761369749E-01
0.37629127324747E-01
0.37703497017333E-01
0.37784028737646E-01
0.37872105094136E-01
0.37969396186240E-01
0.38077940778113E-01
0.38200251541121E-01
0.38339452598626E-01
0.38499460624682E-01
0.38685224975544E-01
0.38897346187665E-01
0.39109467399786E-01
0.39321588611908E-01
0.39533709824029E-01
0.39745831036150E-01
0.39957952248271E-01
0.40170073460393E-01
0.40382194672514E-01
0.40594315884635E-01
0.40806437096756E-01
0.41018558308877E-01
0.41230679520999E-01
0.41442800733120E-01
0.41654921945241E-01
0.41867043157362E-01
