201
0
0.00021
0.00042
0.00063
0.00084
0.00105
0.00126
0.00147
0.00168
0.00189
0.0021
0.00231
0.00252
0.00273
0.00294
0.00315
0.00336
0.00357
0.00378
0.00399
0.0042
0.00441
0.00462
0.00483
0.00504
0.00525
0.00546
0.00567
0.00588
0.00609
0.0063
0.00651
0.00672
0.00693
0.00714
0.00735
0.00756
0.00777
0.00798
0.00819
0.0084
0.00861
0.00882
0.00903
0.00924
0.00945
0.00966
0.00987
0.01008
0.01029
0.0105
0.01071
0.01092
0.01113
0.01134
0.01155
0.01176
0.01197
0.01218
0.01239
0.0126
0.01281
0.01302
0.01323
0.01344
0.01365
0.01386
0.01407
0.01428
0.01449
0.0147
0.01491
0.01512
0.01533
0.01554
0.01575
0.01596
0.01617
0.01638
0.01659
0.0168
0.01701
0.01722
0.01743
0.01764
0.01785
0.01806
0.01827
0.01848
0.01869
0.0189
0.01911
0.01932
0.01953
0.01974
0.01995
0.02016
0.02037
0.02058
0.02079
0.021
0.02121
0.02142
0.02163
0.02184
0.02205
0.02226
0.02247
0.02268
0.02289
0.0231
0.02331
0.02352
0.02373
0.02394
0.02415
0.02436
0.02457
0.02478
0.02499
0.0252
0.02541
0.02562
0.02583
0.02604
0.02625
0.02646
0.02667
0.02688
0.02709
0.0273
0.02751
0.02772
0.02793
0.02814
0.02835
0.02856
0.02877
0.02898
0.02919
0.0294
0.02961
0.02982
0.03003
0.03024
0.03045
0.03066
0.03087
0.03108
0.03129
0.0315
0.03171
0.03192
0.03213
0.03234
0.03255
0.03276
0.03297
0.03318
0.03339
0.0336
0.03381
0.03402
0.03423
0.03444
0.03465
0.03486
0.03507
0.03528
0.03549
0.0357
0.03591
0.03612
0.03633
0.03654
0.03675
0.03696
0.03717
0.03738
0.03759
0.0378
0.03801
0.03822
0.03843
0.03864
0.03885
0.03906
0.03927
0.03948
0.03969
0.0399
0.04011
0.04032
0.04053
0.04074
0.04095
0.04116
0.04137
0.04158
0.04179
0.042
