-2.18706
-2.18757
-2.20808
-2.37674
-2.54547
-2.91726
-3.36133
-3.87
-4.49492
-5.1204
-5.88459
-6.6531
-7.48715
-8.36647
-9.26463
-10.2283
-11.194
-12.2162
-13.2519
-14.3202
-15.4281
-16.5447
-17.733
-18.9258
-20.1628
-21.4229
-22.7068
-24.0375
-25.3748
-26.7809
-28.1997
-29.6641
-31.1688
-32.6939
-34.2837
-35.8849
-37.5461
-39.2338
-40.9585
-42.7328
-44.5243
-46.3858
-48.2656
-50.1972
-52.168
-54.171
-56.2282
-58.3097
-60.4451
-62.6119
-64.8212
-67.0756
-69.3646
-71.7094
-74.0898
-76.523
-79.0015
-81.52
-84.0805
-86.6865
-89.3319
-92.0275
-94.7716
-97.5686
-100.419
-103.315
-106.274
-109.273
-112.335
-115.445
-118.599
-121.83
-125.097
-128.451
-131.85
-135.323
-138.865
-142.445
-146.133
-149.824
-153.624
-157.468
-161.373
-165.384
-169.396
-173.553
-177.704
-181.969
-186.293
-190.63
-195.138
-199.537
-204.124
-208.683
-213.317
-218.047
-222.664
-227.502
-232.112
-236.888
-241.6
-246.241
-251.045
-255.474
-260.146
-264.439
-268.742
-272.939
-276.722
-280.733
-283.826
-287.079
-289.701
-291.903
-293.909
-294.768
-295.683
-295.071
-294.094
-292.096
-288.78
-285.078
-278.815
-272.174
-263.138
-252.68
-240.67
-225.852
-210.303
-190.643
-169.933
-146.247
-120.053
-94.6892
-76.7096
-58.4931
-28.7138
4.46721
39.2972
75.6566
110.653
118.538
126.217
129.166
129.553
129.29
127.256
125.276
123.106
120.958
119.158
117.694
116.264
114.854
113.477
112.145
110.847
109.668
108.673
107.701
106.751
105.822
104.905
104.003
103.016
101.673
100.358
99.2765
98.258
97.2552
96.2665
95.2663
93.8799
92.5206
91.4978
90.632
89.7795
88.9363
88.1088
87.4997
86.917
86.4477
86.0711
85.6676
85.1045
84.5512
84.1558
83.8073
83.4616
83.1172
82.765
81.8597
80.97
79.9859
78.9578
78.3282
78.7752
79.2151
79.6105
79.9943
