    0.1309468166E-01     0.7792223890E-02     0.6285855762E-03     0.1565118536E-01     0.2535141608E-03     0.0000000000E+00     0.0000000000E+00     0.3617418142E+03
    0.1140270683E-01     0.6785384088E-02     0.5473655053E-03     0.1362888254E-01     0.2207573829E-03    -0.2892797083E-02     0.3932058164E+01     0.4084836283E+03
    0.9806950667E-02     0.5830268245E-02     0.4687094689E-03     0.1168764850E-01     0.1867246777E-03    -0.7457659478E-02     0.1077332217E+02     0.4754974172E+03
    0.8804302757E-02     0.5227585425E-02     0.4180833688E-03     0.1045187993E-01     0.1638606228E-03    -0.1142685043E-01     0.1702269393E+02     0.5304650995E+03
    0.8085423872E-02     0.4794046208E-02     0.3810374337E-03     0.9557094678E-02     0.1466871446E-03    -0.1553052856E-01     0.2288979002E+02     0.5786152278E+03
    0.7533079449E-02     0.4460057634E-02     0.3520545634E-03     0.8864217660E-02     0.1330250470E-03    -0.2011587690E-01     0.2846021475E+02     0.6221446260E+03
    0.7087163164E-02     0.4189787468E-02     0.3282645123E-03     0.8301051007E-02     0.1216898986E-03    -0.2536192418E-01     0.3381814323E+02     0.6624945613E+03
    0.6716201086E-02     0.3964485636E-02     0.3081687677E-03     0.7829844386E-02     0.1120558551E-03    -0.3133745374E-01     0.3899516950E+02     0.7003746312E+03
    0.6400581706E-02     0.3772446241E-02     0.2908263103E-03     0.7426935138E-02     0.1037197028E-03    -0.3807627481E-01     0.4401559260E+02     0.7362684148E+03
    0.6127226858E-02     0.3605847931E-02     0.2756040712E-03     0.7076449638E-02     0.9640376468E-04    -0.4559921416E-01     0.4890042213E+02     0.7705342453E+03
    0.5887252358E-02     0.3459370833E-02     0.2620701859E-03     0.6767562127E-02     0.8991516326E-04    -0.5391481736E-01     0.5366317154E+02     0.8034147773E+03
    0.5674202247E-02     0.3329143043E-02     0.2499086170E-03     0.6492367499E-02     0.8410998665E-04    -0.6302874213E-01     0.5831568598E+02     0.8351010728E+03
    0.5483235476E-02     0.3212256627E-02     0.2388804926E-03     0.6244909218E-02     0.7887753863E-04    -0.7294730019E-01     0.6286890517E+02     0.8657500038E+03
    0.5310748146E-02     0.3106545074E-02     0.2288077687E-03     0.6020741132E-02     0.7413397359E-04    -0.8367097496E-01     0.6732995918E+02     0.8954734274E+03
    0.5153858939E-02     0.3010273473E-02     0.2195467631E-03     0.5816290952E-02     0.6981056227E-04    -0.9520392133E-01     0.7170686231E+02     0.9243751579E+03
    0.5010288739E-02     0.2922068054E-02     0.2109832789E-03     0.5628723354E-02     0.6585189747E-04    -0.1075493720E+00     0.7600656998E+02     0.9525414093E+03
    0.4878264087E-02     0.2840859511E-02     0.2030286798E-03     0.5455828823E-02     0.6221424868E-04    -0.1207026957E+00     0.8023325248E+02     0.9800323232E+03
    0.4756280565E-02     0.2765739349E-02     0.1956069827E-03     0.5295724295E-02     0.5885970116E-04    -0.1346586850E+00     0.8439234982E+02     0.1006910399E+04
    0.4642678098E-02     0.2695708606E-02     0.1886318119E-03     0.5146305332E-02     0.5574416089E-04    -0.1494689769E+00     0.8850395141E+02     0.1033328539E+04
    0.4536429242E-02     0.2630147416E-02     0.1820511292E-03     0.5006278241E-02     0.5284087730E-04    -0.1651425801E+00     0.9257463704E+02     0.1059347028E+04
    0.4436767443E-02     0.2568591564E-02     0.1758264546E-03     0.4874679758E-02     0.5012996018E-04    -0.1816791820E+00     0.9660666623E+02     0.1084995216E+04
    0.4343016119E-02     0.2510630800E-02     0.1699235002E-03     0.4750656409E-02     0.4759355342E-04    -0.1990863277E+00     0.1006029340E+03     0.1110304339E+04
    0.4254612016E-02     0.2455923576E-02     0.1643138811E-03     0.4633497177E-02     0.4521658197E-04    -0.2173702405E+00     0.1045652457E+03     0.1135296915E+04
    0.4171066044E-02     0.2404173175E-02     0.1589729282E-03     0.4522583483E-02     0.4298574966E-04    -0.2365377005E+00     0.1084952159E+03     0.1159992823E+04
    0.4091934036E-02     0.2355109756E-02     0.1538779503E-03     0.4417351329E-02     0.4088882650E-04    -0.2566001729E+00     0.1123951576E+03     0.1184415084E+04
    0.4016843018E-02     0.2308506825E-02     0.1490100792E-03     0.4317327214E-02     0.3891538405E-04    -0.2775653233E+00     0.1162663825E+03     0.1208579390E+04
    0.3945463460E-02     0.2264164182E-02     0.1443526158E-03     0.4222092057E-02     0.3705608040E-04    -0.2994410237E+00     0.1201100904E+03     0.1232499870E+04
    0.3877489103E-02     0.2221895506E-02     0.1398898081E-03     0.4131254876E-02     0.3530215755E-04    -0.3222395463E+00     0.1239281704E+03     0.1256194191E+04
    0.3812674392E-02     0.2181551697E-02     0.1356093742E-03     0.4044503212E-02     0.3364642946E-04    -0.3459646069E+00     0.1277208309E+03     0.1279668941E+04
    0.3750773684E-02     0.2142983211E-02     0.1314986189E-03     0.3961522526E-02     0.3208170451E-04    -0.3706286834E+00     0.1314897552E+03     0.1302939310E+04
    0.3691567196E-02     0.2106056151E-02     0.1275461266E-03     0.3882030801E-02     0.3060149764E-04    -0.3962452642E+00     0.1352365545E+03     0.1326019528E+04
    0.3634891837E-02     0.2070671679E-02     0.1237439461E-03     0.3805820687E-02     0.2920076395E-04    -0.4228123968E+00     0.1389604547E+03     0.1348908727E+04
    0.3580555138E-02     0.2036712325E-02     0.1200818523E-03     0.3732643964E-02     0.2787376547E-04    -0.4503487974E+00     0.1426636716E+03     0.1371624078E+04
    0.3528394637E-02     0.2004079030E-02     0.1165513326E-03     0.3662291361E-02     0.2661557043E-04    -0.4788685454E+00     0.1463475777E+03     0.1394177214E+04
    0.3478282940E-02     0.1972694447E-02     0.1131460102E-03     0.3594599889E-02     0.2542213891E-04    -0.5083745839E+00     0.1500120030E+03     0.1416570039E+04
    0.3430093535E-02     0.1942481574E-02     0.1098593504E-03     0.3529406826E-02     0.2428949506E-04    -0.5388756511E+00     0.1536574914E+03     0.1438808600E+04
    0.3383701852E-02     0.1913364418E-02     0.1066847481E-03     0.3466551210E-02     0.2321376346E-04    -0.5703862602E+00     0.1572852499E+03     0.1460902766E+04
    0.3338994427E-02     0.1885273743E-02     0.1036161650E-03     0.3405886265E-02     0.2219139171E-04    -0.6029212137E+00     0.1608964232E+03     0.1482861809E+04
    0.3295883922E-02     0.1858156560E-02     0.1006491921E-03     0.3347299976E-02     0.2121947879E-04    -0.6364833555E+00     0.1644907158E+03     0.1504686073E+04
    0.3254281363E-02     0.1831958723E-02     0.9777916740E-04     0.3290677588E-02     0.2029512766E-04    -0.6710815021E+00     0.1680685089E+03     0.1526379872E+04
    0.3214097121E-02     0.1806625512E-02     0.9500124079E-04     0.3235902826E-02     0.1941548386E-04    -0.7067312523E+00     0.1716308380E+03     0.1547951349E+04
    0.3175248960E-02     0.1782106727E-02     0.9231094840E-04     0.3182868958E-02     0.1857791201E-04    -0.7434481669E+00     0.1751786773E+03     0.1569408133E+04
    0.3137668100E-02     0.1758360513E-02     0.8970464077E-04     0.3131487093E-02     0.1778012276E-04    -0.7812415102E+00     0.1787123016E+03     0.1590753507E+04
    0.3101297246E-02     0.1735352186E-02     0.8717936858E-04     0.3081683710E-02     0.1702011043E-04    -0.8201136190E+00     0.1822313105E+03     0.1611986584E+04
    0.3066069828E-02     0.1713041096E-02     0.8473144426E-04     0.3033372216E-02     0.1629571784E-04    -0.8600808007E+00     0.1857365982E+03     0.1633114205E+04
    0.3031924360E-02     0.1691389685E-02     0.8235744358E-04     0.2986472555E-02     0.1560494582E-04    -0.9011595663E+00     0.1892290178E+03     0.1654142873E+04
    0.2998815695E-02     0.1670370668E-02     0.8005500129E-04     0.2940926799E-02     0.1494616963E-04    -0.9433521523E+00     0.1927081261E+03     0.1675071209E+04
    0.2966689806E-02     0.1649951054E-02     0.7782106614E-04     0.2896664578E-02     0.1431762291E-04    -0.9866753746E+00     0.1961747245E+03     0.1695905256E+04
    0.2935496598E-02     0.1630100232E-02     0.7565278802E-04     0.2853620524E-02     0.1371766603E-04    -0.1031146617E+01     0.1996295882E+03     0.1716650837E+04
    0.2905194776E-02     0.1610793128E-02     0.7354787473E-04     0.2811741219E-02     0.1314486712E-04    -0.1076775230E+01     0.2030728368E+03     0.1737309771E+04
    0.2875745563E-02     0.1592006189E-02     0.7150415002E-04     0.2770976439E-02     0.1259787896E-04    -0.1123571138E+01     0.2065045890E+03     0.1757883827E+04
    0.2847112478E-02     0.1573717278E-02     0.6951954963E-04     0.2731278983E-02     0.1207542853E-04    -0.1171543918E+01     0.2099249456E+03     0.1778374622E+04
    0.2819261187E-02     0.1555905549E-02     0.6759210814E-04     0.2692604367E-02     0.1157631648E-04    -0.1220703702E+01     0.2133340073E+03     0.1798783735E+04
    0.2792154743E-02     0.1538548443E-02     0.6571964053E-04     0.2654904347E-02     0.1109932766E-04    -0.1271068314E+01     0.2167324375E+03     0.1819116066E+04
    0.2765758673E-02     0.1521624888E-02     0.6390009112E-04     0.2618133812E-02     0.1064332881E-04    -0.1322656081E+01     0.2201208793E+03     0.1839376361E+04
    0.2740049252E-02     0.1505120670E-02     0.6213211396E-04     0.2582262527E-02     0.1020740047E-04    -0.1375468263E+01     0.2234988005E+03     0.1859562301E+04
    0.2714995438E-02     0.1489016827E-02     0.6041382496E-04     0.2547249893E-02     0.9790524430E-05    -0.1429523503E+01     0.2268668125E+03     0.1879678374E+04
    0.2690572202E-02     0.1473298195E-02     0.5874372121E-04     0.2513063500E-02     0.9391812726E-05    -0.1484831582E+01     0.2302249464E+03     0.1899725574E+04
    0.2666755752E-02     0.1457950380E-02     0.5712036042E-04     0.2479672602E-02     0.9010421259E-05    -0.1541401641E+01     0.2335732217E+03     0.1919704798E+04
    0.2643519824E-02     0.1442957330E-02     0.5554210367E-04     0.2447042790E-02     0.8645492391E-05    -0.1599251794E+01     0.2369122037E+03     0.1939620180E+04
    0.2620839760E-02     0.1428303987E-02     0.5400740160E-04     0.2415141772E-02     0.8296220035E-05    -0.1658398075E+01     0.2402424281E+03     0.1959475646E+04
    0.2598699454E-02     0.1413980758E-02     0.5251526133E-04     0.2383949114E-02     0.7961953585E-05    -0.1718836078E+01     0.2435633432E+03     0.1979268626E+04
    0.2577076513E-02     0.1399973972E-02     0.5106424459E-04     0.2353435486E-02     0.7641963263E-05    -0.1780573747E+01     0.2468754612E+03     0.1999002863E+04
    0.2555937812E-02     0.1386262807E-02     0.4965211887E-04     0.2323555655E-02     0.7335369089E-05    -0.1843658233E+01     0.2501811333E+03     0.2018693609E+04
    0.2535248864E-02     0.1372825519E-02     0.4827656352E-04     0.2294262417E-02     0.7041300702E-05    -0.1908149250E+01     0.2534831857E+03     0.2038359011E+04
    0.2514992518E-02     0.1359651648E-02     0.4693647905E-04     0.2265533370E-02     0.6759192823E-05    -0.1974055606E+01     0.2567820613E+03     0.2058002338E+04
    0.2495155437E-02     0.1346733224E-02     0.4563101331E-04     0.2237351588E-02     0.6488548520E-05    -0.2041382208E+01     0.2600776635E+03     0.2077623622E+04
    0.2475722070E-02     0.1334060768E-02     0.4435914786E-04     0.2209696754E-02     0.6228855943E-05    -0.2110149180E+01     0.2633704096E+03     0.2097225952E+04
    0.2456680489E-02     0.1321627153E-02     0.4312009508E-04     0.2182553710E-02     0.5979666163E-05    -0.2180367615E+01     0.2666601910E+03     0.2116809274E+04
    0.2438019314E-02     0.1309425574E-02     0.4191308837E-04     0.2155907938E-02     0.5740550495E-05    -0.2252049992E+01     0.2699469034E+03     0.2136373555E+04
    0.2419727535E-02     0.1297449461E-02     0.4073737703E-04     0.2129745460E-02     0.5511096682E-05    -0.2325208952E+01     0.2732304377E+03     0.2155918723E+04
    0.2401791976E-02     0.1285690788E-02     0.3959206059E-04     0.2104049068E-02     0.5290878451E-05    -0.2399868351E+01     0.2765111777E+03     0.2175447638E+04
    0.2384202687E-02     0.1274143625E-02     0.3847644009E-04     0.2078806134E-02     0.5079522297E-05    -0.2476041688E+01     0.2797890040E+03     0.2194960153E+04
    0.2366947604E-02     0.1262800628E-02     0.3738967401E-04     0.2054000918E-02     0.4876640497E-05    -0.2553752613E+01     0.2830642778E+03     0.2214458978E+04
    0.2350017677E-02     0.1251656412E-02     0.3633110900E-04     0.2029621954E-02     0.4681894011E-05    -0.2633014912E+01     0.2863368696E+03     0.2233943900E+04
    0.2333404184E-02     0.1240705798E-02     0.3530010381E-04     0.2005658219E-02     0.4494956343E-05    -0.2713843409E+01     0.2896066468E+03     0.2253414676E+04
    0.2317098791E-02     0.1229943824E-02     0.3429603225E-04     0.1982099130E-02     0.4315515203E-05    -0.2796251594E+01     0.2928734804E+03     0.2272871082E+04
    0.2301091096E-02     0.1219364169E-02     0.3331813974E-04     0.1958931144E-02     0.4143245311E-05    -0.2880262069E+01     0.2961377038E+03     0.2292315643E+04
    0.2285371179E-02     0.1208960795E-02     0.3236570365E-04     0.1936141331E-02     0.3977839303E-05    -0.2965901325E+01     0.2993996405E+03     0.2311750826E+04
    0.2269931820E-02     0.1198729434E-02     0.3143815833E-04     0.1913720607E-02     0.3819026215E-05    -0.3053186203E+01     0.3026591369E+03     0.2331176243E+04
    0.2254766140E-02     0.1188666005E-02     0.3053495062E-04     0.1891660255E-02     0.3666546570E-05    -0.3142128904E+01     0.3059160433E+03     0.2350591535E+04
    0.2239867209E-02     0.1178766425E-02     0.2965553193E-04     0.1869951635E-02     0.3520149666E-05    -0.3232742713E+01     0.3091702081E+03     0.2369996311E+04
    0.2225226584E-02     0.1169025547E-02     0.2879925154E-04     0.1848583677E-02     0.3379576587E-05    -0.3325054381E+01     0.3124219299E+03     0.2389392882E+04
    0.2210837992E-02     0.1159439675E-02     0.2796559334E-04     0.1827548542E-02     0.3244598858E-05    -0.3419077807E+01     0.3156710491E+03     0.2408780805E+04
    0.2196695470E-02     0.1150005291E-02     0.2715405125E-04     0.1806838739E-02     0.3114996908E-05    -0.3514827699E+01     0.3189174074E+03     0.2428159655E+04
    0.2182789428E-02     0.1140716458E-02     0.2636391593E-04     0.1786441487E-02     0.2990526266E-05    -0.3612342868E+01     0.3221617186E+03     0.2447534192E+04
    0.2169116459E-02     0.1131571306E-02     0.2559482369E-04     0.1766352849E-02     0.2871005076E-05    -0.3711622843E+01     0.3254033756E+03     0.2466901313E+04
    0.2155670782E-02     0.1122566473E-02     0.2484629545E-04     0.1746565818E-02     0.2756238431E-05    -0.3812687937E+01     0.3286422090E+03     0.2486260496E+04
    0.2142444251E-02     0.1113696845E-02     0.2411768482E-04     0.1727069200E-02     0.2646013135E-05    -0.3915581082E+01     0.3318789081E+03     0.2505616368E+04
    0.2129433542E-02     0.1104960637E-02     0.2340864269E-04     0.1707859359E-02     0.2540167277E-05    -0.4020296127E+01     0.3351128660E+03     0.2524965792E+04
    0.2116632218E-02     0.1096353934E-02     0.2271863966E-04     0.1688927897E-02     0.2438517301E-05    -0.4126859867E+01     0.3383443287E+03     0.2544310733E+04
    0.2104035786E-02     0.1087874103E-02     0.2204725198E-04     0.1670269209E-02     0.2340901228E-05    -0.4235284749E+01     0.3415731163E+03     0.2563650613E+04
    0.2091638054E-02     0.1079517398E-02     0.2139397559E-04     0.1651875330E-02     0.2247150401E-05    -0.4345601849E+01     0.3447994592E+03     0.2582987298E+04
    0.2079435000E-02     0.1071281457E-02     0.2075840969E-04     0.1633741196E-02     0.2157116636E-05    -0.4457831599E+01     0.3480231716E+03     0.2602320172E+04
    0.2067422498E-02     0.1063163881E-02     0.2014015441E-04     0.1615861740E-02     0.2070655966E-05    -0.4571988320E+01     0.3512440647E+03     0.2621648580E+04
    0.2055595162E-02     0.1055161383E-02     0.1953874478E-04     0.1598229890E-02     0.1987620455E-05    -0.4688099659E+01     0.3544623570E+03     0.2640974323E+04
    0.2043949164E-02     0.1047271741E-02     0.1895380082E-04     0.1580840961E-02     0.1907878161E-05    -0.4806179638E+01     0.3576778543E+03     0.2660296713E+04
    0.2032479475E-02     0.1039491889E-02     0.1838488078E-04     0.1563688356E-02     0.1831293116E-05    -0.4926256610E+01     0.3608907609E+03     0.2679617445E+04
    0.2021182600E-02     0.1031819798E-02     0.1783162378E-04     0.1546767784E-02     0.1757744354E-05    -0.5048343869E+01     0.3641008773E+03     0.2698935795E+04
    0.2010055135E-02     0.1024253493E-02     0.1729367394E-04     0.1530075060E-02     0.1687115262E-05    -0.5172454402E+01     0.3673080058E+03     0.2718251048E+04
    0.1999092450E-02     0.1016790152E-02     0.1677061810E-04     0.1513604135E-02     0.1619285357E-05    -0.5298614412E+01     0.3705123359E+03     0.2737564813E+04
    0.1988289919E-02     0.1009426979E-02     0.1626205594E-04     0.1497349066E-02     0.1554139766E-05    -0.5426858444E+01     0.3737140467E+03     0.2756878646E+04
    0.1977645922E-02     0.1002163158E-02     0.1576771854E-04     0.1481308176E-02     0.1491583672E-05    -0.5557195026E+01     0.3769125485E+03     0.2776189473E+04
    0.1967156415E-02     0.9949962084E-03     0.1528722094E-04     0.1465476073E-02     0.1431510370E-05    -0.5689645767E+01     0.3801080164E+03     0.2795498787E+04
    0.1956816942E-02     0.9879234510E-03     0.1482018808E-04     0.1449847142E-02     0.1373818115E-05    -0.5824242005E+01     0.3833006176E+03     0.2814808078E+04
    0.1946625261E-02     0.9809435612E-03     0.1436631422E-04     0.1434418429E-02     0.1318416331E-05    -0.5960995778E+01     0.3864901369E+03     0.2834116492E+04
    0.1936578161E-02     0.9740547246E-03     0.1392529121E-04     0.1419186278E-02     0.1265217235E-05    -0.6099922082E+01     0.3896763628E+03     0.2853423219E+04
    0.1926673247E-02     0.9672555458E-03     0.1349681980E-04     0.1404147677E-02     0.1214136399E-05    -0.6241050726E+01     0.3928590845E+03     0.2872727413E+04
    0.1916905968E-02     0.9605431382E-03     0.1308051230E-04     0.1389296307E-02     0.1165081625E-05    -0.6384421814E+01     0.3960388151E+03     0.2892032654E+04
    0.1907273799E-02     0.9539160634E-03     0.1267608646E-04     0.1374629190E-02     0.1117975965E-05    -0.6530043790E+01     0.3992153314E+03     0.2911338047E+04
    0.1897775440E-02     0.9473737002E-03     0.1228330725E-04     0.1360145107E-02     0.1072750012E-05    -0.6677918915E+01     0.4023880564E+03     0.2930640529E+04
    0.1888406819E-02     0.9409134415E-03     0.1190181419E-04     0.1345838298E-02     0.1029322028E-05    -0.6828080322E+01     0.4055574820E+03     0.2949943542E+04
    0.1879165238E-02     0.9345337782E-03     0.1153133955E-04     0.1331705763E-02     0.9876235049E-06    -0.6980541814E+01     0.4087233833E+03     0.2969246161E+04
    0.1870048714E-02     0.9282335668E-03     0.1117162167E-04     0.1317745052E-02     0.9475882719E-06    -0.7135335773E+01     0.4118855348E+03     0.2988547458E+04
    0.1861054098E-02     0.9220108900E-03     0.1082236556E-04     0.1303952085E-02     0.9091486397E-06    -0.7292509230E+01     0.4150440588E+03     0.3007848616E+04
    0.1852179938E-02     0.9158648773E-03     0.1048332393E-04     0.1290324852E-02     0.8722438865E-06    -0.7452072088E+01     0.4181987262E+03     0.3027148688E+04
    0.1843423096E-02     0.9097936369E-03     0.1015421443E-04     0.1276859386E-02     0.8368114645E-06    -0.7614037228E+01     0.4213496487E+03     0.3046448770E+04
    0.1834781739E-02     0.9037961192E-03     0.9834798354E-05     0.1263553473E-02     0.8027952292E-06    -0.7778414288E+01     0.4244965942E+03     0.3065747884E+04
    0.1826254089E-02     0.8978713031E-03     0.9524840574E-05     0.1250404953E-02     0.7701410084E-06    -0.7945208985E+01     0.4276393329E+03     0.3085045059E+04
    0.1817837057E-02     0.8920173457E-03     0.9224075895E-05     0.1237410026E-02     0.7387930884E-06    -0.8114462023E+01     0.4307779658E+03     0.3104341349E+04
    0.1809528230E-02     0.8862327481E-03     0.8932250790E-05     0.1224565419E-02     0.7086985414E-06    -0.8286228546E+01     0.4339125854E+03     0.3123637766E+04
    0.1801326222E-02     0.8805167015E-03     0.8649148460E-05     0.1211869354E-02     0.6798096725E-06    -0.8460527209E+01     0.4370429523E+03     0.3142933278E+04
    0.1793228545E-02     0.8748676864E-03     0.8374525902E-05     0.1199318591E-02     0.6520775072E-06    -0.8637383432E+01     0.4401691495E+03     0.3162228832E+04
    0.1785233950E-02     0.8692849675E-03     0.8108176370E-05     0.1186911491E-02     0.6254580892E-06    -0.8816794544E+01     0.4432909349E+03     0.3181523380E+04
    0.1777341179E-02     0.8637679761E-03     0.7849917569E-05     0.1174647123E-02     0.5999111252E-06    -0.8998755214E+01     0.4464077539E+03     0.3200813884E+04
    0.1769547389E-02     0.8583148641E-03     0.7599495864E-05     0.1162521391E-02     0.5753903671E-06    -0.9183327481E+01     0.4495200002E+03     0.3220103197E+04
    0.1761851237E-02     0.8529248582E-03     0.7356716326E-05     0.1150532644E-02     0.5518566616E-06    -0.9370524189E+01     0.4526274317E+03     0.3239390257E+04
    0.1754250492E-02     0.8475965981E-03     0.7121361917E-05     0.1138678003E-02     0.5292697224E-06    -0.9560375517E+01     0.4557301130E+03     0.3258675878E+04
    0.1746743215E-02     0.8423288686E-03     0.6893224812E-05     0.1126954808E-02     0.5075913609E-06    -0.9752911150E+01     0.4588281030E+03     0.3277960867E+04
    0.1739328799E-02     0.8371214292E-03     0.6672143787E-05     0.1115362647E-02     0.4867887384E-06    -0.9948121760E+01     0.4619208486E+03     0.3297242200E+04
    0.1732005319E-02     0.8319730786E-03     0.6457917653E-05     0.1103898911E-02     0.4668262082E-06    -0.1014603159E+02     0.4650084080E+03     0.3316520659E+04
    0.1724770285E-02     0.8268825096E-03     0.6250365992E-05     0.1092561329E-02     0.4476711032E-06    -0.1034671458E+02     0.4680905350E+03     0.3335795090E+04
    0.1717623894E-02     0.8218495527E-03     0.6049304613E-05     0.1081348709E-02     0.4292910379E-06    -0.1055021360E+02     0.4711672794E+03     0.3355066329E+04
    0.1710564467E-02     0.8168731435E-03     0.5854547993E-05     0.1070258702E-02     0.4116545541E-06    -0.1075644617E+02     0.4742386833E+03     0.3374334922E+04
    0.1703587871E-02     0.8119512068E-03     0.5665922934E-05     0.1059288095E-02     0.3947323482E-06    -0.1096547618E+02     0.4773044931E+03     0.3393599760E+04
    0.1696694687E-02     0.8070837723E-03     0.5483260461E-05     0.1048436029E-02     0.3784959059E-06    -0.1117742231E+02     0.4803647433E+03     0.3412861543E+04
    0.1689884756E-02     0.8022706642E-03     0.5306408125E-05     0.1037701797E-02     0.3629190483E-06    -0.1139220181E+02     0.4834191785E+03     0.3432119016E+04
    0.1683154877E-02     0.7975102613E-03     0.5135205931E-05     0.1027082831E-02     0.3479757823E-06    -0.1160980473E+02     0.4864675459E+03     0.3451371031E+04
    0.1676504417E-02     0.7928020216E-03     0.4969492225E-05     0.1016577560E-02     0.3336404833E-06    -0.1183030640E+02     0.4895098729E+03     0.3470618167E+04
    0.1669932423E-02     0.7881453974E-03     0.4809121396E-05     0.1006184831E-02     0.3198896256E-06    -0.1205370426E+02     0.4925459050E+03     0.3489859230E+04
    0.1663436956E-02     0.7835392375E-03     0.4653935401E-05     0.9959023302E-03     0.3066992569E-06    -0.1228003465E+02     0.4955756626E+03     0.3509094766E+04
    0.1657015216E-02     0.7789819944E-03     0.4503778856E-05     0.9857272735E-03     0.2940463312E-06    -0.1250943661E+02     0.4985991591E+03     0.3528325234E+04
    0.1650670147E-02     0.7744749635E-03     0.4358527462E-05     0.9756608898E-03     0.2819107267E-06    -0.1274187743E+02     0.5016161336E+03     0.3547549504E+04
    0.1644398102E-02     0.7700163389E-03     0.4218041243E-05     0.9657004788E-03     0.2702718672E-06    -0.1297725970E+02     0.5046263280E+03     0.3566766215E+04
    0.1638196847E-02     0.7656048527E-03     0.4082176552E-05     0.9558436647E-03     0.2591092958E-06    -0.1321572089E+02     0.5076297495E+03     0.3585975971E+04
    0.1632068784E-02     0.7612414089E-03     0.3950805610E-05     0.9460908062E-03     0.2484041703E-06    -0.1345721742E+02     0.5106263984E+03     0.3605179118E+04
    0.1626007891E-02     0.7569231120E-03     0.3823793256E-05     0.9364379178E-03     0.2381379275E-06    -0.1370177844E+02     0.5136160110E+03     0.3624374378E+04
    0.1620017133E-02     0.7526512607E-03     0.3701028551E-05     0.9268862353E-03     0.2282940128E-06    -0.1394951879E+02     0.5165983265E+03     0.3643560655E+04
    0.1614095756E-02     0.7484252882E-03     0.3582384663E-05     0.9174343079E-03     0.2188551620E-06    -0.1420030747E+02     0.5195733397E+03     0.3662738100E+04
    0.1608238331E-02     0.7442425921E-03     0.3467737115E-05     0.9080785750E-03     0.2098049438E-06    -0.1445425535E+02     0.5225407887E+03     0.3681905586E+04
    0.1602449229E-02     0.7401049919E-03     0.3356976742E-05     0.8988205476E-03     0.2011281075E-06    -0.1471142925E+02     0.5255006623E+03     0.3701063484E+04
    0.1596723834E-02     0.7360101485E-03     0.3249978909E-05     0.8896566697E-03     0.1928089476E-06    -0.1497176114E+02     0.5284529430E+03     0.3720212000E+04
    0.1591061530E-02     0.7319577026E-03     0.3146638228E-05     0.8805861762E-03     0.1848334762E-06    -0.1523537471E+02     0.5313973637E+03     0.3739349985E+04
    0.1585464777E-02     0.7279485868E-03     0.3046850357E-05     0.8716095036E-03     0.1771880084E-06    -0.1550217622E+02     0.5343339013E+03     0.3758477601E+04
    0.1579927202E-02     0.7239797963E-03     0.2950503797E-05     0.8627227196E-03     0.1698589722E-06    -0.1577218995E+02     0.5372622881E+03     0.3777593586E+04
    0.1574451770E-02     0.7200526148E-03     0.2857507214E-05     0.8539270366E-03     0.1628343158E-06    -0.1604557325E+02     0.5401822599E+03     0.3796696713E+04
    0.1569038103E-02     0.7161666743E-03     0.2767758230E-05     0.8452213505E-03     0.1561015487E-06    -0.1632222160E+02     0.5430937888E+03     0.3815787132E+04
    0.1563682752E-02     0.7123202096E-03     0.2681152358E-05     0.8366029292E-03     0.1496484251E-06    -0.1660214344E+02     0.5459968411E+03     0.3834865062E+04
    0.1558385589E-02     0.7085130907E-03     0.2597599869E-05     0.8280713206E-03     0.1434639822E-06    -0.1688545242E+02     0.5488911481E+03     0.3853929261E+04
    0.1553146742E-02     0.7047451923E-03     0.2517007598E-05     0.8196257545E-03     0.1375372407E-06    -0.1717217440E+02     0.5517766710E+03     0.3872979887E+04
    0.1547963383E-02     0.7010151581E-03     0.2439285925E-05     0.8112643564E-03     0.1318578427E-06    -0.1746239720E+02     0.5546531411E+03     0.3892015402E+04
    0.1542840833E-02     0.6973252170E-03     0.2364354488E-05     0.8029890955E-03     0.1264160809E-06    -0.1775595089E+02     0.5575205146E+03     0.3911036283E+04
    0.1537767672E-02     0.6936701315E-03     0.2292114993E-05     0.7947936424E-03     0.1212016883E-06    -0.1805295429E+02     0.5603785226E+03     0.3930040992E+04
    0.1532756589E-02     0.6900554555E-03     0.2222502409E-05     0.7866837847E-03     0.1162063002E-06    -0.1835335733E+02     0.5632271169E+03     0.3949029801E+04
    0.1527792872E-02     0.6864743838E-03     0.2155414094E-05     0.7786511617E-03     0.1114198498E-06    -0.1865712090E+02     0.5660662434E+03     0.3968002829E+04
    0.1522885914E-02     0.6829311798E-03     0.2090793235E-05     0.7707006641E-03     0.1068350812E-06    -0.1896445715E+02     0.5688954170E+03     0.3986957309E+04
    0.1518031719E-02     0.6794238723E-03     0.2028556578E-05     0.7628294730E-03     0.1024433921E-06    -0.1927517814E+02     0.5717145862E+03     0.4005893182E+04
    0.1513225706E-02     0.6759487832E-03     0.1968587845E-05     0.7550323075E-03     0.9823406844E-07    -0.1958961390E+02     0.5745252899E+03     0.4024821245E+04
    0.1508471546E-02     0.6725072053E-03     0.1910819345E-05     0.7473103266E-03     0.9419979686E-07    -0.1990766876E+02     0.5773275540E+03     0.4043742097E+04
    0.1503762418E-02     0.6690961619E-03     0.1855181931E-05     0.7396602933E-03     0.9033359075E-07    -0.2022934100E+02     0.5801208813E+03     0.4062652909E+04
    0.1499102481E-02     0.6657172828E-03     0.1801611066E-05     0.7320832421E-03     0.8662862694E-07    -0.2055480031E+02     0.5829053925E+03     0.4081555215E+04
    0.1494490697E-02     0.6623700731E-03     0.1750044739E-05     0.7245784154E-03     0.8307855370E-07    -0.2088384763E+02     0.5856807940E+03     0.4100447344E+04
    0.1489922454E-02     0.6590523663E-03     0.1700414865E-05     0.7171429693E-03     0.7967681525E-07    -0.2121663887E+02     0.5884469937E+03     0.4119329390E+04
    0.1485403073E-02     0.6557663957E-03     0.1652667004E-05     0.7097788734E-03     0.7641768155E-07    -0.2155317527E+02     0.5912038939E+03     0.4138201254E+04
    0.1480926981E-02     0.6525097619E-03     0.1606741540E-05     0.7024835982E-03     0.7329547160E-07    -0.2189338364E+02     0.5939510039E+03     0.4157060074E+04
    0.1476496436E-02     0.6492833396E-03     0.1562582959E-05     0.6952576279E-03     0.7030469429E-07    -0.2223742462E+02     0.5966882282E+03     0.4175905954E+04
    0.1472112280E-02     0.6460872885E-03     0.1520133190E-05     0.6881004079E-03     0.6743982740E-07    -0.2258513044E+02     0.5994156564E+03     0.4194739881E+04
    0.1467766349E-02     0.6429180869E-03     0.1479334644E-05     0.6810082681E-03     0.6469572830E-07    -0.2293674783E+02     0.6021328002E+03     0.4213559136E+04
    0.1463470419E-02     0.6397807807E-03     0.1440145753E-05     0.6739861209E-03     0.6206794201E-07    -0.2329224501E+02     0.6048395562E+03     0.4232363582E+04
    0.1459212286E-02     0.6366699115E-03     0.1402502739E-05     0.6670277550E-03     0.5955118986E-07    -0.2365152412E+02     0.6075358140E+03     0.4251153269E+04
    0.1454999938E-02     0.6335889430E-03     0.1366365209E-05     0.6601366392E-03     0.5714138181E-07    -0.2401471604E+02     0.6102212782E+03     0.4269926457E+04
    0.1450827690E-02     0.6305352820E-03     0.1331678796E-05     0.6533096292E-03     0.5483389616E-07    -0.2438172560E+02     0.6128958352E+03     0.4288683384E+04
    0.1446697089E-02     0.6275095756E-03     0.1298399304E-05     0.6465472288E-03     0.5262470989E-07    -0.2475268720E+02     0.6155591897E+03     0.4307422100E+04
    0.1442609135E-02     0.6245121445E-03     0.1266481212E-05     0.6398493431E-03     0.5050979694E-07    -0.2512749156E+02     0.6182112250E+03     0.4326142889E+04
    0.1438558222E-02     0.6215404543E-03     0.1235874567E-05     0.6332129658E-03     0.4848506624E-07    -0.2550629973E+02     0.6208518202E+03     0.4344845122E+04
    0.1434552754E-02     0.6185981092E-03     0.1206544690E-05     0.6266416045E-03     0.4654719131E-07    -0.2588896297E+02     0.6234806775E+03     0.4363527691E+04
    0.1430580195E-02     0.6156796731E-03     0.1178439910E-05     0.6201295722E-03     0.4469227270E-07    -0.2627561300E+02     0.6260975026E+03     0.4382188900E+04
    0.1426654613E-02     0.6127910205E-03     0.1151528884E-05     0.6136821682E-03     0.4291719096E-07    -0.2666621840E+02     0.6287023411E+03     0.4400829903E+04
    0.1422759485E-02     0.6099250217E-03     0.1125759607E-05     0.6072920743E-03     0.4121824330E-07    -0.2706081252E+02     0.6312948932E+03     0.4419449179E+04
    0.1418909989E-02     0.6070882411E-03     0.1101107875E-05     0.6009659105E-03     0.3959288850E-07    -0.2745949096E+02     0.6338746991E+03     0.4438044040E+04
    0.1415093494E-02     0.6042750857E-03     0.1077524146E-05     0.5946975004E-03     0.3803759649E-07    -0.2786214464E+02     0.6364417973E+03     0.4456615613E+04
    0.1411317403E-02     0.6014885476E-03     0.1054976121E-05     0.5884892085E-03     0.3654955952E-07    -0.2826897024E+02     0.6389962137E+03     0.4475164506E+04
    0.1407577250E-02     0.5987267697E-03     0.1033427167E-05     0.5823392753E-03     0.3512602530E-07    -0.2867978742E+02     0.6415374869E+03     0.4493688503E+04
    0.1403873340E-02     0.5959898576E-03     0.1012843746E-05     0.5762476519E-03     0.3376437399E-07    -0.2909476306E+02     0.6440653239E+03     0.4512185626E+04
    0.1400209142E-02     0.5932791824E-03     0.9931944107E-06     0.5702152849E-03     0.3246208561E-07    -0.2951371070E+02     0.6465795897E+03     0.4530656071E+04
    0.1396577882E-02     0.5905917732E-03     0.9744414109E-06     0.5642389453E-03     0.3121650586E-07    -0.2993663280E+02     0.6490801452E+03     0.4549099279E+04
    0.1392982104E-02     0.5879286164E-03     0.9565547539E-06     0.5583192325E-03     0.3002530986E-07    -0.3036381231E+02     0.6515668472E+03     0.4567515096E+04
    0.1389424595E-02     0.5852909290E-03     0.9395071915E-06     0.5524573504E-03     0.2888639441E-07    -0.3079499125E+02     0.6540392508E+03     0.4585900781E+04
    0.1385897673E-02     0.5826753104E-03     0.9232624147E-06     0.5466495260E-03     0.2779732356E-07    -0.3123034237E+02     0.6564973644E+03     0.4604257200E+04
    0.1382408831E-02     0.5800848227E-03     0.9077964368E-06     0.5408982984E-03     0.2675614834E-07    -0.3166993213E+02     0.6589410386E+03     0.4622584068E+04
    0.1378952295E-02     0.5775170822E-03     0.8930785941E-06     0.5352014871E-03     0.2576083855E-07    -0.3211359124E+02     0.6613698343E+03     0.4640878719E+04
    0.1375530099E-02     0.5749728503E-03     0.8790826590E-06     0.5295594581E-03     0.2480948439E-07    -0.3256147946E+02     0.6637836067E+03     0.4659141025E+04
    0.1372143472E-02     0.5724525478E-03     0.8657826595E-06     0.5239722523E-03     0.2390023703E-07    -0.3301339429E+02     0.6661822076E+03     0.4677370419E+04
    0.1368786677E-02     0.5699536920E-03     0.8531491154E-06     0.5184372622E-03     0.2303120815E-07    -0.3346945603E+02     0.6685654846E+03     0.4695566655E+04
    0.1365465789E-02     0.5674787913E-03     0.8411613436E-06     0.5129566379E-03     0.2220083260E-07    -0.3392967065E+02     0.6709331463E+03     0.4713728305E+04
    0.1362169341E-02     0.5650230569E-03     0.8297884419E-06     0.5075259108E-03     0.2140731906E-07    -0.3439449947E+02     0.6732849050E+03     0.4731853560E+04
    0.1358911783E-02     0.5625923408E-03     0.8190150612E-06     0.5021498504E-03     0.2064927466E-07    -0.3486412033E+02     0.6756207432E+03     0.4749943242E+04
    0.1355692288E-02     0.5601862628E-03     0.8088182423E-06     0.4968279343E-03     0.1992520675E-07    -0.3533733582E+02     0.6779403696E+03     0.4767996453E+04
    0.1352494765E-02     0.5577981469E-03     0.7991665337E-06     0.4915540971E-03     0.1923345861E-07    -0.3581442288E+02     0.6802434976E+03     0.4786011749E+04
    0.1349330813E-02     0.5554327065E-03     0.7900453350E-06     0.4863322136E-03     0.1857280960E-07    -0.3629605664E+02     0.6825299717E+03     0.4803988278E+04
    0.1346201519E-02     0.5530902998E-03     0.7814343099E-06     0.4811622678E-03     0.1794193304E-07    -0.3678167779E+02     0.6847996341E+03     0.4821926097E+04
    0.1343094969E-02     0.5507660084E-03     0.7733067059E-06     0.4760398458E-03     0.1733942413E-07    -0.3727164470E+02     0.6870521985E+03     0.4839823404E+04
    0.1340025992E-02     0.5484658401E-03     0.7656514026E-06     0.4709698552E-03     0.1676424588E-07    -0.3776602281E+02     0.6892875076E+03     0.4857679956E+04
    0.1336982884E-02     0.5461849161E-03     0.7584427088E-06     0.4659477807E-03     0.1621507407E-07    -0.3826450427E+02     0.6915053980E+03     0.4875495593E+04
    0.1333969239E-02     0.5439247447E-03     0.7516648023E-06     0.4609749629E-03     0.1569087939E-07    -0.3876746246E+02     0.6937054691E+03     0.4893267428E+04
    0.1330991928E-02     0.5416879882E-03     0.7453033624E-06     0.4560531783E-03     0.1519062991E-07    -0.3927430106E+02     0.6958876807E+03     0.4910996515E+04
    0.1328033083E-02     0.5394673498E-03     0.7393313368E-06     0.4511761454E-03     0.1471310945E-07    -0.3978534226E+02     0.6980517520E+03     0.4928681219E+04
    0.1325110348E-02     0.5372699842E-03     0.7337420054E-06     0.4463497466E-03     0.1425754448E-07    -0.4030090292E+02     0.7001974085E+03     0.4946320147E+04
    0.1322214870E-02     0.5350921618E-03     0.7285139699E-06     0.4415704045E-03     0.1382285951E-07    -0.4082042729E+02     0.7023246018E+03     0.4963914176E+04
    0.1319340406E-02     0.5329313423E-03     0.7236283153E-06     0.4368359178E-03     0.1340810201E-07    -0.4134471454E+02     0.7044330540E+03     0.4981461153E+04
    0.1316500222E-02     0.5307928171E-03     0.7190770972E-06     0.4321503607E-03     0.1301253307E-07    -0.4187387298E+02     0.7065226021E+03     0.4998960944E+04
    0.1313693118E-02     0.5286762039E-03     0.7148448800E-06     0.4275127906E-03     0.1263529401E-07    -0.4240674033E+02     0.7085931098E+03     0.5016414109E+04
    0.1310908825E-02     0.5265775127E-03     0.7109117380E-06     0.4229192699E-03     0.1227547014E-07    -0.4294315288E+02     0.7106444774E+03     0.5033821367E+04
    0.1308142010E-02     0.5244944868E-03     0.7072610048E-06     0.4183676283E-03     0.1193223501E-07    -0.4348440584E+02     0.7126766363E+03     0.5051182073E+04
    0.1305407857E-02     0.5224331967E-03     0.7038877724E-06     0.4138626402E-03     0.1160501433E-07    -0.4403073522E+02     0.7146893081E+03     0.5068495157E+04
    0.1302705115E-02     0.5203931018E-03     0.7007785915E-06     0.4094037405E-03     0.1129310532E-07    -0.4458092318E+02     0.7166822179E+03     0.5085759739E+04
    0.1300025472E-02     0.5183708014E-03     0.6979165434E-06     0.4049879950E-03     0.1099576034E-07    -0.4513465901E+02     0.7186551932E+03     0.5102975644E+04
    0.1297364031E-02     0.5163642772E-03     0.6952869988E-06     0.4006136178E-03     0.1071229627E-07    -0.4569292870E+02     0.7206080587E+03     0.5120141533E+04
    0.1294734597E-02     0.5143790040E-03     0.6928857909E-06     0.3962847784E-03     0.1044222356E-07    -0.4625576272E+02     0.7225405440E+03     0.5137256370E+04
    0.1292129854E-02     0.5124119932E-03     0.6906977352E-06     0.3919989122E-03     0.1018488805E-07    -0.4682248528E+02     0.7244524757E+03     0.5154320004E+04
    0.1289543605E-02     0.5104607210E-03     0.6887086553E-06     0.3877538735E-03     0.9939675584E-08    -0.4739376029E+02     0.7263436779E+03     0.5171331307E+04
    0.1286988190E-02     0.5085300507E-03     0.6869146565E-06     0.3835532766E-03     0.9706149920E-08    -0.4796955929E+02     0.7282138842E+03     0.5188289236E+04
    0.1284457977E-02     0.5066177215E-03     0.6853025698E-06     0.3793952905E-03     0.9483755176E-08    -0.4854910075E+02     0.7300628321E+03     0.5205192835E+04
    0.1281944288E-02     0.5047202435E-03     0.6838579222E-06     0.3752770851E-03     0.9271928205E-08    -0.4913308663E+02     0.7318903505E+03     0.5222041036E+04
    0.1279460570E-02     0.5028428488E-03     0.6825783944E-06     0.3712023446E-03     0.9070289594E-08    -0.4972167534E+02     0.7336962675E+03     0.5238833560E+04
    0.1277003116E-02     0.5009840433E-03     0.6814528321E-06     0.3671698391E-03     0.8878361536E-08    -0.5031390254E+02     0.7354803253E+03     0.5255569499E+04
    0.1274559677E-02     0.4991389568E-03     0.6804658356E-06     0.3631757851E-03     0.8695620352E-08    -0.5091048530E+02     0.7372423528E+03     0.5272247835E+04
    0.1272145560E-02     0.4973135655E-03     0.6796170094E-06     0.3592244601E-03     0.8521759599E-08    -0.5151176294E+02     0.7389820978E+03     0.5288867413E+04
    0.1269759330E-02     0.4955072301E-03     0.6788973297E-06     0.3553151464E-03     0.8356364213E-08    -0.5211654199E+02     0.7406993922E+03     0.5305428178E+04
    0.1267384058E-02     0.4937132390E-03     0.6782898264E-06     0.3514426998E-03     0.8198931685E-08    -0.5272557088E+02     0.7423941420E+03     0.5321929931E+04
    0.1265037474E-02     0.4919385264E-03     0.6777962516E-06     0.3476121177E-03     0.8049223245E-08    -0.5333941509E+02     0.7440660201E+03     0.5338370642E+04
    0.1262718592E-02     0.4901826702E-03     0.6774086420E-06     0.3438229667E-03     0.7906882496E-08    -0.5395679711E+02     0.7457147853E+03     0.5354749513E+04
    0.1260412163E-02     0.4884396844E-03     0.6771116852E-06     0.3400708287E-03     0.7771474866E-08    -0.5457819670E+02     0.7473402720E+03     0.5371065797E+04
    0.1258131029E-02     0.4867144544E-03     0.6769054434E-06     0.3363588121E-03     0.7642751490E-08    -0.5520434173E+02     0.7489423877E+03     0.5387319530E+04
    0.1255876913E-02     0.4850076509E-03     0.6767841635E-06     0.3326873721E-03     0.7520422474E-08    -0.5583421288E+02     0.7505208207E+03     0.5403509188E+04
    0.1253638169E-02     0.4833147102E-03     0.6767351979E-06     0.3290531586E-03     0.7404119591E-08    -0.5646790246E+02     0.7520754099E+03     0.5419634271E+04
    0.1251420534E-02     0.4816377896E-03     0.6767555270E-06     0.3254574557E-03     0.7293594083E-08    -0.5710613320E+02     0.7536059900E+03     0.5435693842E+04
    0.1249229252E-02     0.4799789139E-03     0.6768419913E-06     0.3219016298E-03     0.7188611607E-08    -0.5774830695E+02     0.7551122683E+03     0.5451686414E+04
    0.1247056927E-02     0.4783351028E-03     0.6769850575E-06     0.3183832441E-03     0.7088860377E-08    -0.5839409463E+02     0.7565942157E+03     0.5467613136E+04
    0.1244900859E-02     0.4767053358E-03     0.6771777164E-06     0.3149016427E-03     0.6994084360E-08    -0.5904418046E+02     0.7580515408E+03     0.5483471523E+04
    0.1242770560E-02     0.4750932318E-03     0.6774198670E-06     0.3114591198E-03     0.6904101325E-08    -0.5969848467E+02     0.7594840277E+03     0.5499260744E+04
    0.1240663614E-02     0.4734977626E-03     0.6777052773E-06     0.3080546674E-03     0.6818665229E-08    -0.6035608063E+02     0.7608915815E+03     0.5514981365E+04
    0.1238567049E-02     0.4719139551E-03     0.6780220156E-06     0.3046849562E-03     0.6737489761E-08    -0.6101772945E+02     0.7622739853E+03     0.5530631707E+04
    0.1236495763E-02     0.4703474352E-03     0.6783736385E-06     0.3013534439E-03     0.6660447595E-08    -0.6168397613E+02     0.7636310865E+03     0.5546211372E+04
    0.1234448778E-02     0.4687977955E-03     0.6787551854E-06     0.2980597383E-03     0.6587335528E-08    -0.6235364851E+02     0.7649626747E+03     0.5561719632E+04
    0.1232416268E-02     0.4672612754E-03     0.6791570048E-06     0.2948013351E-03     0.6517911815E-08    -0.6302679944E+02     0.7662685456E+03     0.5577155397E+04
    0.1230401433E-02     0.4657390373E-03     0.6795768459E-06     0.2915787875E-03     0.6452010700E-08    -0.6370427527E+02     0.7675485527E+03     0.5592517669E+04
    0.1228410377E-02     0.4642333328E-03     0.6800142626E-06     0.2883933036E-03     0.6389488941E-08    -0.6438577157E+02     0.7688025506E+03     0.5607806375E+04
    0.1226442814E-02     0.4627439887E-03     0.6804654763E-06     0.2852445538E-03     0.6330177270E-08    -0.6507020650E+02     0.7700303921E+03     0.5623021442E+04
    0.1224482812E-02     0.4612650004E-03     0.6809180561E-06     0.2821288252E-03     0.6273837505E-08    -0.6575837307E+02     0.7712318325E+03     0.5638160647E+04
    0.1222546725E-02     0.4598024809E-03     0.6813777780E-06     0.2790496878E-03     0.6220400585E-08    -0.6645106381E+02     0.7724067361E+03     0.5653223550E+04
    0.1220633286E-02     0.4583558886E-03     0.6818408270E-06     0.2760065883E-03     0.6169713262E-08    -0.6714717225E+02     0.7735549636E+03     0.5668210097E+04
    0.1218736939E-02     0.4569231068E-03     0.6823010805E-06     0.2729981297E-03     0.6121608873E-08    -0.6784633699E+02     0.7746763331E+03     0.5683119429E+04
    0.1216853350E-02     0.4555024591E-03     0.6827532925E-06     0.2700231267E-03     0.6075932202E-08    -0.6854941559E+02     0.7757707101E+03     0.5697950530E+04
    0.1214992371E-02     0.4540976100E-03     0.6832002657E-06     0.2670836503E-03     0.6032606246E-08    -0.6925653796E+02     0.7768379205E+03     0.5712702643E+04
    0.1213153221E-02     0.4527082050E-03     0.6836390710E-06     0.2641792723E-03     0.5991504636E-08    -0.6996667022E+02     0.7778778355E+03     0.5727375718E+04
    0.1211326345E-02     0.4513306230E-03     0.6840619647E-06     0.2613076805E-03     0.5952463674E-08    -0.7068000790E+02     0.7788903252E+03     0.5741969254E+04
    0.1209516110E-02     0.4499664708E-03     0.6844691191E-06     0.2584697118E-03     0.5915395008E-08    -0.7139735965E+02     0.7798752240E+03     0.5756481830E+04
    0.1207727314E-02     0.4486175050E-03     0.6848611146E-06     0.2556662548E-03     0.5880216782E-08    -0.7211835525E+02     0.7808323722E+03     0.5770912837E+04
    0.1205959583E-02     0.4472835254E-03     0.6852358047E-06     0.2528969792E-03     0.5846825360E-08    -0.7284202279E+02     0.7817616506E+03     0.5785262234E+04
    0.1204200915E-02     0.4459600529E-03     0.6855844994E-06     0.2501592342E-03     0.5815066696E-08    -0.7356890145E+02     0.7826629048E+03     0.5799528748E+04
    0.1202461260E-02     0.4446507274E-03     0.6859111580E-06     0.2474548888E-03     0.5784896584E-08    -0.7429980925E+02     0.7835360224E+03     0.5813711819E+04
    0.1200741973E-02     0.4433559923E-03     0.6862149906E-06     0.2447839828E-03     0.5756233353E-08    -0.7503405912E+02     0.7843808889E+03     0.5827811409E+04
    0.1199043054E-02     0.4420758384E-03     0.6864944656E-06     0.2421464454E-03     0.5728994255E-08    -0.7577068209E+02     0.7851973313E+03     0.5841826424E+04
    0.1197351275E-02     0.4408053371E-03     0.6867406815E-06     0.2395393822E-03     0.5703035884E-08    -0.7651045260E+02     0.7859852441E+03     0.5855756034E+04
    0.1195679537E-02     0.4395491929E-03     0.6869598028E-06     0.2369651780E-03     0.5678343513E-08    -0.7725417330E+02     0.7867445243E+03     0.5869599855E+04
    0.1194027257E-02     0.4383071344E-03     0.6871503959E-06     0.2344234758E-03     0.5654841483E-08    -0.7800097536E+02     0.7874750694E+03     0.5883357862E+04
    0.1192394557E-02     0.4370791724E-03     0.6873114939E-06     0.2319141408E-03     0.5632461596E-08    -0.7874996151E+02     0.7881767511E+03     0.5897029529E+04
    0.1190768605E-02     0.4358605988E-03     0.6874347255E-06     0.2294346170E-03     0.5611078304E-08    -0.7950187989E+02     0.7888494230E+03     0.5910613017E+04
    0.1189162364E-02     0.4346560913E-03     0.6875268047E-06     0.2269871245E-03     0.5590689460E-08    -0.8025753015E+02     0.7894930207E+03     0.5924108513E+04
    0.1187575129E-02     0.4334653571E-03     0.6875865944E-06     0.2245713631E-03     0.5571232404E-08    -0.8101596602E+02     0.7901074292E+03     0.5937515533E+04
    0.1186007077E-02     0.4322884258E-03     0.6876135689E-06     0.2221872002E-03     0.5552651416E-08    -0.8177625696E+02     0.7906925421E+03     0.5950833610E+04
    0.1184444049E-02     0.4311200657E-03     0.6875990356E-06     0.2198316913E-03     0.5534825903E-08    -0.8253937591E+02     0.7912482937E+03     0.5964062322E+04
    0.1182898954E-02     0.4299649555E-03     0.6875500108E-06     0.2175071175E-03     0.5517765469E-08    -0.8330641767E+02     0.7917745822E+03     0.5977200728E+04
    0.1181371875E-02     0.4288231127E-03     0.6874661481E-06     0.2152134007E-03     0.5501422412E-08    -0.8407665699E+02     0.7922712938E+03     0.5990247924E+04
    0.1179861848E-02     0.4276941316E-03     0.6873466380E-06     0.2129501266E-03     0.5485745893E-08    -0.8484948747E+02     0.7927383575E+03     0.6003203940E+04
    0.1178368730E-02     0.4265778203E-03     0.6871913081E-06     0.2107167923E-03     0.5470690015E-08    -0.8562446678E+02     0.7931757162E+03     0.6016070068E+04
    0.1176893184E-02     0.4254743594E-03     0.6870004377E-06     0.2085132814E-03     0.5456216271E-08    -0.8640092109E+02     0.7935832846E+03     0.6028846279E+04
    0.1175426062E-02     0.4243803964E-03     0.6867686434E-06     0.2063377665E-03     0.5442243152E-08    -0.8717931075E+02     0.7939609872E+03     0.6041532040E+04
    0.1173969839E-02     0.4232968263E-03     0.6864973488E-06     0.2041906311E-03     0.5428745650E-08    -0.8796100308E+02     0.7943087292E+03     0.6054125424E+04
    0.1172531492E-02     0.4222261195E-03     0.6861907309E-06     0.2020728830E-03     0.5415720907E-08    -0.8874608610E+02     0.7946264492E+03     0.6066626458E+04
    0.1171109443E-02     0.4211676406E-03     0.6858480513E-06     0.1999839646E-03     0.5403128257E-08    -0.8953384210E+02     0.7949140933E+03     0.6079035576E+04
    0.1169703237E-02     0.4201212144E-03     0.6854692382E-06     0.1979237055E-03     0.5390934701E-08    -0.9032371715E+02     0.7951715805E+03     0.6091351942E+04
    0.1168313043E-02     0.4190868719E-03     0.6850546734E-06     0.1958919758E-03     0.5379111651E-08    -0.9111518570E+02     0.7953988481E+03     0.6103575166E+04
    0.1166939818E-02     0.4180649077E-03     0.6846052735E-06     0.1938887134E-03     0.5367635681E-08    -0.9190753180E+02     0.7955958431E+03     0.6115705298E+04
    0.1165569154E-02     0.4170501340E-03     0.6841129810E-06     0.1919113789E-03     0.5356414534E-08    -0.9270193719E+02     0.7957625090E+03     0.6127740923E+04
    0.1164214908E-02     0.4160474895E-03     0.6835863732E-06     0.1899621280E-03     0.5345487473E-08    -0.9349969432E+02     0.7958987982E+03     0.6139681261E+04
    0.1162876829E-02     0.4150568351E-03     0.6830258165E-06     0.1880406934E-03     0.5334830141E-08    -0.9430010938E+02     0.7960046718E+03     0.6151526392E+04
    0.1161553856E-02     0.4140777432E-03     0.6824312461E-06     0.1861466806E-03     0.5324415931E-08    -0.9510262158E+02     0.7960800905E+03     0.6163276379E+04
    0.1160245686E-02     0.4131100756E-03     0.6818030858E-06     0.1842798765E-03     0.5314223265E-08    -0.9590679858E+02     0.7961250163E+03     0.6174930902E+04
    0.1158952584E-02     0.4121538946E-03     0.6811421387E-06     0.1824401552E-03     0.5304234472E-08    -0.9671217320E+02     0.7961394161E+03     0.6186489663E+04
    0.1157675534E-02     0.4112095337E-03     0.6804496760E-06     0.1806275504E-03     0.5294436572E-08    -0.9751803372E+02     0.7961232628E+03     0.6197952034E+04
    0.1156401377E-02     0.4102722585E-03     0.6797187033E-06     0.1788397454E-03     0.5284752749E-08    -0.9832553464E+02     0.7960765345E+03     0.6209317487E+04
    0.1155142540E-02     0.4093464398E-03     0.6789572843E-06     0.1770784711E-03     0.5275224457E-08    -0.9913592791E+02     0.7959992088E+03     0.6220585728E+04
    0.1153899041E-02     0.4084320805E-03     0.6781662344E-06     0.1753436513E-03     0.5265837815E-08    -0.9994851006E+02     0.7958912795E+03     0.6231755826E+04
    0.1152669757E-02     0.4075287190E-03     0.6773457283E-06     0.1736348380E-03     0.5256574319E-08    -0.1007627930E+03     0.7957527336E+03     0.6242828274E+04
    0.1151454362E-02     0.4066362073E-03     0.6764964406E-06     0.1719518056E-03     0.5247420379E-08    -0.1015784104E+03     0.7955835640E+03     0.6253802861E+04
    0.1150252903E-02     0.4057545425E-03     0.6756193047E-06     0.1702944284E-03     0.5238365183E-08    -0.1023949851E+03     0.7953837792E+03     0.6264679054E+04
    0.1149065834E-02     0.4048838224E-03     0.6747155045E-06     0.1686625000E-03     0.5229400378E-08    -0.1032120865E+03     0.7951533718E+03     0.6275457365E+04
    0.1147888543E-02     0.4040223894E-03     0.6737832806E-06     0.1670551665E-03     0.5220495668E-08    -0.1040298381E+03     0.7948923483E+03     0.6286137295E+04
    0.1146719853E-02     0.4031697996E-03     0.6728229152E-06     0.1654720899E-03     0.5211637242E-08    -0.1048492673E+03     0.7946007231E+03     0.6296717893E+04
    0.1145566242E-02     0.4023282992E-03     0.6718391983E-06     0.1639140302E-03     0.5202846846E-08    -0.1056705810E+03     0.7942785155E+03     0.6307199030E+04
    0.1144426536E-02     0.4014974392E-03     0.6708324490E-06     0.1623806278E-03     0.5194112177E-08    -0.1064931219E+03     0.7939257509E+03     0.6317580608E+04
    0.1143300414E-02     0.4006770713E-03     0.6698035046E-06     0.1608716467E-03     0.5185425556E-08    -0.1073164261E+03     0.7935424575E+03     0.6327862545E+04
    0.1142188048E-02     0.3998672061E-03     0.6687534938E-06     0.1593868790E-03     0.5176782112E-08    -0.1081400329E+03     0.7931286579E+03     0.6338045082E+04
    0.1141085173E-02     0.3990663038E-03     0.6676809588E-06     0.1579255034E-03     0.5168157552E-08    -0.1089640886E+03     0.7926843723E+03     0.6348128139E+04
    0.1139991828E-02     0.3982743578E-03     0.6665869971E-06     0.1564873852E-03     0.5159547921E-08    -0.1097893712E+03     0.7922096549E+03     0.6358110738E+04
    0.1138912503E-02     0.3974929025E-03     0.6654753041E-06     0.1550729529E-03     0.5150969868E-08    -0.1106159582E+03     0.7917045534E+03     0.6367992871E+04
    0.1137846240E-02     0.3967215532E-03     0.6643463776E-06     0.1536818406E-03     0.5142415798E-08    -0.1114433419E+03     0.7911691035E+03     0.6377774823E+04
    0.1136792766E-02     0.3959601780E-03     0.6632011371E-06     0.1523138155E-03     0.5133881875E-08    -0.1122711487E+03     0.7906033578E+03     0.6387456597E+04
    0.1135752198E-02     0.3952087802E-03     0.6620407348E-06     0.1509686955E-03     0.5125366529E-08    -0.1130989953E+03     0.7900073753E+03     0.6397038214E+04
    0.1134723640E-02     0.3944670097E-03     0.6608657322E-06     0.1496461623E-03     0.5116864081E-08    -0.1139265920E+03     0.7893812169E+03     0.6406519618E+04
    0.1133701345E-02     0.3937328328E-03     0.6596738710E-06     0.1483452650E-03     0.5108347452E-08    -0.1147547250E+03     0.7887249504E+03     0.6415900147E+04
    0.1132692768E-02     0.3930087938E-03     0.6584705560E-06     0.1470667560E-03     0.5099849354E-08    -0.1155839254E+03     0.7880386284E+03     0.6425180079E+04
    0.1131696805E-02     0.3922944694E-03     0.6572562177E-06     0.1458102872E-03     0.5091364375E-08    -0.1164136220E+03     0.7873223253E+03     0.6434359506E+04
    0.1130713038E-02     0.3915896862E-03     0.6560317032E-06     0.1445756323E-03     0.5082890695E-08    -0.1172434433E+03     0.7865761404E+03     0.6443438273E+04
    0.1129741337E-02     0.3908943493E-03     0.6547979862E-06     0.1433625379E-03     0.5074427910E-08    -0.1180731174E+03     0.7858001378E+03     0.6452416761E+04
    0.1128781990E-02     0.3902085093E-03     0.6535562730E-06     0.1421708052E-03     0.5065977809E-08    -0.1189023023E+03     0.7849943791E+03     0.6461295359E+04
    0.1127832403E-02     0.3895312496E-03     0.6523061517E-06     0.1409999622E-03     0.5057529895E-08    -0.1197309579E+03     0.7841589994E+03     0.6470073484E+04
    0.1126890905E-02     0.3888619451E-03     0.6510476801E-06     0.1398495691E-03     0.5049077752E-08    -0.1205598265E+03     0.7832940729E+03     0.6478750982E+04
    0.1125962187E-02     0.3882021675E-03     0.6497845768E-06     0.1387199774E-03     0.5040643702E-08    -0.1213891291E+03     0.7823996727E+03     0.6487328277E+04
    0.1125045370E-02     0.3875515810E-03     0.6485173641E-06     0.1376108954E-03     0.5032225533E-08    -0.1222183678E+03     0.7814759258E+03     0.6495805342E+04
    0.1124140089E-02     0.3869100187E-03     0.6472468309E-06     0.1365220672E-03     0.5023823445E-08    -0.1230472476E+03     0.7805229386E+03     0.6504182402E+04
    0.1123246288E-02     0.3862774204E-03     0.6459739315E-06     0.1354532741E-03     0.5015439229E-08    -0.1238755130E+03     0.7795408209E+03     0.6512459699E+04
    0.1122364163E-02     0.3856538030E-03     0.6446997282E-06     0.1344043017E-03     0.5007075850E-08    -0.1247028680E+03     0.7785296588E+03     0.6520637716E+04
    0.1121494098E-02     0.3850392563E-03     0.6434253930E-06     0.1333749831E-03     0.4998737377E-08    -0.1255288598E+03     0.7774895652E+03     0.6528716719E+04
    0.1120627981E-02     0.3844309634E-03     0.6421472324E-06     0.1323641700E-03     0.4990390303E-08    -0.1263543479E+03     0.7764206868E+03     0.6536695905E+04
    0.1119774770E-02     0.3838319587E-03     0.6408712993E-06     0.1313727161E-03     0.4982077151E-08    -0.1271800912E+03     0.7753231491E+03     0.6544575525E+04
    0.1118933136E-02     0.3832417347E-03     0.6395977010E-06     0.1304002240E-03     0.4973794554E-08    -0.1280055027E+03     0.7741970500E+03     0.6552356132E+04
    0.1118102483E-02     0.3826600445E-03     0.6383269690E-06     0.1294464091E-03     0.4965542636E-08    -0.1288302736E+03     0.7730425164E+03     0.6560038064E+04
    0.1117282503E-02     0.3820867476E-03     0.6370598023E-06     0.1285110430E-03     0.4957323009E-08    -0.1296542079E+03     0.7718597117E+03     0.6567621467E+04
    0.1116473019E-02     0.3815217401E-03     0.6357969341E-06     0.1275938895E-03     0.4949137828E-08    -0.1304771884E+03     0.7706487717E+03     0.6575106710E+04
    0.1115673924E-02     0.3809649423E-03     0.6345391166E-06     0.1266947202E-03     0.4940989613E-08    -0.1312991195E+03     0.7694098350E+03     0.6582494172E+04
    0.1114885129E-02     0.3804162732E-03     0.6332870705E-06     0.1258132882E-03     0.4932880896E-08    -0.1321199265E+03     0.7681430103E+03     0.6589784437E+04
    0.1114106677E-02     0.3798757110E-03     0.6320416089E-06     0.1249494031E-03     0.4924815054E-08    -0.1329394760E+03     0.7668484715E+03     0.6596977720E+04
    0.1113338591E-02     0.3793432194E-03     0.6308034912E-06     0.1241028505E-03     0.4916795286E-08    -0.1337576182E+03     0.7655263676E+03     0.6604074448E+04
    0.1112581126E-02     0.3788188417E-03     0.6295735840E-06     0.1232734417E-03     0.4908825823E-08    -0.1345741217E+03     0.7641768446E+03     0.6611075070E+04
    0.1111834721E-02     0.3783026820E-03     0.6283528319E-06     0.1224610071E-03     0.4900911691E-08    -0.1353885997E+03     0.7628000559E+03     0.6617980065E+04
    0.1111095124E-02     0.3777932497E-03     0.6271395053E-06     0.1216648625E-03     0.4893037236E-08    -0.1362013349E+03     0.7613961509E+03     0.6624789441E+04
    0.1110363480E-02     0.3772908983E-03     0.6259349208E-06     0.1208849397E-03     0.4885210688E-08    -0.1370131750E+03     0.7599653244E+03     0.6631502983E+04
    0.1109643180E-02     0.3767967284E-03     0.6247415852E-06     0.1201213743E-03     0.4877449815E-08    -0.1378241710E+03     0.7585076991E+03     0.6638121414E+04
    0.1108933283E-02     0.3763103756E-03     0.6235595586E-06     0.1193738464E-03     0.4869753401E-08    -0.1386338679E+03     0.7570234351E+03     0.6644645271E+04
    0.1108233362E-02     0.3758316555E-03     0.6223891866E-06     0.1186421095E-03     0.4862122563E-08    -0.1394420143E+03     0.7555127313E+03     0.6651074935E+04
    0.1107543178E-02     0.3753604476E-03     0.6212308974E-06     0.1179259368E-03     0.4854559202E-08    -0.1402484588E+03     0.7539757915E+03     0.6657410804E+04
    0.1106862559E-02     0.3748966417E-03     0.6200850936E-06     0.1172250771E-03     0.4847065227E-08    -0.1410531317E+03     0.7524127452E+03     0.6663653603E+04
    0.1106191420E-02     0.3744401642E-03     0.6189522234E-06     0.1165393061E-03     0.4839642997E-08    -0.1418559604E+03     0.7508237585E+03     0.6669803907E+04
    0.1105529658E-02     0.3739909340E-03     0.6178326996E-06     0.1158683980E-03     0.4832294713E-08    -0.1426568791E+03     0.7492090020E+03     0.6675862301E+04
    0.1104877250E-02     0.3735489032E-03     0.6167269739E-06     0.1152121504E-03     0.4825022971E-08    -0.1434558025E+03     0.7475686844E+03     0.6681829235E+04
    0.1104234122E-02     0.3731140066E-03     0.6156354460E-06     0.1145703550E-03     0.4817830074E-08    -0.1442526418E+03     0.7459030216E+03     0.6687705182E+04
    0.1103600247E-02     0.3726861837E-03     0.6145584800E-06     0.1139427807E-03     0.4810718224E-08    -0.1450473312E+03     0.7442121471E+03     0.6693490916E+04
    0.1102975652E-02     0.3722653970E-03     0.6134964638E-06     0.1133292172E-03     0.4803689878E-08    -0.1458397558E+03     0.7424962360E+03     0.6699187076E+04
    0.1102360482E-02     0.3718516545E-03     0.6124498445E-06     0.1127294800E-03     0.4796748030E-08    -0.1466297241E+03     0.7407555055E+03     0.6704794185E+04
    0.1101755048E-02     0.3714450195E-03     0.6114191359E-06     0.1121434008E-03     0.4789896291E-08    -0.1474169327E+03     0.7389901765E+03     0.6710312797E+04
    0.1101157215E-02     0.3710447260E-03     0.6104034537E-06     0.1115705504E-03     0.4783127443E-08    -0.1482014205E+03     0.7372004284E+03     0.6715743329E+04
    0.1100565628E-02     0.3706502664E-03     0.6094023069E-06     0.1110105714E-03     0.4776437454E-08    -0.1489839113E+03     0.7353863991E+03     0.6721086058E+04
    0.1099984217E-02     0.3702629242E-03     0.6084181389E-06     0.1104636651E-03     0.4769845312E-08    -0.1497645979E+03     0.7335483114E+03     0.6726341596E+04
    0.1099412116E-02     0.3698823648E-03     0.6074507087E-06     0.1099295458E-03     0.4763349040E-08    -0.1505430499E+03     0.7316863937E+03     0.6731510563E+04
    0.1098848937E-02     0.3695084109E-03     0.6065000058E-06     0.1094079664E-03     0.4756948556E-08    -0.1513190648E+03     0.7298008279E+03     0.6736593706E+04
    0.1098294441E-02     0.3691409356E-03     0.6055660816E-06     0.1088986965E-03     0.4750644325E-08    -0.1520925304E+03     0.7278917987E+03     0.6741591772E+04
    0.1097748510E-02     0.3687798527E-03     0.6046490351E-06     0.1084015193E-03     0.4744437241E-08    -0.1528633721E+03     0.7259594879E+03     0.6746505515E+04
    0.1097211040E-02     0.3684250853E-03     0.6037489677E-06     0.1079162310E-03     0.4738328248E-08    -0.1536315156E+03     0.7240041254E+03     0.6751335582E+04
    0.1096681961E-02     0.3680765673E-03     0.6028659790E-06     0.1074426317E-03     0.4732318335E-08    -0.1543968945E+03     0.7220259405E+03     0.6756082636E+04
    0.1096161190E-02     0.3677342280E-03     0.6020001407E-06     0.1069805207E-03     0.4726408322E-08    -0.1551594473E+03     0.7200251657E+03     0.6760747354E+04
    0.1095648626E-02     0.3673979832E-03     0.6011514705E-06     0.1065296779E-03     0.4720598690E-08    -0.1559191486E+03     0.7180019414E+03     0.6765330635E+04
    0.1095144210E-02     0.3670677669E-03     0.6003200046E-06     0.1060898993E-03     0.4714890087E-08    -0.1566759549E+03     0.7159564507E+03     0.6769833275E+04
    0.1094647865E-02     0.3667435107E-03     0.5995057641E-06     0.1056609892E-03     0.4709283067E-08    -0.1574298070E+03     0.7138889260E+03     0.6774255973E+04
    0.1094159535E-02     0.3664251532E-03     0.5987087635E-06     0.1052427547E-03     0.4703778167E-08    -0.1581806453E+03     0.7117995988E+03     0.6778599441E+04
    0.1093679145E-02     0.3661126272E-03     0.5979289905E-06     0.1048350026E-03     0.4698375754E-08    -0.1589284102E+03     0.7096887030E+03     0.6782864406E+04
    0.1093206615E-02     0.3658058556E-03     0.5971663883E-06     0.1044375237E-03     0.4693075909E-08    -0.1596730710E+03     0.7075563769E+03     0.6787051793E+04
    0.1092741931E-02     0.3655047916E-03     0.5964209455E-06     0.1040501338E-03     0.4687879065E-08    -0.1604145542E+03     0.7054028501E+03     0.6791162340E+04
    0.1092285067E-02     0.3652093872E-03     0.5956926382E-06     0.1036726557E-03     0.4682785573E-08    -0.1611527554E+03     0.7032284055E+03     0.6795196711E+04
    0.1091836038E-02     0.3649195980E-03     0.5949814168E-06     0.1033048949E-03     0.4677795649E-08    -0.1618875852E+03     0.7010331797E+03     0.6799155853E+04
    0.1091395016E-02     0.3646354394E-03     0.5942873252E-06     0.1029466888E-03     0.4672910238E-08    -0.1626188529E+03     0.6988174020E+03     0.6803040547E+04
    0.1090961618E-02     0.3643567411E-03     0.5936100903E-06     0.1025978234E-03     0.4668127815E-08    -0.1633463833E+03     0.6965813066E+03     0.6806851507E+04
    0.1090532868E-02     0.3640824635E-03     0.5929480040E-06     0.1022578364E-03     0.4663435595E-08    -0.1640706893E+03     0.6943250735E+03     0.6810589064E+04
    0.1090112574E-02     0.3638138337E-03     0.5923030333E-06     0.1019269059E-03     0.4658849712E-08    -0.1647921129E+03     0.6920488869E+03     0.6814254123E+04
    0.1089700061E-02     0.3635505843E-03     0.5916747034E-06     0.1016047958E-03     0.4654367089E-08    -0.1655102963E+03     0.6897529748E+03     0.6817847509E+04
    0.1089294982E-02     0.3632925603E-03     0.5910627165E-06     0.1012913087E-03     0.4649986034E-08    -0.1662250497E+03     0.6874376194E+03     0.6821369967E+04
    0.1088897149E-02     0.3630396537E-03     0.5904668317E-06     0.1009862513E-03     0.4645705329E-08    -0.1669362901E+03     0.6851030003E+03     0.6824822402E+04
    0.1088506433E-02     0.3627917777E-03     0.5898868345E-06     0.1006894388E-03     0.4641523962E-08    -0.1676439658E+03     0.6827492954E+03     0.6828205716E+04
    0.1088122750E-02     0.3625488622E-03     0.5893225323E-06     0.1004006979E-03     0.4637441086E-08    -0.1683480233E+03     0.6803767314E+03     0.6831520738E+04
    0.1087746007E-02     0.3623108353E-03     0.5887737202E-06     0.1001198565E-03     0.4633455758E-08    -0.1690484159E+03     0.6779855362E+03     0.6834768303E+04
    0.1087376133E-02     0.3620776320E-03     0.5882401967E-06     0.9984674617E-04     0.4629567062E-08    -0.1697450998E+03     0.6755759352E+03     0.6837949252E+04
    0.1087013028E-02     0.3618491753E-03     0.5877217298E-06     0.9958119278E-04     0.4625773842E-08    -0.1704380483E+03     0.6731481039E+03     0.6841064495E+04
    0.1086656626E-02     0.3616254004E-03     0.5872181003E-06     0.9932302785E-04     0.4622075043E-08    -0.1711272341E+03     0.6707022121E+03     0.6844114940E+04
    0.1086306857E-02     0.3614062453E-03     0.5867290932E-06     0.9907209408E-04     0.4618469622E-08    -0.1718126025E+03     0.6682385346E+03     0.6847101369E+04
    0.1085963635E-02     0.3611916415E-03     0.5862544726E-06     0.9882822976E-04     0.4614956376E-08    -0.1724941151E+03     0.6657572942E+03     0.6850024632E+04
    0.1085626878E-02     0.3609815192E-03     0.5857939926E-06     0.9859127113E-04     0.4611534016E-08    -0.1731717478E+03     0.6632586591E+03     0.6852885644E+04
    0.1085296519E-02     0.3607758157E-03     0.5853474160E-06     0.9836106235E-04     0.4608201312E-08    -0.1738454630E+03     0.6607428476E+03     0.6855685257E+04
    0.1084972472E-02     0.3605744633E-03     0.5849144919E-06     0.9813744814E-04     0.4604956916E-08    -0.1745152242E+03     0.6582100786E+03     0.6858424326E+04
    0.1084654669E-02     0.3603773996E-03     0.5844949739E-06     0.9792027668E-04     0.4601799505E-08    -0.1751809955E+03     0.6556605678E+03     0.6861103706E+04
    0.1084343024E-02     0.3601845571E-03     0.5840886029E-06     0.9770939677E-04     0.4598727643E-08    -0.1758427424E+03     0.6530945315E+03     0.6863724254E+04
    0.1084037456E-02     0.3599958680E-03     0.5836951135E-06     0.9750465597E-04     0.4595739836E-08    -0.1765004442E+03     0.6505121302E+03     0.6866286882E+04
    0.1083737897E-02     0.3598112709E-03     0.5833142494E-06     0.9730590910E-04     0.4592834645E-08    -0.1771540670E+03     0.6479135750E+03     0.6868792443E+04
    0.1083444261E-02     0.3596306995E-03     0.5829457437E-06     0.9711301170E-04     0.4590010532E-08    -0.1778035779E+03     0.6452990774E+03     0.6871241791E+04
    0.1083156481E-02     0.3594540930E-03     0.5825893354E-06     0.9692582287E-04     0.4587265990E-08    -0.1784489447E+03     0.6426688456E+03     0.6873635781E+04
    0.1082874484E-02     0.3592813913E-03     0.5822447636E-06     0.9674420663E-04     0.4584599498E-08    -0.1790901231E+03     0.6400231412E+03     0.6875975218E+04
    0.1082598174E-02     0.3591125234E-03     0.5819117451E-06     0.9656802058E-04     0.4582009342E-08    -0.1797270964E+03     0.6373621183E+03     0.6878261003E+04
    0.1082327485E-02     0.3589474291E-03     0.5815900130E-06     0.9639712766E-04     0.4579493919E-08    -0.1803598469E+03     0.6346859247E+03     0.6880494032E+04
    0.1082062347E-02     0.3587860496E-03     0.5812793035E-06     0.9623139853E-04     0.4577051627E-08    -0.1809883319E+03     0.6319948171E+03     0.6882675105E+04
    0.1081802676E-02     0.3586283210E-03     0.5809793427E-06     0.9607070189E-04     0.4574680770E-08    -0.1816125226E+03     0.6292889976E+03     0.6884805068E+04
    0.1081548406E-02     0.3584741852E-03     0.5806898651E-06     0.9591491010E-04     0.4572379694E-08    -0.1822323899E+03     0.6265686643E+03     0.6886884764E+04
    0.1081299447E-02     0.3583235755E-03     0.5804105899E-06     0.9576389309E-04     0.4570146606E-08    -0.1828479162E+03     0.6238339614E+03     0.6888915074E+04
    0.1081055766E-02     0.3581764465E-03     0.5801412731E-06     0.9561753322E-04     0.4567979974E-08    -0.1834590559E+03     0.6210851354E+03     0.6890896793E+04
    0.1080817278E-02     0.3580327370E-03     0.5798816437E-06     0.9547571033E-04     0.4565878041E-08    -0.1840657604E+03     0.6183224392E+03     0.6892830716E+04
    0.1080583944E-02     0.3578923967E-03     0.5796314476E-06     0.9533830310E-04     0.4563839148E-08    -0.1846680047E+03     0.6155459533E+03     0.6894717753E+04
    0.1080355778E-02     0.3577553969E-03     0.5793904678E-06     0.9520520436E-04     0.4561861910E-08    -0.1852657036E+03     0.6127559208E+03     0.6896558697E+04
    0.1080132824E-02     0.3576217191E-03     0.5791585036E-06     0.9507630952E-04     0.4559945042E-08    -0.1858587369E+03     0.6099525327E+03     0.6898354379E+04
    0.1079913832E-02     0.3574909150E-03     0.5789346593E-06     0.9495140197E-04     0.4558081762E-08    -0.1864472254E+03     0.6071359716E+03     0.6900105392E+04
    0.1079699549E-02     0.3573632013E-03     0.5787191143E-06     0.9483044559E-04     0.4556273726E-08    -0.1870313785E+03     0.6043064801E+03     0.6901812423E+04
    0.1079490332E-02     0.3572386613E-03     0.5785118329E-06     0.9471336734E-04     0.4554520861E-08    -0.1876111463E+03     0.6014641855E+03     0.6903476340E+04
    0.1079285922E-02     0.3571171777E-03     0.5783124564E-06     0.9460004463E-04     0.4552820516E-08    -0.1881864097E+03     0.5986092672E+03     0.6905097956E+04
    0.1079086172E-02     0.3569986709E-03     0.5781206892E-06     0.9449036856E-04     0.4551170507E-08    -0.1887570982E+03     0.5957419600E+03     0.6906678049E+04
    0.1078890972E-02     0.3568830727E-03     0.5779362565E-06     0.9438423356E-04     0.4549568776E-08    -0.1893231771E+03     0.5928624416E+03     0.6908217416E+04
    0.1078700241E-02     0.3567703259E-03     0.5777589026E-06     0.9428153898E-04     0.4548013380E-08    -0.1898846212E+03     0.5899708859E+03     0.6909716851E+04
    0.1078513895E-02     0.3566603717E-03     0.5775883721E-06     0.9418218579E-04     0.4546502340E-08    -0.1904414097E+03     0.5870674669E+03     0.6911177138E+04
    0.1078331865E-02     0.3565531574E-03     0.5774244208E-06     0.9408607850E-04     0.4545033730E-08    -0.1909935232E+03     0.5841523545E+03     0.6912599055E+04
    0.1078154080E-02     0.3564486305E-03     0.5772668070E-06     0.9399312492E-04     0.4543605609E-08    -0.1915409333E+03     0.5812257740E+03     0.6913983346E+04
    0.1077980461E-02     0.3563467356E-03     0.5771152863E-06     0.9390323261E-04     0.4542215969E-08    -0.1920836234E+03     0.5782878940E+03     0.6915330773E+04
    0.1077810934E-02     0.3562474185E-03     0.5769696179E-06     0.9381631023E-04     0.4540862787E-08    -0.1926215873E+03     0.5753388230E+03     0.6916642119E+04
    0.1077645443E-02     0.3561506327E-03     0.5768295755E-06     0.9373227282E-04     0.4539544120E-08    -0.1931547981E+03     0.5723787786E+03     0.6917918105E+04
    0.1077483905E-02     0.3560563246E-03     0.5766949216E-06     0.9365103512E-04     0.4538257891E-08    -0.1936832307E+03     0.5694079815E+03     0.6919159446E+04
    0.1077326259E-02     0.3559644452E-03     0.5765654288E-06     0.9357251386E-04     0.4537002054E-08    -0.1942068705E+03     0.5664265901E+03     0.6920366877E+04
    0.1077172427E-02     0.3558749425E-03     0.5764408654E-06     0.9349662673E-04     0.4535774483E-08    -0.1947257032E+03     0.5634347634E+03     0.6921541121E+04
    0.1077022347E-02     0.3557877687E-03     0.5763210083E-06     0.9342329445E-04     0.4534573067E-08    -0.1952397150E+03     0.5604326560E+03     0.6922682893E+04
    0.1076875953E-02     0.3557028766E-03     0.5762056347E-06     0.9335244043E-04     0.4533395653E-08    -0.1957488828E+03     0.5574204791E+03     0.6923792880E+04
    0.1076733171E-02     0.3556202158E-03     0.5760945185E-06     0.9328398814E-04     0.4532240005E-08    -0.1962531941E+03     0.5543983860E+03     0.6924871781E+04
    0.1076593940E-02     0.3555397408E-03     0.5759874412E-06     0.9321786393E-04     0.4531103888E-08    -0.1967526364E+03     0.5513665258E+03     0.6925920285E+04
    0.1076458195E-02     0.3554614059E-03     0.5758841837E-06     0.9315399670E-04     0.4529985011E-08    -0.1972471884E+03     0.5483251044E+03     0.6926939055E+04
    0.1076325866E-02     0.3553851629E-03     0.5757845229E-06     0.9309231544E-04     0.4528880986E-08    -0.1977368392E+03     0.5452742697E+03     0.6927928762E+04
    0.1076196899E-02     0.3553109709E-03     0.5756882466E-06     0.9303275348E-04     0.4527789453E-08    -0.1982215685E+03     0.5422142218E+03     0.6928890054E+04
    0.1076071206E-02     0.3552387768E-03     0.5755951216E-06     0.9297524095E-04     0.4526707809E-08    -0.1987013757E+03     0.5391450511E+03     0.6929823601E+04
    0.1075948759E-02     0.3551685481E-03     0.5755049465E-06     0.9291971655E-04     0.4525633644E-08    -0.1991762407E+03     0.5360669493E+03     0.6930730033E+04
    0.1075829464E-02     0.3551002315E-03     0.5754174838E-06     0.9286611499E-04     0.4524564193E-08    -0.1996461463E+03     0.5329801209E+03     0.6931609967E+04
    0.1075713286E-02     0.3550337930E-03     0.5753325244E-06     0.9281437673E-04     0.4523496836E-08    -0.2001110827E+03     0.5298846979E+03     0.6932464032E+04
    0.1075600142E-02     0.3549691842E-03     0.5752498329E-06     0.9276444071E-04     0.4522428673E-08    -0.2005710335E+03     0.5267808791E+03     0.6933292831E+04
    0.1075489982E-02     0.3549063661E-03     0.5751691854E-06     0.9271624846E-04     0.4521356797E-08    -0.2010259991E+03     0.5236687391E+03     0.6934096986E+04
    0.1075382746E-02     0.3548452985E-03     0.5750903512E-06     0.9266974396E-04     0.4520278182E-08    -0.2014759629E+03     0.5205484684E+03     0.6934877082E+04
    0.1075278378E-02     0.3547859423E-03     0.5750130952E-06     0.9262487270E-04     0.4519189678E-08    -0.2019209093E+03     0.5174202562E+03     0.6935633694E+04
    0.1075176820E-02     0.3547282587E-03     0.5749371769E-06     0.9258158162E-04     0.4518088005E-08    -0.2023608238E+03     0.5142842902E+03     0.6936367388E+04
    0.1075078003E-02     0.3546722045E-03     0.5748623424E-06     0.9253981686E-04     0.4516969662E-08    -0.2027957084E+03     0.5111406430E+03     0.6937078751E+04
    0.1074981891E-02     0.3546177489E-03     0.5747883482E-06     0.9249953006E-04     0.4515831152E-08    -0.2032255484E+03     0.5079894942E+03     0.6937768329E+04
    0.1074888416E-02     0.3545648511E-03     0.5747149256E-06     0.9246067200E-04     0.4514668691E-08    -0.2036503231E+03     0.5048310885E+03     0.6938436651E+04
    0.1074797521E-02     0.3545134732E-03     0.5746418010E-06     0.9242319409E-04     0.4513478322E-08    -0.2040700357E+03     0.5016654916E+03     0.6939084272E+04
    0.1074709156E-02     0.3544635806E-03     0.5745686936E-06     0.9238705028E-04     0.4512255931E-08    -0.2044846813E+03     0.4984928240E+03     0.6939711725E+04
    0.1074623269E-02     0.3544151384E-03     0.5744953090E-06     0.9235219612E-04     0.4510997201E-08    -0.2048942478E+03     0.4953132644E+03     0.6940319521E+04
    0.1074539808E-02     0.3543681124E-03     0.5744213390E-06     0.9231858845E-04     0.4509697592E-08    -0.2052987238E+03     0.4921269899E+03     0.6940908166E+04
    0.1074458722E-02     0.3543224690E-03     0.5743464603E-06     0.9228618536E-04     0.4508352334E-08    -0.2056980989E+03     0.4889341765E+03     0.6941478153E+04
    0.1074379955E-02     0.3542781730E-03     0.5742703289E-06     0.9225494533E-04     0.4506956363E-08    -0.2060923704E+03     0.4857349416E+03     0.6942029980E+04
    0.1074303460E-02     0.3542351930E-03     0.5741925863E-06     0.9222482886E-04     0.4505504379E-08    -0.2064815356E+03     0.4825293988E+03     0.6942564132E+04
    0.1074229194E-02     0.3541934991E-03     0.5741128548E-06     0.9219579869E-04     0.4503990846E-08    -0.2068655781E+03     0.4793177770E+03     0.6943081069E+04
    0.1074157091E-02     0.3541530534E-03     0.5740307188E-06     0.9216781544E-04     0.4502409761E-08    -0.2072445040E+03     0.4761001350E+03     0.6943581268E+04
    0.1074087127E-02     0.3541138339E-03     0.5739457608E-06     0.9214084556E-04     0.4500755015E-08    -0.2076183039E+03     0.4728766345E+03     0.6944065180E+04
    0.1074019237E-02     0.3540758043E-03     0.5738575118E-06     0.9211485306E-04     0.4499020004E-08    -0.2079869643E+03     0.4696475080E+03     0.6944533238E+04
    0.1073953381E-02     0.3540389369E-03     0.5737654822E-06     0.9208980429E-04     0.4497197784E-08    -0.2083504913E+03     0.4664128030E+03     0.6944985893E+04
    0.1073889514E-02     0.3540032032E-03     0.5736691456E-06     0.9206566685E-04     0.4495281050E-08    -0.2087088782E+03     0.4631726849E+03     0.6945423567E+04
    0.1073827591E-02     0.3539685749E-03     0.5735679371E-06     0.9204240943E-04     0.4493262090E-08    -0.2090621189E+03     0.4599273181E+03     0.6945846679E+04
    0.1073767565E-02     0.3539350230E-03     0.5734612455E-06     0.9202000104E-04     0.4491132708E-08    -0.2094102143E+03     0.4566768085E+03     0.6946255642E+04
    0.1073709401E-02     0.3539025231E-03     0.5733484207E-06     0.9199841311E-04     0.4488884331E-08    -0.2097531589E+03     0.4534213154E+03     0.6946650856E+04
    0.1073653047E-02     0.3538710464E-03     0.5732287536E-06     0.9197761676E-04     0.4486507852E-08    -0.2100909484E+03     0.4501610024E+03     0.6947032711E+04
    0.1073598467E-02     0.3538405680E-03     0.5731014825E-06     0.9195758472E-04     0.4483993657E-08    -0.2104235847E+03     0.4468959694E+03     0.6947401599E+04
    0.1073545619E-02     0.3538110628E-03     0.5729657844E-06     0.9193829073E-04     0.4481331630E-08    -0.2107510642E+03     0.4436263751E+03     0.6947757892E+04
    0.1073494464E-02     0.3537825063E-03     0.5728207688E-06     0.9191970945E-04     0.4478511103E-08    -0.2110733839E+03     0.4403523770E+03     0.6948101958E+04
    0.1073444957E-02     0.3537548728E-03     0.5726654671E-06     0.9190181588E-04     0.4475520764E-08    -0.2113905470E+03     0.4370740747E+03     0.6948434162E+04
    0.1073397068E-02     0.3537281415E-03     0.5724988374E-06     0.9188458713E-04     0.4472348780E-08    -0.2117025513E+03     0.4337916209E+03     0.6948754854E+04
    0.1073350755E-02     0.3537022884E-03     0.5723197475E-06     0.9186800055E-04     0.4468982714E-08    -0.2120093901E+03     0.4305052305E+03     0.6949064373E+04
    0.1073305972E-02     0.3536772882E-03     0.5721269579E-06     0.9185203328E-04     0.4465409289E-08    -0.2123110741E+03     0.4272149423E+03     0.6949363066E+04
    0.1073262691E-02     0.3536531220E-03     0.5719191333E-06     0.9183666501E-04     0.4461614646E-08    -0.2126076080E+03     0.4239208464E+03     0.6949651265E+04
    0.1073220876E-02     0.3536297685E-03     0.5716948283E-06     0.9182187608E-04     0.4457584388E-08    -0.2128989826E+03     0.4206232120E+03     0.6949929281E+04
    0.1073180474E-02     0.3536072011E-03     0.5714524505E-06     0.9180764543E-04     0.4453303085E-08    -0.2131852120E+03     0.4173220779E+03     0.6950197437E+04
    0.1073141460E-02     0.3535854034E-03     0.5711902889E-06     0.9179395573E-04     0.4448754772E-08    -0.2134663018E+03     0.4140175860E+03     0.6950456039E+04
    0.1073103771E-02     0.3535643459E-03     0.5709064680E-06     0.9178078699E-04     0.4443922689E-08    -0.2137422606E+03     0.4107099511E+03     0.6950705381E+04
    0.1073067345E-02     0.3535440005E-03     0.5705989347E-06     0.9176811990E-04     0.4438789045E-08    -0.2140131233E+03     0.4073992014E+03     0.6950945760E+04
    0.1073032085E-02     0.3535243272E-03     0.5702654457E-06     0.9175593298E-04     0.4433335273E-08    -0.2142789394E+03     0.4040854842E+03     0.6951177454E+04
    0.1072997828E-02     0.3535052656E-03     0.5699035345E-06     0.9174420021E-04     0.4427541859E-08    -0.2145398041E+03     0.4007690042E+03     0.6951400723E+04
    0.1072964261E-02     0.3534867057E-03     0.5695104329E-06     0.9173288315E-04     0.4421387720E-08    -0.2147959233E+03     0.3974498529E+03     0.6951615813E+04
    0.1072930809E-02     0.3534684510E-03     0.5690829967E-06     0.9172192155E-04     0.4414849862E-08    -0.2150477083E+03     0.3941281137E+03     0.6951822926E+04
    0.1072896309E-02     0.3534501126E-03     0.5686175364E-06     0.9171120615E-04     0.4407902390E-08    -0.2152959815E+03     0.3908039931E+03     0.6952022185E+04
    0.1072858425E-02     0.3534309152E-03     0.5681094554E-06     0.9170052788E-04     0.4400513675E-08    -0.2155424304E+03     0.3874775816E+03     0.6952213570E+04
    0.1072812436E-02     0.3534092985E-03     0.5675526109E-06     0.9168947483E-04     0.4392641822E-08    -0.2157904838E+03     0.3841490281E+03     0.6952396764E+04
    0.1072748732E-02     0.3533820919E-03     0.5669379734E-06     0.9167721802E-04     0.4384224557E-08    -0.2160471320E+03     0.3808184950E+03     0.6952570850E+04
    0.1072647759E-02     0.3533428497E-03     0.5662509437E-06     0.9166207971E-04     0.4375158790E-08    -0.2163266331E+03     0.3774860996E+03     0.6952733704E+04
    0.1072469682E-02     0.3532784464E-03     0.5654659548E-06     0.9164065041E-04     0.4365259602E-08    -0.2166580533E+03     0.3741520559E+03     0.6952880722E+04
    0.1072133362E-02     0.3531621526E-03     0.5645354952E-06     0.9160599328E-04     0.4354176267E-08    -0.2171006536E+03     0.3708166530E+03     0.6953002247E+04
    0.1071473663E-02     0.3529395715E-03     0.5633679150E-06     0.9154399711E-04     0.4341222438E-08    -0.2177752101E+03     0.3674803345E+03     0.6953078279E+04
    0.1070155085E-02     0.3525001938E-03     0.5617826808E-06     0.9142599999E-04     0.4325033748E-08    -0.2189276664E+03     0.3641438579E+03     0.6953067557E+04
    0.1067498521E-02     0.3516203360E-03     0.5594208857E-06     0.9119399272E-04     0.4302883138E-08    -0.2210580824E+03     0.3608085616E+03     0.6952884835E+04
    0.1062139719E-02     0.3498506509E-03     0.5555694780E-06     0.9073145049E-04     0.4269337078E-08    -0.2251798793E+03     0.3574771285E+03     0.6952352593E+04
    0.1051379947E-02     0.3463022608E-03     0.5488282817E-06     0.8980787874E-04     0.4213711348E-08    -0.2333337943E+03     0.3541548242E+03     0.6951094960E+04
    0.1030046096E-02     0.3392713276E-03     0.5365282254E-06     0.8798147068E-04     0.4115629589E-08    -0.2495771482E+03     0.3508519005E+03     0.6948292067E+04
    0.9888466951E-03     0.3256976098E-03     0.5138989016E-06     0.8445872885E-04     0.3938676449E-08    -0.2817719683E+03     0.3475881676E+03     0.6942076180E+04
