# Convergence file
# Iter  CFL  res
       1              0.10000    3.00952   2.87730   7.03561
       2              0.10000    2.93666   2.81732   6.95451
       3              0.11000    2.86759   2.76037   6.88222
       4              0.12100    2.79676   2.70168   6.81372
       5              0.13310    2.72484   2.64166   6.75054
       6              0.14641    2.65260   2.58078   6.69366
       7              0.16105    2.58079   2.51953   6.64309
       8              0.17716    2.51038   2.45864   6.59809
       9              0.19487    2.44190   2.39855   6.55756
      10              0.21436    2.37592   2.33981   6.52025
      11              0.23579    2.31260   2.28271   6.48527
      12              0.25937    2.25216   2.22766   6.45168
      13              0.28531    2.19446   2.17481   6.41904
      14              0.31384    2.13913   2.12417   6.38639
      15              0.34523    2.08588   2.07560   6.35431
      16              0.37975    2.03436   2.02890   6.32246
      17              0.41772    1.98424   1.98383   6.29096
      18              0.45950    1.93407   1.93896   6.26034
      19              0.50545    1.88523   1.89564   6.22906
      20              0.55599    1.83763   1.85391   6.19769
      21              0.61159    1.79085   1.81339   6.16673
      22              0.67275    1.74356   1.77302   6.13499
      23              0.74002    1.69682   1.73360   6.10397
      24              0.81403    1.65040   1.69493   6.07333
      25              0.89543    1.60430   1.65702   6.04333
      26              0.98497    1.55839   1.61978   6.01368
      27              1.08347    1.51247   1.58308   5.98437
      28              1.19182    1.46646   1.54687   5.95544
      29              1.31100    1.42023   1.51108   5.92668
      30              1.44210    1.37353   1.47562   5.89796
      31              1.58631    1.32631   1.44044   5.86951
      32              1.74494    1.27789   1.40516   5.84102
      33              1.91943    1.22847   1.37006   5.81253
      34              2.11138    1.17835   1.33527   5.78461
      35              2.32252    1.12729   1.30072   5.75696
      36              2.55477    1.07519   1.26637   5.72954
      37              2.81024    1.02184   1.23219   5.70227
      38              3.09127    0.96720   1.19818   5.67525
      39              3.40039    0.91032   1.16400   5.64806
      40              3.74043    0.85177   1.12994   5.62118
      41              4.11448    0.79169   1.09602   5.59469
      42              4.52593    0.73019   1.06223   5.56837
      43              4.97852    0.66746   1.02851   5.54222
      44              5.47637    0.60456   0.99473   5.51636
      45              6.02401    0.54128   0.96082   5.49400
      46              6.62641    0.48060   0.92682   5.46662
      47              7.28905    0.42556   0.89263   5.44234
      48              8.01795    0.38241   0.85852   5.41840
      49              8.81975    0.35170   0.82444   5.39479
      50              9.70172    0.33735   0.79053   5.37205
      51             10.67190    0.33679   0.75669   5.34979
      52             11.73909    0.34576   0.72280   5.32809
      53             12.91299    0.36061   0.68898   5.30698
      54             14.20429    0.37836   0.65516   5.28662
      55             15.62472    0.39641   0.62127   5.26682
      56             17.18719    0.41376   0.58741   5.24744
      57             18.90591    0.43007   0.55349   5.22844
      58             20.79651    0.44388   0.51917   5.21062
      59             22.87616    0.45642   0.48495   5.19234
      60             25.16377    0.46694   0.45062   5.17471
      61             27.68015    0.47585   0.41634   5.15748
      62             30.44816    0.48293   0.38193   5.14064
      63             33.49298    0.48857   0.34754   5.12351
      64             36.84228    0.49255   0.31296   5.10723
      65             40.52651    0.49536   0.27830   5.09114
      66             44.57916    0.49665   0.24336   5.07544
      67             49.03707    0.49682   0.20846   5.05983
      68             53.94078    0.49598   0.17364   5.04423
      69             59.33486    0.49393   0.13854   5.02968
      70             65.26834    0.49166   0.10366   5.01443
      71             71.79518    0.48690   0.06819   5.00053
      72             78.97470    0.48198   0.03303   4.98694
      73             86.87217    0.47627  -0.00191   4.97356
      74             95.55938    0.46999  -0.03590   4.96161
      75            105.11532    0.46208  -0.07171   4.94925
      76            115.62685    0.45367  -0.10628   4.93840
      77            127.18954    0.44446  -0.14029   4.92782
      78            139.90849    0.43481  -0.17318   4.91840
      79            153.89934    0.42361  -0.20587   4.91053
      80            169.28927    0.41203  -0.23695   4.90166
      81            186.21820    0.39967  -0.26649   4.89392
      82            204.84002    0.38657  -0.29388   4.88738
      83            225.32402    0.37293  -0.31858   4.88094
      84            247.85643    0.35879  -0.34025   4.87428
      85            272.64207    0.34417  -0.35852   4.86626
      86            299.90628    0.32939  -0.37169   4.86010
      87            329.89690    0.31474  -0.38120   4.85093
      88            362.88659    0.30041  -0.38475   4.84316
      89            399.17525    0.28638  -0.38123   4.83837
      90            439.09278    0.27205  -0.36821   4.82570
      91            483.00206    0.25564  -0.34538   4.81180
      92            531.30226    0.23501  -0.31074   4.80937
      93            584.43249    0.20730  -0.26787   4.80646
      94            642.87574    0.17091  -0.22179   4.77314
      95            707.16331    0.13637  -0.17911   4.80301
      96            777.87964    0.10139  -0.14526   4.74955
      97            855.66760    0.09590  -0.12460   4.71520
      98            941.23437    0.11157  -0.12164   4.70765
      99           1035.35780    0.14827  -0.14070   4.75789
     100           1138.89358    0.18095  -0.18884   4.75020
     101           1252.78294    0.18698  -0.27815   4.58041
     102           1378.06123    0.17419  -0.42334   4.69674
     103           1515.86736    0.11640  -0.60337   4.56573
     104           1667.45409    0.00584  -0.58808   4.57660
     105           1834.19950   -0.15792  -0.42971   4.80289
     106           1834.19950   -0.42101  -0.33404   4.46549
     107           2017.61945   -0.60789  -0.29353   4.47195
     108           2219.38140   -0.77714  -0.27848   4.27932
     109           2441.31954   -0.72090  -0.27616   4.26490
     110           2685.45149   -0.64565  -0.27988   4.43485
     111           2953.99664   -0.60700  -0.29080   4.47663
     112           3249.39630   -0.71535  -0.31479   4.45909
     113           3574.33594   -0.76605  -0.35104   4.43149
     114           3931.76953   -0.88051  -0.40204   4.22622
     115           4324.94648   -0.90726  -0.45896   4.23689
     116           4757.44113   -0.90671  -0.51840   4.22551
     117           5233.18524   -0.97032  -0.58494   4.12040
     118           5756.50377   -0.89679  -0.65523   4.20563
     119           6332.15414   -0.95329  -0.73318   4.13594
     120           6965.36956   -1.10875  -0.82120   3.93547
     121           7661.90651   -1.07473  -0.91489   3.96350
     122           8428.09717   -1.20782  -1.01558   3.80265
     123           9270.90688   -1.28522  -1.12801   3.72759
     124          10197.99757   -1.25597  -1.24719   3.75465
     125          11217.79733   -1.40323  -1.37270   3.59728
     126          12339.57706   -1.57406  -1.51040   3.40539
     127          13573.53477   -1.77548  -1.64985   3.26247
     128          14930.88824   -1.83244  -1.79674   3.20333
     129          16423.97707   -2.09892  -1.94462   2.95940
     130          18066.37477   -1.92315  -2.09228   3.10480
     131          19873.01225   -1.88614  -2.24777   3.10645
     132          21860.31348   -1.76019  -2.39982   3.25498
     133          24046.34482   -2.38312  -2.55697   2.58808
     134          26450.97931   -2.13916  -2.71105   2.88239
     135          29096.07724   -2.25157  -2.88738   2.74913
     136          32005.68496   -2.08256  -3.06163   2.91118
     137          35206.25346   -2.34978  -3.24831   2.66566
     138          38726.87880   -3.51073  -3.44602   1.52998
     139          42599.56668   -2.83029  -3.65792   2.17071
     140          46859.52335   -3.31604  -3.88519   1.71313
     141          51545.47568   -3.24428  -4.12983   1.76713
     142          56700.02325   -3.39403  -4.39180   1.60972
     143          62370.02558   -3.59693  -4.67459   1.42361
     144          68607.02814   -3.96424  -4.97674   1.05931
     145          75467.73095   -4.27179  -5.29936   0.75277
     146          83014.50404   -4.59356  -5.64283   0.43088
     147          91315.95445   -4.94163  -6.00727   0.08255
     148         100447.54989   -5.32354  -6.39161  -0.29956
     149         110492.30488   -5.74653  -6.79455  -0.72273
     150         121541.53537   -6.22169  -7.21427  -1.19812
     151         133695.68891   -6.77146  -7.64878  -1.74861
     152         147065.25780   -7.45708  -8.09637  -2.43922
     153         161771.78358   -8.30338  -8.55620  -3.36327
