 -0.423783E+02
 -0.423610E+02
 -0.423429E+02
 -0.423239E+02
 -0.423041E+02
 -0.422834E+02
 -0.422619E+02
 -0.422394E+02
 -0.422161E+02
 -0.421919E+02
 -0.421668E+02
 -0.421408E+02
 -0.421138E+02
 -0.420859E+02
 -0.420571E+02
 -0.420273E+02
 -0.419965E+02
 -0.419648E+02
 -0.419321E+02
 -0.418984E+02
 -0.418637E+02
 -0.418279E+02
 -0.417912E+02
 -0.417534E+02
 -0.417146E+02
 -0.416747E+02
 -0.416338E+02
 -0.415918E+02
 -0.415487E+02
 -0.415045E+02
 -0.414592E+02
 -0.414128E+02
 -0.413653E+02
 -0.413166E+02
 -0.412668E+02
 -0.412159E+02
 -0.411638E+02
 -0.411105E+02
 -0.410560E+02
 -0.410003E+02
 -0.409435E+02
 -0.408854E+02
 -0.408261E+02
 -0.407655E+02
 -0.407037E+02
 -0.406407E+02
 -0.405764E+02
 -0.405108E+02
 -0.404439E+02
 -0.403757E+02
 -0.403062E+02
 -0.402354E+02
 -0.401633E+02
 -0.400898E+02
 -0.400150E+02
 -0.399388E+02
 -0.398613E+02
 -0.397823E+02
 -0.397020E+02
 -0.396203E+02
 -0.395372E+02
 -0.394526E+02
 -0.393667E+02
 -0.392792E+02
 -0.391904E+02
 -0.391000E+02
 -0.390082E+02
 -0.389150E+02
 -0.388202E+02
 -0.387239E+02
 -0.386262E+02
 -0.385269E+02
 -0.384260E+02
 -0.383237E+02
 -0.382198E+02
 -0.381143E+02
 -0.380073E+02
 -0.378987E+02
 -0.377885E+02
 -0.376767E+02
 -0.375634E+02
 -0.374484E+02
 -0.373318E+02
 -0.372136E+02
 -0.370937E+02
 -0.369722E+02
 -0.368490E+02
 -0.367242E+02
 -0.365978E+02
 -0.364696E+02
 -0.363398E+02
 -0.362082E+02
 -0.360750E+02
 -0.359401E+02
 -0.358035E+02
 -0.356651E+02
 -0.355251E+02
 -0.353833E+02
 -0.352397E+02
 -0.350944E+02
 -0.349474E+02
 -0.347986E+02
 -0.346481E+02
 -0.344958E+02
 -0.343417E+02
 -0.341858E+02
 -0.340282E+02
 -0.338688E+02
 -0.337076E+02
 -0.335446E+02
 -0.333798E+02
 -0.332132E+02
 -0.330448E+02
 -0.328746E+02
 -0.327026E+02
 -0.325287E+02
 -0.323531E+02
 -0.321756E+02
 -0.319964E+02
 -0.318153E+02
 -0.316323E+02
 -0.314476E+02
 -0.312610E+02
 -0.310727E+02
 -0.308824E+02
 -0.306904E+02
 -0.304966E+02
 -0.303009E+02
 -0.301034E+02
 -0.299041E+02
 -0.297029E+02
 -0.295000E+02
 -0.292952E+02
 -0.290886E+02
 -0.288802E+02
 -0.286700E+02
 -0.284580E+02
 -0.282442E+02
 -0.280287E+02
 -0.278113E+02
 -0.275921E+02
 -0.273712E+02
 -0.271485E+02
 -0.269240E+02
 -0.266978E+02
 -0.264698E+02
 -0.262401E+02
 -0.260086E+02
 -0.257754E+02
 -0.255405E+02
 -0.253038E+02
 -0.250655E+02
 -0.248254E+02
 -0.245837E+02
 -0.243403E+02
 -0.240953E+02
 -0.238485E+02
 -0.236002E+02
 -0.233502E+02
 -0.230986E+02
 -0.228454E+02
 -0.225906E+02
 -0.223342E+02
 -0.220762E+02
 -0.218167E+02
 -0.215556E+02
 -0.212931E+02
 -0.210290E+02
 -0.207634E+02
 -0.204964E+02
 -0.202279E+02
 -0.199579E+02
 -0.196865E+02
 -0.194137E+02
 -0.191395E+02
 -0.188640E+02
 -0.185871E+02
 -0.183088E+02
 -0.180292E+02
 -0.177484E+02
 -0.174662E+02
 -0.171828E+02
 -0.168982E+02
 -0.166123E+02
 -0.163253E+02
 -0.160371E+02
 -0.157477E+02
 -0.154572E+02
 -0.151656E+02
 -0.148729E+02
 -0.145791E+02
 -0.142843E+02
 -0.139885E+02
 -0.136918E+02
 -0.133940E+02
 -0.130953E+02
 -0.127957E+02
 -0.124952E+02
 -0.121939E+02
 -0.118917E+02
 -0.115887E+02
 -0.112849E+02
 -0.109804E+02
 -0.106751E+02
 -0.103691E+02
 -0.100624E+02
 -0.975513E+01
 -0.944720E+01
 -0.913868E+01
 -0.882959E+01
 -0.851996E+01
 -0.820982E+01
 -0.789921E+01
 -0.758813E+01
 -0.727664E+01
 -0.696475E+01
 -0.665249E+01
 -0.633990E+01
 -0.602700E+01
 -0.571383E+01
 -0.540040E+01
 -0.508676E+01
 -0.477292E+01
 -0.445893E+01
 -0.414481E+01
 -0.383058E+01
 -0.351629E+01
 -0.320195E+01
 -0.288761E+01
 -0.257328E+01
 -0.225900E+01
 -0.194480E+01
 -0.163071E+01
 -0.131676E+01
 -0.100298E+01
 -0.689388E+00
 -0.376028E+00
 -0.629239E-01
  0.249894E+00
  0.562396E+00
  0.874554E+00
  0.118634E+01
  0.149772E+01
  0.180867E+01
  0.211916E+01
  0.242916E+01
  0.273864E+01
  0.304758E+01
  0.335594E+01
  0.366370E+01
  0.397083E+01
  0.427731E+01
  0.458310E+01
  0.488817E+01
  0.519251E+01
  0.549609E+01
  0.579887E+01
  0.610083E+01
  0.640195E+01
  0.670220E+01
  0.700155E+01
  0.729998E+01
  0.759747E+01
  0.789398E+01
  0.818950E+01
  0.848401E+01
  0.877746E+01
  0.906986E+01
  0.936116E+01
  0.965135E+01
  0.994041E+01
  0.102283E+02
  0.105150E+02
  0.108005E+02
  0.110848E+02
  0.113679E+02
  0.116497E+02
  0.119302E+02
  0.122094E+02
  0.124873E+02
  0.127638E+02
  0.130390E+02
  0.133128E+02
  0.135852E+02
  0.138562E+02
  0.141257E+02
  0.143938E+02
  0.146605E+02
  0.149256E+02
  0.151893E+02
  0.154514E+02
  0.157120E+02
  0.159711E+02
  0.162286E+02
  0.164846E+02
  0.167389E+02
  0.169917E+02
  0.172428E+02
  0.174924E+02
  0.177403E+02
  0.179865E+02
  0.182311E+02
  0.184740E+02
  0.187153E+02
  0.189548E+02
  0.191927E+02
  0.194288E+02
  0.196632E+02
  0.198959E+02
  0.201269E+02
  0.203561E+02
  0.205836E+02
  0.208093E+02
  0.210333E+02
  0.212555E+02
  0.214759E+02
  0.216945E+02
  0.219114E+02
  0.221264E+02
  0.223397E+02
  0.225512E+02
  0.227608E+02
  0.229687E+02
  0.231747E+02
  0.233790E+02
  0.235814E+02
  0.237820E+02
  0.239807E+02
  0.241777E+02
  0.243728E+02
  0.245661E+02
  0.247576E+02
  0.249473E+02
  0.251351E+02
  0.253211E+02
  0.255053E+02
  0.256877E+02
  0.258682E+02
  0.260469E+02
  0.262238E+02
  0.263989E+02
  0.265722E+02
  0.267437E+02
  0.269133E+02
  0.270811E+02
  0.272472E+02
  0.274114E+02
  0.275739E+02
  0.277345E+02
  0.278934E+02
  0.280504E+02
  0.282057E+02
  0.283592E+02
  0.285110E+02
  0.286610E+02
  0.288092E+02
  0.289557E+02
  0.291004E+02
  0.292434E+02
  0.293846E+02
  0.295241E+02
  0.296619E+02
  0.297980E+02
  0.299323E+02
  0.300650E+02
  0.301960E+02
  0.303252E+02
  0.304528E+02
  0.305788E+02
  0.307030E+02
  0.308256E+02
  0.309466E+02
  0.310659E+02
  0.311835E+02
  0.312996E+02
  0.314140E+02
  0.315268E+02
  0.316381E+02
  0.317477E+02
  0.318557E+02
  0.319622E+02
  0.320671E+02
  0.321705E+02
  0.322723E+02
  0.323726E+02
  0.324713E+02
  0.325686E+02
  0.326643E+02
  0.327585E+02
  0.328513E+02
  0.329425E+02
  0.330323E+02
  0.331207E+02
  0.332075E+02
  0.332930E+02
  0.333770E+02
  0.334596E+02
  0.335408E+02
  0.336206E+02
  0.336990E+02
  0.337760E+02
  0.338517E+02
  0.339260E+02
  0.339989E+02
  0.340705E+02
  0.341408E+02
  0.342098E+02
  0.342774E+02
  0.343438E+02
  0.344089E+02
  0.344727E+02
  0.345352E+02
  0.345965E+02
  0.346565E+02
  0.347154E+02
  0.347729E+02
  0.348293E+02
  0.348845E+02
  0.349384E+02
  0.349912E+02
  0.350428E+02
  0.350933E+02
  0.351426E+02
  0.351907E+02
  0.352378E+02
  0.352837E+02
  0.353285E+02
  0.353721E+02
  0.354147E+02
  0.354563E+02
  0.354967E+02
  0.355361E+02
  0.355744E+02
  0.356117E+02
  0.356480E+02
  0.356832E+02
  0.357175E+02
  0.357507E+02
  0.357829E+02
  0.358142E+02
  0.358445E+02
  0.358738E+02
  0.359022E+02
  0.359296E+02
  0.359561E+02
  0.359816E+02
  0.360063E+02
  0.360300E+02
  0.360528E+02
  0.360748E+02
  0.360959E+02
  0.361161E+02
  0.361354E+02
  0.361539E+02
  0.361716E+02
  0.361884E+02
  0.362044E+02
  0.362196E+02
  0.362339E+02
  0.362475E+02
  0.362603E+02
  0.362723E+02
  0.362835E+02
  0.362940E+02
  0.363037E+02
  0.363127E+02
  0.363209E+02
  0.363284E+02
  0.363352E+02
  0.363412E+02
  0.363466E+02
  0.363512E+02
  0.363552E+02
  0.363585E+02
  0.363611E+02
  0.363630E+02
  0.363643E+02
  0.363649E+02
  0.363649E+02
  0.363643E+02
  0.363630E+02
  0.363611E+02
  0.363586E+02
  0.363554E+02
  0.363517E+02
  0.363474E+02
  0.363425E+02
  0.363370E+02
  0.363310E+02
  0.363244E+02
  0.363172E+02
  0.363095E+02
  0.363013E+02
  0.362925E+02
  0.362831E+02
  0.362733E+02
  0.362629E+02
  0.362521E+02
  0.362407E+02
  0.362288E+02
  0.362164E+02
  0.362036E+02
  0.361901E+02
  0.361762E+02
  0.361616E+02
  0.361465E+02
  0.361309E+02
  0.361147E+02
  0.360980E+02
  0.360807E+02
  0.360628E+02
  0.360444E+02
  0.360254E+02
  0.360059E+02
  0.359858E+02
  0.359651E+02
  0.359439E+02
  0.359221E+02
  0.358997E+02
  0.358768E+02
  0.358534E+02
  0.358293E+02
  0.358047E+02
  0.357795E+02
  0.357538E+02
  0.357275E+02
  0.357006E+02
  0.356732E+02
  0.356452E+02
  0.356166E+02
  0.355875E+02
  0.355578E+02
  0.355275E+02
  0.354967E+02
  0.354653E+02
  0.354333E+02
  0.354008E+02
  0.353677E+02
  0.353341E+02
  0.352998E+02
  0.352651E+02
  0.352297E+02
  0.351938E+02
  0.351573E+02
  0.351203E+02
  0.350828E+02
  0.350446E+02
  0.350059E+02
  0.349667E+02
  0.349269E+02
  0.348865E+02
  0.348456E+02
  0.348041E+02
  0.347621E+02
  0.347195E+02
  0.346764E+02
  0.346327E+02
  0.345885E+02
  0.345438E+02
  0.344985E+02
  0.344526E+02
  0.344063E+02
  0.343594E+02
  0.343119E+02
  0.342639E+02
  0.342154E+02
  0.341664E+02
  0.341168E+02
  0.340667E+02
  0.340161E+02
  0.339649E+02
  0.339132E+02
  0.338610E+02
  0.338083E+02
  0.337551E+02
  0.337014E+02
  0.336472E+02
  0.335924E+02
  0.335372E+02
  0.334814E+02
  0.334251E+02
  0.333684E+02
  0.333112E+02
  0.332534E+02
  0.331952E+02
  0.331365E+02
  0.330773E+02
  0.330176E+02
  0.329574E+02
  0.328968E+02
  0.328357E+02
  0.327741E+02
  0.327120E+02
  0.326495E+02
  0.325866E+02
  0.325231E+02
  0.324592E+02
  0.323949E+02
  0.323301E+02
  0.322649E+02
  0.321992E+02
  0.321331E+02
  0.320665E+02
  0.319995E+02
  0.319321E+02
  0.318643E+02
  0.317960E+02
  0.317273E+02
  0.316582E+02
  0.315887E+02
  0.315187E+02
  0.314484E+02
  0.313777E+02
  0.313066E+02
  0.312350E+02
  0.311631E+02
  0.310908E+02
  0.310181E+02
  0.309450E+02
  0.308716E+02
  0.307977E+02
  0.307235E+02
  0.306490E+02
  0.305740E+02
  0.304987E+02
  0.304231E+02
  0.303471E+02
  0.302708E+02
  0.301941E+02
  0.301171E+02
  0.300397E+02
  0.299620E+02
  0.298840E+02
  0.298057E+02
  0.297270E+02
  0.296480E+02
  0.295687E+02
  0.294891E+02
  0.294092E+02
  0.293290E+02
  0.292485E+02
  0.291677E+02
  0.290866E+02
  0.290052E+02
  0.289236E+02
  0.288416E+02
  0.287594E+02
  0.286769E+02
  0.285942E+02
  0.285112E+02
  0.284279E+02
  0.283444E+02
  0.282606E+02
  0.281766E+02
  0.280924E+02
  0.280079E+02
  0.279231E+02
  0.278382E+02
  0.277530E+02
  0.276676E+02
  0.275819E+02
  0.274961E+02
  0.274100E+02
  0.273238E+02
  0.272373E+02
  0.271507E+02
  0.270638E+02
  0.269768E+02
  0.268895E+02
  0.268021E+02
  0.267145E+02
  0.266267E+02
  0.265388E+02
  0.264507E+02
  0.263624E+02
  0.262739E+02
  0.261853E+02
  0.260966E+02
  0.260077E+02
  0.259186E+02
  0.258294E+02
  0.257401E+02
  0.256506E+02
  0.255610E+02
  0.254713E+02
  0.253815E+02
  0.252915E+02
  0.252014E+02
  0.251112E+02
  0.250209E+02
  0.249305E+02
  0.248400E+02
  0.247493E+02
  0.246586E+02
  0.245678E+02
  0.244769E+02
  0.243859E+02
  0.242949E+02
  0.242037E+02
  0.241125E+02
  0.240212E+02
  0.239298E+02
  0.238384E+02
  0.237469E+02
  0.236554E+02
  0.235638E+02
  0.234721E+02
  0.233804E+02
  0.232886E+02
  0.231968E+02
  0.231050E+02
  0.230131E+02
  0.229212E+02
  0.228293E+02
  0.227373E+02
  0.226453E+02
  0.225533E+02
  0.224612E+02
  0.223692E+02
  0.222771E+02
  0.221850E+02
  0.220929E+02
  0.220008E+02
  0.219087E+02
  0.218166E+02
  0.217245E+02
  0.216324E+02
  0.215403E+02
  0.214483E+02
  0.213562E+02
  0.212642E+02
  0.211721E+02
  0.210801E+02
  0.209881E+02
  0.208961E+02
  0.208042E+02
  0.207123E+02
  0.206204E+02
  0.205285E+02
  0.204367E+02
  0.203450E+02
  0.202532E+02
  0.201615E+02
  0.200699E+02
  0.199783E+02
  0.198867E+02
  0.197952E+02
  0.197038E+02
  0.196124E+02
  0.195210E+02
  0.194298E+02
  0.193385E+02
  0.192474E+02
  0.191563E+02
  0.190653E+02
  0.189743E+02
  0.188834E+02
  0.187926E+02
  0.187018E+02
  0.186112E+02
  0.185206E+02
  0.184300E+02
  0.183396E+02
  0.182492E+02
  0.181589E+02
  0.180687E+02
  0.179786E+02
  0.178886E+02
  0.177986E+02
  0.177088E+02
  0.176190E+02
  0.175293E+02
  0.174397E+02
