         801
 0.25000000E-01
 0.25000506E-01
 0.25001017E-01
 0.25001532E-01
 0.25002054E-01
 0.25002580E-01
 0.25003112E-01
 0.25003648E-01
 0.25004191E-01
 0.25004739E-01
 0.25005292E-01
 0.25005851E-01
 0.25006415E-01
 0.25006985E-01
 0.25007561E-01
 0.25008143E-01
 0.25008730E-01
 0.25009324E-01
 0.25009923E-01
 0.25010529E-01
 0.25011140E-01
 0.25011758E-01
 0.25012381E-01
 0.25013011E-01
 0.25013648E-01
 0.25014291E-01
 0.25014940E-01
 0.25015596E-01
 0.25016258E-01
 0.25016927E-01
 0.25017603E-01
 0.25018285E-01
 0.25018974E-01
 0.25019671E-01
 0.25020374E-01
 0.25021084E-01
 0.25021802E-01
 0.25022526E-01
 0.25023258E-01
 0.25023998E-01
 0.25024744E-01
 0.25025498E-01
 0.25026260E-01
 0.25027030E-01
 0.25027807E-01
 0.25028592E-01
 0.25029384E-01
 0.25030185E-01
 0.25030994E-01
 0.25031811E-01
 0.25032636E-01
 0.25033470E-01
 0.25034311E-01
 0.25035162E-01
 0.25036020E-01
 0.25036888E-01
 0.25037764E-01
 0.25038649E-01
 0.25039543E-01
 0.25040445E-01
 0.25041357E-01
 0.25042278E-01
 0.25043208E-01
 0.25044148E-01
 0.25045097E-01
 0.25046055E-01
 0.25047023E-01
 0.25048001E-01
 0.25048989E-01
 0.25049987E-01
 0.25050994E-01
 0.25052012E-01
 0.25053040E-01
 0.25054078E-01
 0.25055127E-01
 0.25056186E-01
 0.25057256E-01
 0.25058336E-01
 0.25059427E-01
 0.25060530E-01
 0.25061643E-01
 0.25062768E-01
 0.25063904E-01
 0.25065051E-01
 0.25066210E-01
 0.25067380E-01
 0.25068562E-01
 0.25069756E-01
 0.25070962E-01
 0.25072180E-01
 0.25073410E-01
 0.25074653E-01
 0.25075908E-01
 0.25077176E-01
 0.25078456E-01
 0.25079750E-01
 0.25081056E-01
 0.25082375E-01
 0.25083708E-01
 0.25085054E-01
 0.25086413E-01
 0.25087786E-01
 0.25089173E-01
 0.25090574E-01
 0.25091989E-01
 0.25093418E-01
 0.25094861E-01
 0.25096319E-01
 0.25097791E-01
 0.25099279E-01
 0.25100781E-01
 0.25102298E-01
 0.25103830E-01
 0.25105378E-01
 0.25106941E-01
 0.25108520E-01
 0.25110115E-01
 0.25111726E-01
 0.25113353E-01
 0.25114996E-01
 0.25116656E-01
 0.25118333E-01
 0.25120026E-01
 0.25121736E-01
 0.25123463E-01
 0.25125208E-01
 0.25126970E-01
 0.25128750E-01
 0.25130548E-01
 0.25132363E-01
 0.25134197E-01
 0.25136050E-01
 0.25137920E-01
 0.25139810E-01
 0.25141719E-01
 0.25143646E-01
 0.25145593E-01
 0.25147560E-01
 0.25149546E-01
 0.25151552E-01
 0.25153578E-01
 0.25155625E-01
 0.25157692E-01
 0.25159780E-01
 0.25161889E-01
 0.25164018E-01
 0.25166170E-01
 0.25168342E-01
 0.25170537E-01
 0.25172753E-01
 0.25174992E-01
 0.25177253E-01
 0.25179537E-01
 0.25181844E-01
 0.25184174E-01
 0.25186527E-01
 0.25188904E-01
 0.25191304E-01
 0.25193729E-01
 0.25196177E-01
 0.25198651E-01
 0.25201149E-01
 0.25203672E-01
 0.25206221E-01
 0.25208795E-01
 0.25211394E-01
 0.25214020E-01
 0.25216672E-01
 0.25219351E-01
 0.25222057E-01
 0.25224789E-01
 0.25227549E-01
 0.25230337E-01
 0.25233152E-01
 0.25235996E-01
 0.25238868E-01
 0.25241769E-01
 0.25244699E-01
 0.25247658E-01
 0.25250647E-01
 0.25253666E-01
 0.25256715E-01
 0.25259794E-01
 0.25262905E-01
 0.25266046E-01
 0.25269219E-01
 0.25272424E-01
 0.25275660E-01
 0.25278930E-01
 0.25282231E-01
 0.25285566E-01
 0.25288935E-01
 0.25292336E-01
 0.25295772E-01
 0.25299243E-01
 0.25302748E-01
 0.25306288E-01
 0.25309864E-01
 0.25313475E-01
 0.25317122E-01
 0.25320806E-01
 0.25324527E-01
 0.25328285E-01
 0.25332080E-01
 0.25335914E-01
 0.25339786E-01
 0.25343696E-01
 0.25347646E-01
 0.25351635E-01
 0.25355664E-01
 0.25359733E-01
 0.25363843E-01
 0.25367994E-01
 0.25372186E-01
 0.25376421E-01
 0.25380697E-01
 0.25385017E-01
 0.25389379E-01
 0.25393785E-01
 0.25398235E-01
 0.25402730E-01
 0.25407270E-01
 0.25411854E-01
 0.25416485E-01
 0.25421162E-01
 0.25425886E-01
 0.25430656E-01
 0.25435475E-01
 0.25440341E-01
 0.25445256E-01
 0.25450221E-01
 0.25455234E-01
 0.25460298E-01
 0.25465412E-01
 0.25470578E-01
 0.25475795E-01
 0.25481064E-01
 0.25486385E-01
 0.25491760E-01
 0.25497188E-01
 0.25502671E-01
 0.25508208E-01
 0.25513800E-01
 0.25519448E-01
 0.25525153E-01
 0.25530914E-01
 0.25536733E-01
 0.25542610E-01
 0.25548545E-01
 0.25554540E-01
 0.25560594E-01
 0.25566709E-01
 0.25572884E-01
 0.25579122E-01
 0.25585421E-01
 0.25591783E-01
 0.25598209E-01
 0.25604698E-01
 0.25611252E-01
 0.25617872E-01
 0.25624557E-01
 0.25631309E-01
 0.25638129E-01
 0.25645016E-01
 0.25651971E-01
 0.25658996E-01
 0.25666091E-01
 0.25673257E-01
 0.25680494E-01
 0.25687802E-01
 0.25695184E-01
 0.25702639E-01
 0.25710168E-01
 0.25717772E-01
 0.25725452E-01
 0.25733208E-01
 0.25741041E-01
 0.25748952E-01
 0.25756942E-01
 0.25765011E-01
 0.25773161E-01
 0.25781391E-01
 0.25789704E-01
 0.25798098E-01
 0.25806577E-01
 0.25815139E-01
 0.25823787E-01
 0.25832520E-01
 0.25841340E-01
 0.25850248E-01
 0.25859244E-01
 0.25868329E-01
 0.25877505E-01
 0.25886772E-01
 0.25896131E-01
 0.25905582E-01
 0.25915128E-01
 0.25924768E-01
 0.25934503E-01
 0.25944335E-01
 0.25954265E-01
 0.25964293E-01
 0.25974421E-01
 0.25984649E-01
 0.25994978E-01
 0.26005410E-01
 0.26015945E-01
 0.26026584E-01
 0.26037329E-01
 0.26048180E-01
 0.26059139E-01
 0.26070206E-01
 0.26081383E-01
 0.26092670E-01
 0.26104069E-01
 0.26115581E-01
 0.26127207E-01
 0.26138948E-01
 0.26150805E-01
 0.26162779E-01
 0.26174871E-01
 0.26187083E-01
 0.26199416E-01
 0.26211870E-01
 0.26224448E-01
 0.26237150E-01
 0.26249977E-01
 0.26262931E-01
 0.26276013E-01
 0.26289224E-01
 0.26302566E-01
 0.26316039E-01
 0.26329645E-01
 0.26343385E-01
 0.26357261E-01
 0.26371274E-01
 0.26385424E-01
 0.26399715E-01
 0.26414146E-01
 0.26428719E-01
 0.26443436E-01
 0.26458298E-01
 0.26473306E-01
 0.26488462E-01
 0.26503767E-01
 0.26519222E-01
 0.26534830E-01
 0.26550591E-01
 0.26566508E-01
 0.26582580E-01
 0.26598811E-01
 0.26615201E-01
 0.26631753E-01
 0.26648467E-01
 0.26665345E-01
 0.26682389E-01
 0.26699600E-01
 0.26716980E-01
 0.26734531E-01
 0.26752253E-01
 0.26770150E-01
 0.26788222E-01
 0.26806471E-01
 0.26824899E-01
 0.26843508E-01
 0.26862299E-01
 0.26881274E-01
 0.26900435E-01
 0.26919783E-01
 0.26939320E-01
 0.26959049E-01
 0.26978971E-01
 0.26999087E-01
 0.27019400E-01
 0.27039912E-01
 0.27060624E-01
 0.27081538E-01
 0.27102656E-01
 0.27123981E-01
 0.27145513E-01
 0.27167256E-01
 0.27189210E-01
 0.27211379E-01
 0.27233764E-01
 0.27256367E-01
 0.27279190E-01
 0.27302235E-01
 0.27325504E-01
 0.27349000E-01
 0.27372725E-01
 0.27396680E-01
 0.27420868E-01
 0.27445291E-01
 0.27469951E-01
 0.27494851E-01
 0.27519993E-01
 0.27545378E-01
 0.27571010E-01
 0.27596890E-01
 0.27623021E-01
 0.27649406E-01
 0.27676046E-01
 0.27702944E-01
 0.27730102E-01
 0.27757523E-01
 0.27785210E-01
 0.27813164E-01
 0.27841388E-01
 0.27869885E-01
 0.27898657E-01
 0.27927707E-01
 0.27957037E-01
 0.27986650E-01
 0.28016549E-01
 0.28046736E-01
 0.28077213E-01
 0.28107984E-01
 0.28139051E-01
 0.28170417E-01
 0.28202085E-01
 0.28234057E-01
 0.28266337E-01
 0.28298926E-01
 0.28331828E-01
 0.28365046E-01
 0.28398582E-01
 0.28432440E-01
 0.28466623E-01
 0.28501132E-01
 0.28535972E-01
 0.28571146E-01
 0.28606656E-01
 0.28642505E-01
 0.28678696E-01
 0.28715234E-01
 0.28752120E-01
 0.28789357E-01
 0.28826950E-01
 0.28864901E-01
 0.28903213E-01
 0.28941890E-01
 0.28980935E-01
 0.29020352E-01
 0.29060142E-01
 0.29100311E-01
 0.29140861E-01
 0.29181795E-01
 0.29223118E-01
 0.29264832E-01
 0.29306942E-01
 0.29349449E-01
 0.29392359E-01
 0.29435674E-01
 0.29479399E-01
 0.29523536E-01
 0.29568090E-01
 0.29613064E-01
 0.29658462E-01
 0.29704287E-01
 0.29750543E-01
 0.29797235E-01
 0.29844365E-01
 0.29891938E-01
 0.29939957E-01
 0.29988427E-01
 0.30037351E-01
 0.30086733E-01
 0.30136577E-01
 0.30186888E-01
 0.30237668E-01
 0.30288923E-01
 0.30340656E-01
 0.30392872E-01
 0.30445574E-01
 0.30498767E-01
 0.30552455E-01
 0.30606641E-01
 0.30661332E-01
 0.30716529E-01
 0.30772239E-01
 0.30828465E-01
 0.30885212E-01
 0.30942483E-01
 0.31000284E-01
 0.31058619E-01
 0.31117492E-01
 0.31176908E-01
 0.31236872E-01
 0.31297387E-01
 0.31358459E-01
 0.31420092E-01
 0.31482290E-01
 0.31545060E-01
 0.31608404E-01
 0.31672328E-01
 0.31736837E-01
 0.31801935E-01
 0.31867628E-01
 0.31933919E-01
 0.32000815E-01
 0.32068319E-01
 0.32136437E-01
 0.32205174E-01
 0.32274535E-01
 0.32344524E-01
 0.32415148E-01
 0.32486410E-01
 0.32558316E-01
 0.32630871E-01
 0.32704080E-01
 0.32777949E-01
 0.32852482E-01
 0.32927685E-01
 0.33003563E-01
 0.33080122E-01
 0.33157366E-01
 0.33235302E-01
 0.33313933E-01
 0.33393267E-01
 0.33473308E-01
 0.33554061E-01
 0.33635533E-01
 0.33717728E-01
 0.33800652E-01
 0.33884311E-01
 0.33968710E-01
 0.34053855E-01
 0.34139752E-01
 0.34226406E-01
 0.34313822E-01
 0.34402007E-01
 0.34490966E-01
 0.34580705E-01
 0.34671229E-01
 0.34762545E-01
 0.34854658E-01
 0.34947575E-01
 0.35041300E-01
 0.35135840E-01
 0.35231200E-01
 0.35327387E-01
 0.35424407E-01
 0.35522264E-01
 0.35620967E-01
 0.35720519E-01
 0.35820928E-01
 0.35922199E-01
 0.36024338E-01
 0.36127352E-01
 0.36231247E-01
 0.36336028E-01
 0.36441701E-01
 0.36548273E-01
 0.36655750E-01
 0.36764138E-01
 0.36873443E-01
 0.36983672E-01
 0.37094830E-01
 0.37206923E-01
 0.37319958E-01
 0.37433941E-01
 0.37548879E-01
 0.37664777E-01
 0.37781641E-01
 0.37899478E-01
 0.38018295E-01
 0.38138096E-01
 0.38258890E-01
 0.38380681E-01
 0.38503476E-01
 0.38627281E-01
 0.38752104E-01
 0.38877948E-01
 0.39004822E-01
 0.39132732E-01
 0.39261683E-01
 0.39391681E-01
 0.39522734E-01
 0.39654847E-01
 0.39788027E-01
 0.39922279E-01
 0.40057611E-01
 0.40194027E-01
 0.40331535E-01
 0.40470141E-01
 0.40609850E-01
 0.40750670E-01
 0.40892605E-01
 0.41035663E-01
 0.41179849E-01
 0.41325170E-01
 0.41471631E-01
 0.41619239E-01
 0.41768000E-01
 0.41917919E-01
 0.42069003E-01
 0.42221258E-01
 0.42374689E-01
 0.42529303E-01
 0.42685106E-01
 0.42842102E-01
 0.43000300E-01
 0.43159703E-01
 0.43320318E-01
 0.43482151E-01
 0.43645207E-01
 0.43809491E-01
 0.43975011E-01
 0.44141771E-01
 0.44309776E-01
 0.44479033E-01
 0.44649547E-01
 0.44821323E-01
 0.44994366E-01
 0.45168682E-01
 0.45344277E-01
 0.45521155E-01
 0.45699321E-01
 0.45878782E-01
 0.46059541E-01
 0.46241604E-01
 0.46424976E-01
 0.46609661E-01
 0.46795665E-01
 0.46982992E-01
 0.47171648E-01
 0.47361636E-01
 0.47552961E-01
 0.47745628E-01
 0.47939640E-01
 0.48135004E-01
 0.48331722E-01
 0.48529799E-01
 0.48729240E-01
 0.48930047E-01
 0.49132225E-01
 0.49335779E-01
 0.49540711E-01
 0.49747026E-01
 0.49954727E-01
 0.50163817E-01
 0.50374301E-01
 0.50586180E-01
 0.50799460E-01
 0.51014142E-01
 0.51230230E-01
 0.51447727E-01
 0.51666636E-01
 0.51886958E-01
 0.52108698E-01
 0.52331858E-01
 0.52556439E-01
 0.52782444E-01
 0.53009876E-01
 0.53238736E-01
 0.53469027E-01
 0.53700749E-01
 0.53933906E-01
 0.54168498E-01
 0.54404528E-01
 0.54641995E-01
 0.54880902E-01
 0.55121250E-01
 0.55363039E-01
 0.55606270E-01
 0.55850945E-01
 0.56097063E-01
 0.56344625E-01
 0.56593631E-01
 0.56844082E-01
 0.57095977E-01
 0.57349316E-01
 0.57604099E-01
 0.57860325E-01
 0.58117994E-01
 0.58377104E-01
 0.58637656E-01
 0.58899648E-01
 0.59163078E-01
 0.59427946E-01
 0.59694249E-01
 0.59961987E-01
 0.60231156E-01
 0.60501756E-01
 0.60773784E-01
 0.61047237E-01
 0.61322113E-01
 0.61598409E-01
 0.61876123E-01
 0.62155251E-01
 0.62435790E-01
 0.62717737E-01
 0.63001087E-01
 0.63285838E-01
 0.63571986E-01
 0.63859526E-01
 0.64148453E-01
 0.64438765E-01
 0.64730455E-01
 0.65023519E-01
 0.65317952E-01
 0.65613749E-01
 0.65910904E-01
 0.66209412E-01
 0.66509267E-01
 0.66810463E-01
 0.67112994E-01
 0.67416854E-01
 0.67722035E-01
 0.68028532E-01
 0.68336338E-01
 0.68645445E-01
 0.68955846E-01
 0.69267533E-01
 0.69580499E-01
 0.69894737E-01
 0.70210238E-01
 0.70526993E-01
 0.70844995E-01
 0.71164234E-01
 0.71484703E-01
 0.71806391E-01
 0.72129290E-01
 0.72453390E-01
 0.72778683E-01
 0.73105157E-01
 0.73432803E-01
 0.73761611E-01
 0.74091571E-01
 0.74422671E-01
 0.74754902E-01
 0.75088253E-01
 0.75422711E-01
 0.75758267E-01
 0.76094909E-01
 0.76432624E-01
 0.76771401E-01
 0.77111229E-01
 0.77452095E-01
 0.77793986E-01
 0.78136890E-01
 0.78480795E-01
 0.78825687E-01
 0.79171554E-01
 0.79518382E-01
 0.79866158E-01
 0.80214867E-01
 0.80564498E-01
 0.80915035E-01
 0.81266464E-01
 0.81618772E-01
 0.81971944E-01
 0.82325965E-01
 0.82680821E-01
 0.83036496E-01
 0.83392977E-01
 0.83750247E-01
 0.84108291E-01
 0.84467095E-01
 0.84826641E-01
 0.85186916E-01
 0.85547902E-01
 0.85909584E-01
 0.86271946E-01
 0.86634971E-01
 0.86998643E-01
 0.87362946E-01
 0.87727863E-01
 0.88093376E-01
 0.88459471E-01
 0.88826128E-01
 0.89193332E-01
 0.89561065E-01
 0.89929310E-01
 0.90298049E-01
 0.90667265E-01
 0.91036941E-01
 0.91407059E-01
 0.91777600E-01
 0.92148548E-01
 0.92519883E-01
 0.92891590E-01
 0.93263648E-01
 0.93636041E-01
 0.94008749E-01
 0.94381755E-01
 0.94755040E-01
 0.95128587E-01
 0.95502376E-01
 0.95876389E-01
 0.96250607E-01
 0.96625013E-01
 0.96999587E-01
 0.97374310E-01
 0.97749165E-01
 0.98124132E-01
 0.98499193E-01
 0.98874329E-01
 0.99249522E-01
 0.99624751E-01
 0.10000000E+00
