365
  0.4000000000000000E+00
  0.4000010000000000E+00
  0.4000020250000000E+00
  0.4000030756250000E+00
  0.4000041525156250E+00
  0.4000052563285156E+00
  0.4000063877367285E+00
  0.4000075474301468E+00
  0.4000087361159004E+00
  0.4000099545187979E+00
  0.4000112033817679E+00
  0.4000124834663121E+00
  0.4000137955529699E+00
  0.4000151404417941E+00
  0.4000165189528390E+00
  0.4000179319266600E+00
  0.4000193802248265E+00
  0.4000208647304471E+00
  0.4000223863487083E+00
  0.4000239460074260E+00
  0.4000255446576117E+00
  0.4000271832740520E+00
  0.4000288628559033E+00
  0.4000305844273009E+00
  0.4000323490379835E+00
  0.4000341577639330E+00
  0.4000360117080313E+00
  0.4000379120007321E+00
  0.4000398598007504E+00
  0.4000418562957692E+00
  0.4000439027031634E+00
  0.4000460002707424E+00
  0.4000481502775110E+00
  0.4000503540344488E+00
  0.4000526128853100E+00
  0.4000549282074427E+00
  0.4000573014126288E+00
  0.4000597339479445E+00
  0.4000622272966431E+00
  0.4000647829790592E+00
  0.4000674025535357E+00
  0.4000700876173741E+00
  0.4000728398078084E+00
  0.4000756608030037E+00
  0.4000785523230788E+00
  0.4000815161311557E+00
  0.4000845540344346E+00
  0.4000876678852955E+00
  0.4000908595824278E+00
  0.4000941310719885E+00
  0.4000974843487883E+00
  0.4001009214575080E+00
  0.4001044444939457E+00
  0.4001080556062943E+00
  0.4001117569964517E+00
  0.4001155509213630E+00
  0.4001194396943971E+00
  0.4001234256867570E+00
  0.4001275113289259E+00
  0.4001316991121490E+00
  0.4001359915899527E+00
  0.4001403913797015E+00
  0.4001449011641940E+00
  0.4001495236932989E+00
  0.4001542617856313E+00
  0.4001591183302721E+00
  0.4001640962885289E+00
  0.4001691986957422E+00
  0.4001744286631357E+00
  0.4001797893797142E+00
  0.4001852841142070E+00
  0.4001909162170622E+00
  0.4001966891224887E+00
  0.4002026063505509E+00
  0.4002086715093147E+00
  0.4002148882970475E+00
  0.4002212605044737E+00
  0.4002277920170855E+00
  0.4002344868175127E+00
  0.4002413489879505E+00
  0.4002483827126492E+00
  0.4002555922804655E+00
  0.4002629820874771E+00
  0.4002705566396640E+00
  0.4002783205556557E+00
  0.4002862785695470E+00
  0.4002944355337857E+00
  0.4003027964221303E+00
  0.4003113663326836E+00
  0.4003201504910007E+00
  0.4003291542532757E+00
  0.4003383831096076E+00
  0.4003478426873477E+00
  0.4003575387545315E+00
  0.4003674772233947E+00
  0.4003776641539796E+00
  0.4003881057578291E+00
  0.4003988084017748E+00
  0.4004097786118191E+00
  0.4004210230771146E+00
  0.4004325486540425E+00
  0.4004443623703935E+00
  0.4004564714296534E+00
  0.4004688832153948E+00
  0.4004816052957796E+00
  0.4004946454281741E+00
  0.4005080115638785E+00
  0.4005217118529755E+00
  0.4005357546492999E+00
  0.4005501485155323E+00
  0.4005649022284206E+00
  0.4005800247841311E+00
  0.4005955254037344E+00
  0.4006114135388277E+00
  0.4006276988772984E+00
  0.4006443913492309E+00
  0.4006615011329617E+00
  0.4006790386612857E+00
  0.4006970146278179E+00
  0.4007154399935133E+00
  0.4007343259933512E+00
  0.4007536841431850E+00
  0.4007735262467646E+00
  0.4007938644029337E+00
  0.4008147110130070E+00
  0.4008360787883322E+00
  0.4008579807580405E+00
  0.4008804302769916E+00
  0.4009034410339163E+00
  0.4009270270597642E+00
  0.4009512027362583E+00
  0.4009759828046648E+00
  0.4010013823747814E+00
  0.4010274169341509E+00
  0.4010541023575047E+00
  0.4010814549164423E+00
  0.4011094912893534E+00
  0.4011382285715872E+00
  0.4011676842858769E+00
  0.4011978763930238E+00
  0.4012288233028494E+00
  0.4012605438854207E+00
  0.4012930574825562E+00
  0.4013263839196201E+00
  0.4013605435176106E+00
  0.4013955571055509E+00
  0.4014314460331896E+00
  0.4014682321840194E+00
  0.4015059379886199E+00
  0.4015445864383354E+00
  0.4015842010992938E+00
  0.4016248061267761E+00
  0.4016664262799455E+00
  0.4017090869369441E+00
  0.4017528141103677E+00
  0.4017976344631269E+00
  0.4018435753247051E+00
  0.4018906647078228E+00
  0.4019389313255183E+00
  0.4019884046086563E+00
  0.4020391147238727E+00
  0.4020910925919695E+00
  0.4021443699067687E+00
  0.4021989791544379E+00
  0.4022549536332989E+00
  0.4023123274741314E+00
  0.4023711356609846E+00
  0.4024314140525093E+00
  0.4024931994038220E+00
  0.4025565293889176E+00
  0.4026214426236405E+00
  0.4026879786892315E+00
  0.4027561781564623E+00
  0.4028260826103738E+00
  0.4028977346756331E+00
  0.4029711780425239E+00
  0.4030464574935870E+00
  0.4031236189309267E+00
  0.4032027094041998E+00
  0.4032837771393048E+00
  0.4033668715677874E+00
  0.4034520433569821E+00
  0.4035393444409067E+00
  0.4036288280519293E+00
  0.4037205487532275E+00
  0.4038145624720582E+00
  0.4039109265338597E+00
  0.4040096996972062E+00
  0.4041109421896363E+00
  0.4042147157443772E+00
  0.4043210836379866E+00
  0.4044301107289363E+00
  0.4045418634971597E+00
  0.4046564100845887E+00
  0.4047738203367034E+00
  0.4048941658451210E+00
  0.4050175199912490E+00
  0.4051439579910303E+00
  0.4052735569408060E+00
  0.4054063958643261E+00
  0.4055425557609343E+00
  0.4056821196549577E+00
  0.4058251726463316E+00
  0.4059718019624899E+00
  0.4061218019624899E+00
  0.4062718019624899E+00
  0.4064218019624898E+00
  0.4065718019624898E+00
  0.4067218019624898E+00
  0.4068718019624898E+00
  0.4070218019624898E+00
  0.4071718019624898E+00
  0.4073218019624897E+00
  0.4074718019624897E+00
  0.4076218019624897E+00
  0.4077718019624897E+00
  0.4079218019624897E+00
  0.4080718019624897E+00
  0.4082218019624896E+00
  0.4083718019624896E+00
  0.4085218019624896E+00
  0.4086718019624896E+00
  0.4088218019624896E+00
  0.4089718019624896E+00
  0.4091218019624895E+00
  0.4092718019624895E+00
  0.4094218019624895E+00
  0.4095718019624895E+00
  0.4097218019624895E+00
  0.4098718019624895E+00
  0.4100218019624894E+00
  0.4101718019624894E+00
  0.4103218019624894E+00
  0.4104718019624894E+00
  0.4106218019624894E+00
  0.4107718019624894E+00
  0.4109218019624893E+00
  0.4110718019624893E+00
  0.4112218019624893E+00
  0.4113718019624893E+00
  0.4115218019624893E+00
  0.4116718019624893E+00
  0.4118218019624892E+00
  0.4119718019624892E+00
  0.4121218019624892E+00
  0.4122718019624892E+00
  0.4124218019624892E+00
  0.4125718019624892E+00
  0.4127218019624891E+00
  0.4128718019624891E+00
  0.4130218019624891E+00
  0.4131718019624891E+00
  0.4133218019624891E+00
  0.4134718019624891E+00
  0.4136218019624890E+00
  0.4137718019624890E+00
  0.4139218019624890E+00
  0.4140718019624890E+00
  0.4142218019624890E+00
  0.4143718019624890E+00
  0.4145218019624889E+00
  0.4146718019624889E+00
  0.4148218019624889E+00
  0.4149718019624889E+00
  0.4151218019624889E+00
  0.4152718019624889E+00
  0.4154218019624888E+00
  0.4155718019624888E+00
  0.4157218019624888E+00
  0.4158718019624888E+00
  0.4160218019624888E+00
  0.4161718019624888E+00
  0.4163218019624887E+00
  0.4164718019624887E+00
  0.4166218019624887E+00
  0.4167718019624887E+00
  0.4169218019624887E+00
  0.4170718019624887E+00
  0.4172218019624886E+00
  0.4173718019624886E+00
  0.4175218019624886E+00
  0.4176718019624886E+00
  0.4178218019624886E+00
  0.4179718019624886E+00
  0.4181218019624885E+00
  0.4182718019624885E+00
  0.4184218019624885E+00
  0.4185718019624885E+00
  0.4187218019624885E+00
  0.4188718019624885E+00
  0.4190218019624884E+00
  0.4191718019624884E+00
  0.4193218019624884E+00
  0.4194718019624884E+00
  0.4196218019624884E+00
  0.4197718019624884E+00
  0.4199218019624884E+00
  0.4200718019624883E+00
  0.4202218019624883E+00
  0.4203718019624883E+00
  0.4205218019624883E+00
  0.4206718019624883E+00
  0.4208218019624883E+00
  0.4209718019624882E+00
  0.4211218019624882E+00
  0.4212718019624882E+00
  0.4214218019624882E+00
  0.4215718019624882E+00
  0.4217218019624882E+00
  0.4218718019624881E+00
  0.4220218019624881E+00
  0.4221718019624881E+00
  0.4223218019624881E+00
  0.4224718019624881E+00
  0.4226218019624881E+00
  0.4227718019624880E+00
  0.4229218019624880E+00
  0.4230718019624880E+00
  0.4232218019624880E+00
  0.4233718019624880E+00
  0.4235218019624880E+00
  0.4236718019624879E+00
  0.4238218019624879E+00
  0.4239718019624879E+00
  0.4241218019624879E+00
  0.4242718019624879E+00
  0.4244218019624879E+00
  0.4245718019624878E+00
  0.4247218019624878E+00
  0.4248718019624878E+00
  0.4250218019624878E+00
  0.4251718019624878E+00
  0.4253218019624878E+00
  0.4254718019624877E+00
  0.4256218019624877E+00
  0.4257718019624877E+00
  0.4259218019624877E+00
  0.4260718019624877E+00
  0.4262218019624877E+00
  0.4263718019624876E+00
  0.4265218019624876E+00
  0.4266718019624876E+00
  0.4268218019624876E+00
  0.4269718019624876E+00
  0.4271218019624876E+00
  0.4272718019624875E+00
  0.4274218019624875E+00
  0.4275718019624875E+00
  0.4277218019624875E+00
  0.4278718019624875E+00
  0.4280218019624875E+00
  0.4281718019624874E+00
  0.4283218019624874E+00
  0.4284718019624874E+00
  0.4286218019624874E+00
  0.4287718019624874E+00
  0.4289218019624874E+00
  0.4290718019624873E+00
  0.4292218019624873E+00
  0.4293718019624873E+00
  0.4295218019624873E+00
  0.4296718019624873E+00
  0.4298218019624873E+00
  0.4299718019624872E+00
  0.4301218019624872E+00
