425
  0.4000000000000000E+00
  0.4000010000000000E+00
  0.4000020250000000E+00
  0.4000030756250000E+00
  0.4000041525156250E+00
  0.4000052563285156E+00
  0.4000063877367285E+00
  0.4000075474301468E+00
  0.4000087361159004E+00
  0.4000099545187979E+00
  0.4000112033817679E+00
  0.4000124834663121E+00
  0.4000137955529699E+00
  0.4000151404417941E+00
  0.4000165189528390E+00
  0.4000179319266600E+00
  0.4000193802248265E+00
  0.4000208647304471E+00
  0.4000223863487083E+00
  0.4000239460074260E+00
  0.4000255446576117E+00
  0.4000271832740520E+00
  0.4000288628559033E+00
  0.4000305844273009E+00
  0.4000323490379835E+00
  0.4000341577639330E+00
  0.4000360117080313E+00
  0.4000379120007321E+00
  0.4000398598007504E+00
  0.4000418562957692E+00
  0.4000439027031634E+00
  0.4000460002707424E+00
  0.4000481502775110E+00
  0.4000503540344488E+00
  0.4000526128853100E+00
  0.4000549282074427E+00
  0.4000573014126288E+00
  0.4000597339479445E+00
  0.4000622272966431E+00
  0.4000647829790592E+00
  0.4000674025535357E+00
  0.4000700876173741E+00
  0.4000728398078084E+00
  0.4000756608030037E+00
  0.4000785523230788E+00
  0.4000815161311557E+00
  0.4000845540344346E+00
  0.4000876678852955E+00
  0.4000908595824278E+00
  0.4000941310719885E+00
  0.4000974843487883E+00
  0.4001009214575080E+00
  0.4001044444939457E+00
  0.4001080556062943E+00
  0.4001117569964517E+00
  0.4001155509213630E+00
  0.4001194396943971E+00
  0.4001234256867570E+00
  0.4001275113289259E+00
  0.4001316991121490E+00
  0.4001359915899527E+00
  0.4001403913797015E+00
  0.4001449011641940E+00
  0.4001495236932989E+00
  0.4001542617856313E+00
  0.4001591183302721E+00
  0.4001640962885289E+00
  0.4001691986957422E+00
  0.4001744286631357E+00
  0.4001797893797142E+00
  0.4001852841142070E+00
  0.4001909162170622E+00
  0.4001966891224887E+00
  0.4002026063505509E+00
  0.4002086715093147E+00
  0.4002148882970475E+00
  0.4002212605044737E+00
  0.4002277920170855E+00
  0.4002344868175127E+00
  0.4002413489879505E+00
  0.4002483827126492E+00
  0.4002555922804655E+00
  0.4002629820874771E+00
  0.4002705566396640E+00
  0.4002783205556557E+00
  0.4002862785695470E+00
  0.4002944355337857E+00
  0.4003027964221303E+00
  0.4003113663326836E+00
  0.4003201504910007E+00
  0.4003291542532757E+00
  0.4003383831096076E+00
  0.4003478426873477E+00
  0.4003575387545315E+00
  0.4003674772233947E+00
  0.4003776641539796E+00
  0.4003881057578291E+00
  0.4003988084017748E+00
  0.4004097786118191E+00
  0.4004210230771146E+00
  0.4004325486540425E+00
  0.4004443623703935E+00
  0.4004564714296534E+00
  0.4004688832153948E+00
  0.4004816052957796E+00
  0.4004946454281741E+00
  0.4005080115638785E+00
  0.4005217118529755E+00
  0.4005357546492999E+00
  0.4005501485155323E+00
  0.4005649022284206E+00
  0.4005800247841311E+00
  0.4005955254037344E+00
  0.4006114135388277E+00
  0.4006276988772984E+00
  0.4006443913492309E+00
  0.4006615011329617E+00
  0.4006790386612857E+00
  0.4006970146278179E+00
  0.4007154399935133E+00
  0.4007343259933512E+00
  0.4007536841431850E+00
  0.4007735262467646E+00
  0.4007938644029337E+00
  0.4008147110130070E+00
  0.4008360787883322E+00
  0.4008579807580405E+00
  0.4008804302769916E+00
  0.4009034410339163E+00
  0.4009270270597642E+00
  0.4009512027362583E+00
  0.4009759828046648E+00
  0.4010013823747814E+00
  0.4010274169341509E+00
  0.4010541023575047E+00
  0.4010814549164423E+00
  0.4011094912893534E+00
  0.4011382285715872E+00
  0.4011676842858769E+00
  0.4011978763930238E+00
  0.4012288233028494E+00
  0.4012605438854207E+00
  0.4012930574825562E+00
  0.4013263839196201E+00
  0.4013605435176106E+00
  0.4013955571055509E+00
  0.4014314460331896E+00
  0.4014682321840194E+00
  0.4015059379886199E+00
  0.4015445864383354E+00
  0.4015842010992938E+00
  0.4016248061267761E+00
  0.4016664262799455E+00
  0.4017090869369441E+00
  0.4017528141103677E+00
  0.4017976344631269E+00
  0.4018435753247051E+00
  0.4018906647078228E+00
  0.4019389313255183E+00
  0.4019884046086563E+00
  0.4020391147238727E+00
  0.4020910925919695E+00
  0.4021443699067687E+00
  0.4021989791544379E+00
  0.4022549536332989E+00
  0.4023123274741314E+00
  0.4023711356609846E+00
  0.4024314140525093E+00
  0.4024931994038220E+00
  0.4025565293889176E+00
  0.4026214426236405E+00
  0.4026879786892315E+00
  0.4027561781564623E+00
  0.4028260826103738E+00
  0.4028977346756331E+00
  0.4029711780425239E+00
  0.4030464574935870E+00
  0.4031236189309267E+00
  0.4032027094041998E+00
  0.4032837771393048E+00
  0.4033668715677874E+00
  0.4034520433569821E+00
  0.4035393444409067E+00
  0.4036288280519293E+00
  0.4037205487532275E+00
  0.4038145624720582E+00
  0.4039109265338597E+00
  0.4040096996972062E+00
  0.4041109421896363E+00
  0.4042147157443772E+00
  0.4043210836379866E+00
  0.4044301107289363E+00
  0.4045418634971597E+00
  0.4046564100845887E+00
  0.4047738203367034E+00
  0.4048941658451210E+00
  0.4050175199912490E+00
  0.4051439579910303E+00
  0.4052735569408060E+00
  0.4054063958643261E+00
  0.4055425557609343E+00
  0.4056821196549577E+00
  0.4058251726463316E+00
  0.4059718019624899E+00
  0.4061220970115521E+00
  0.4062761494368409E+00
  0.4064340531727619E+00
  0.4065959045020810E+00
  0.4067618021146330E+00
  0.4069318471674989E+00
  0.4071061433466863E+00
  0.4072847969303535E+00
  0.4074679168536123E+00
  0.4076556147749526E+00
  0.4078480051443264E+00
  0.4080452052729345E+00
  0.4082473354047579E+00
  0.4084545187898768E+00
  0.4086668817596237E+00
  0.4088845538036143E+00
  0.4091076676487047E+00
  0.4093363593399222E+00
  0.4095707683234203E+00
  0.4098110375315058E+00
  0.4100573134697934E+00
  0.4103073134697934E+00
  0.4105573134697934E+00
  0.4108073134697933E+00
  0.4110573134697933E+00
  0.4113073134697933E+00
  0.4115573134697932E+00
  0.4118073134697932E+00
  0.4120573134697932E+00
  0.4123073134697932E+00
  0.4125573134697931E+00
  0.4128073134697931E+00
  0.4130573134697931E+00
  0.4133073134697930E+00
  0.4135573134697930E+00
  0.4138073134697930E+00
  0.4140573134697930E+00
  0.4143073134697929E+00
  0.4145573134697929E+00
  0.4148073134697929E+00
  0.4150573134697929E+00
  0.4153073134697928E+00
  0.4155573134697928E+00
  0.4158073134697928E+00
  0.4160573134697927E+00
  0.4163073134697927E+00
  0.4165573134697927E+00
  0.4168073134697927E+00
  0.4170573134697926E+00
  0.4173073134697926E+00
  0.4175573134697926E+00
  0.4178073134697926E+00
  0.4180573134697925E+00
  0.4183073134697925E+00
  0.4185573134697925E+00
  0.4188073134697924E+00
  0.4190573134697924E+00
  0.4193073134697924E+00
  0.4195573134697924E+00
  0.4198073134697923E+00
  0.4200573134697923E+00
  0.4203073134697923E+00
  0.4205573134697922E+00
  0.4208073134697922E+00
  0.4210573134697922E+00
  0.4213073134697922E+00
  0.4215573134697921E+00
  0.4218073134697921E+00
  0.4220573134697921E+00
  0.4223073134697921E+00
  0.4225573134697920E+00
  0.4228073134697920E+00
  0.4230573134697920E+00
  0.4233073134697919E+00
  0.4235573134697919E+00
  0.4238073134697919E+00
  0.4240573134697919E+00
  0.4243073134697918E+00
  0.4245573134697918E+00
  0.4248073134697918E+00
  0.4250573134697918E+00
  0.4253073134697917E+00
  0.4255573134697917E+00
  0.4258073134697917E+00
  0.4260573134697916E+00
  0.4263073134697916E+00
  0.4265573134697916E+00
  0.4268073134697916E+00
  0.4270573134697915E+00
  0.4273073134697915E+00
  0.4275573134697915E+00
  0.4278073134697915E+00
  0.4280573134697914E+00
  0.4283073134697914E+00
  0.4285573134697914E+00
  0.4288073134697913E+00
  0.4290573134697913E+00
  0.4293073134697913E+00
  0.4295573134697913E+00
  0.4298073134697912E+00
  0.4300573134697912E+00
  0.4303073134697912E+00
  0.4305573134697911E+00
  0.4308073134697911E+00
  0.4310573134697911E+00
  0.4313073134697911E+00
  0.4315573134697910E+00
  0.4318073134697910E+00
  0.4320573134697910E+00
  0.4323073134697910E+00
  0.4325573134697909E+00
  0.4328073134697909E+00
  0.4330573134697909E+00
  0.4333073134697908E+00
  0.4335573134697908E+00
  0.4338073134697908E+00
  0.4340573134697908E+00
  0.4343073134697907E+00
  0.4345573134697907E+00
  0.4348073134697907E+00
  0.4350573134697907E+00
  0.4353073134697906E+00
  0.4355573134697906E+00
  0.4358073134697906E+00
  0.4360573134697905E+00
  0.4363073134697905E+00
  0.4365573134697905E+00
  0.4368073134697905E+00
  0.4370573134697904E+00
  0.4373073134697904E+00
  0.4375573134697904E+00
  0.4378073134697903E+00
  0.4380573134697903E+00
  0.4383073134697903E+00
  0.4385573134697903E+00
  0.4388073134697902E+00
  0.4390573134697902E+00
  0.4393073134697902E+00
  0.4395573134697902E+00
  0.4398073134697901E+00
  0.4400573134697901E+00
  0.4403073134697901E+00
  0.4405573134697900E+00
  0.4408073134697900E+00
  0.4410573134697900E+00
  0.4413073134697900E+00
  0.4415573134697899E+00
  0.4418073134697899E+00
  0.4420573134697899E+00
  0.4423073134697899E+00
  0.4425573134697898E+00
  0.4428073134697898E+00
  0.4430573134697898E+00
  0.4433073134697897E+00
  0.4435573134697897E+00
  0.4438073134697897E+00
  0.4440573134697897E+00
  0.4443073134697896E+00
  0.4445573134697896E+00
  0.4448073134697896E+00
  0.4450573134697896E+00
  0.4453073134697895E+00
  0.4455573134697895E+00
  0.4458073134697895E+00
  0.4460573134697894E+00
  0.4463073134697894E+00
  0.4465573134697894E+00
  0.4468073134697894E+00
  0.4470573134697893E+00
  0.4473073134697893E+00
  0.4475573134697893E+00
  0.4478073134697892E+00
  0.4480573134697892E+00
  0.4483073134697892E+00
  0.4485573134697892E+00
  0.4488073134697891E+00
  0.4490573134697891E+00
  0.4493073134697891E+00
  0.4495573134697891E+00
  0.4498073134697890E+00
  0.4500573134697890E+00
  0.4503073134697890E+00
  0.4505573134697889E+00
  0.4508073134697889E+00
  0.4510573134697889E+00
  0.4513073134697889E+00
  0.4515573134697888E+00
  0.4518073134697888E+00
  0.4520573134697888E+00
  0.4523073134697888E+00
  0.4525573134697887E+00
  0.4528073134697887E+00
  0.4530573134697887E+00
  0.4533073134697886E+00
  0.4535573134697886E+00
  0.4538073134697886E+00
  0.4540573134697886E+00
  0.4543073134697885E+00
  0.4545573134697885E+00
  0.4548073134697885E+00
  0.4550573134697884E+00
  0.4553073134697884E+00
  0.4555573134697884E+00
  0.4558073134697884E+00
  0.4560573134697883E+00
  0.4563073134697883E+00
  0.4565573134697883E+00
  0.4568073134697883E+00
  0.4570573134697882E+00
  0.4573073134697882E+00
  0.4575573134697882E+00
  0.4578073134697881E+00
  0.4580573134697881E+00
  0.4583073134697881E+00
  0.4585573134697881E+00
  0.4588073134697880E+00
  0.4590573134697880E+00
  0.4593073134697880E+00
  0.4595573134697880E+00
  0.4598073134697879E+00
  0.4600573134697879E+00
