637
  0.4000000000000000E+00
  0.4000002500000000E+00
  0.4000005037500000E+00
  0.4000007613062500E+00
  0.4000010227258438E+00
  0.4000012880667314E+00
  0.4000015573877324E+00
  0.4000018307485483E+00
  0.4000021082097766E+00
  0.4000023898329232E+00
  0.4000026756804170E+00
  0.4000029658156233E+00
  0.4000032603028577E+00
  0.4000035592074005E+00
  0.4000038625955115E+00
  0.4000041705344442E+00
  0.4000044830924609E+00
  0.4000048003388478E+00
  0.4000051223439305E+00
  0.4000054491790895E+00
  0.4000057809167758E+00
  0.4000061176305275E+00
  0.4000064593949854E+00
  0.4000068062859101E+00
  0.4000071583801988E+00
  0.4000075157559018E+00
  0.4000078784922403E+00
  0.4000082466696239E+00
  0.4000086203696682E+00
  0.4000089996752133E+00
  0.4000093846703415E+00
  0.4000097754403966E+00
  0.4000101720720026E+00
  0.4000105746530826E+00
  0.4000109832728788E+00
  0.4000113980219720E+00
  0.4000118189923016E+00
  0.4000122462771861E+00
  0.4000126799713439E+00
  0.4000131201709141E+00
  0.4000135669734778E+00
  0.4000140204780800E+00
  0.4000144807852512E+00
  0.4000149479970300E+00
  0.4000154222169854E+00
  0.4000159035502402E+00
  0.4000163921034938E+00
  0.4000168879850463E+00
  0.4000173913048219E+00
  0.4000179021743943E+00
  0.4000184207070102E+00
  0.4000189470176153E+00
  0.4000194812228796E+00
  0.4000200234412227E+00
  0.4000205737928411E+00
  0.4000211323997337E+00
  0.4000216993857297E+00
  0.4000222748765156E+00
  0.4000228589996634E+00
  0.4000234518846583E+00
  0.4000240536629282E+00
  0.4000246644678721E+00
  0.4000252844348902E+00
  0.4000259137014135E+00
  0.4000265524069347E+00
  0.4000272006930387E+00
  0.4000278587034343E+00
  0.4000285265839858E+00
  0.4000292044827456E+00
  0.4000298925499868E+00
  0.4000305909382366E+00
  0.4000312998023101E+00
  0.4000320192993448E+00
  0.4000327495888349E+00
  0.4000334908326675E+00
  0.4000342431951575E+00
  0.4000350068430849E+00
  0.4000357819457311E+00
  0.4000365686749171E+00
  0.4000373672050409E+00
  0.4000381777131164E+00
  0.4000390003788132E+00
  0.4000398353844954E+00
  0.4000406829152628E+00
  0.4000415431589918E+00
  0.4000424163063767E+00
  0.4000433025509723E+00
  0.4000442020892369E+00
  0.4000451151205754E+00
  0.4000460418473841E+00
  0.4000469824750948E+00
  0.4000479372122213E+00
  0.4000489062704046E+00
  0.4000498898644607E+00
  0.4000508882124276E+00
  0.4000519015356140E+00
  0.4000529300586482E+00
  0.4000539740095279E+00
  0.4000550336196708E+00
  0.4000561091239659E+00
  0.4000572007608253E+00
  0.4000583087722377E+00
  0.4000594334038213E+00
  0.4000605749048787E+00
  0.4000617335284519E+00
  0.4000629095313786E+00
  0.4000641031743493E+00
  0.4000653147219645E+00
  0.4000665444427940E+00
  0.4000677926094359E+00
  0.4000690594985775E+00
  0.4000703453910561E+00
  0.4000716505719220E+00
  0.4000729753305008E+00
  0.4000743199604583E+00
  0.4000756847598652E+00
  0.4000770700312631E+00
  0.4000784760817321E+00
  0.4000799032229581E+00
  0.4000813517713024E+00
  0.4000828220478720E+00
  0.4000843143785900E+00
  0.4000858290942689E+00
  0.4000873665306829E+00
  0.4000889270286431E+00
  0.4000905109340728E+00
  0.4000921185980839E+00
  0.4000937503770551E+00
  0.4000954066327110E+00
  0.4000970877322017E+00
  0.4000987940481847E+00
  0.4001005259589074E+00
  0.4001022838482911E+00
  0.4001040681060154E+00
  0.4001058791276056E+00
  0.4001077173145197E+00
  0.4001095830742375E+00
  0.4001114768203511E+00
  0.4001133989726564E+00
  0.4001153499572462E+00
  0.4001173302066049E+00
  0.4001193401597040E+00
  0.4001213802620995E+00
  0.4001234509660310E+00
  0.4001255527305215E+00
  0.4001276860214793E+00
  0.4001298513118015E+00
  0.4001320490814785E+00
  0.4001342798177007E+00
  0.4001365440149662E+00
  0.4001388421751907E+00
  0.4001411748078186E+00
  0.4001435424299359E+00
  0.4001459455663850E+00
  0.4001483847498808E+00
  0.4001508605211290E+00
  0.4001533734289460E+00
  0.4001559240303801E+00
  0.4001585128908358E+00
  0.4001611405841983E+00
  0.4001638076929613E+00
  0.4001665148083557E+00
  0.4001692625304810E+00
  0.4001720514684383E+00
  0.4001748822404648E+00
  0.4001777554740718E+00
  0.4001806718061829E+00
  0.4001836318832756E+00
  0.4001866363615247E+00
  0.4001896859069476E+00
  0.4001927811955518E+00
  0.4001959229134850E+00
  0.4001991117571873E+00
  0.4002023484335451E+00
  0.4002056336600483E+00
  0.4002089681649491E+00
  0.4002123526874233E+00
  0.4002157879777346E+00
  0.4002192747974006E+00
  0.4002228139193616E+00
  0.4002264061281520E+00
  0.4002300522200743E+00
  0.4002337530033754E+00
  0.4002375092984261E+00
  0.4002413219379025E+00
  0.4002451917669710E+00
  0.4002491196434755E+00
  0.4002531064381277E+00
  0.4002571530346996E+00
  0.4002612603302201E+00
  0.4002654292351734E+00
  0.4002696606737010E+00
  0.4002739555838065E+00
  0.4002783149175636E+00
  0.4002827396413270E+00
  0.4002872307359470E+00
  0.4002917891969862E+00
  0.4002964160349409E+00
  0.4003011122754651E+00
  0.4003058789595970E+00
  0.4003107171439910E+00
  0.4003156279011508E+00
  0.4003206123196681E+00
  0.4003256715044631E+00
  0.4003308065770301E+00
  0.4003360186756855E+00
  0.4003413089558208E+00
  0.4003466785901582E+00
  0.4003521287690106E+00
  0.4003576607005457E+00
  0.4003632756110539E+00
  0.4003689747452198E+00
  0.4003747593663980E+00
  0.4003806307568940E+00
  0.4003865902182474E+00
  0.4003926390715211E+00
  0.4003987786575939E+00
  0.4004050103374578E+00
  0.4004113354925197E+00
  0.4004177555249075E+00
  0.4004242718577812E+00
  0.4004308859356479E+00
  0.4004375992246826E+00
  0.4004444132130529E+00
  0.4004513294112487E+00
  0.4004583493524175E+00
  0.4004654745927038E+00
  0.4004727067115943E+00
  0.4004800473122682E+00
  0.4004874980219522E+00
  0.4004950604922815E+00
  0.4005027363996657E+00
  0.4005105274456607E+00
  0.4005184353573456E+00
  0.4005264618877058E+00
  0.4005346088160214E+00
  0.4005428779482617E+00
  0.4005512711174856E+00
  0.4005597901842479E+00
  0.4005684370370116E+00
  0.4005772135925668E+00
  0.4005861217964553E+00
  0.4005951636234021E+00
  0.4006043410777532E+00
  0.4006136561939195E+00
  0.4006231110368283E+00
  0.4006327077023807E+00
  0.4006424483179165E+00
  0.4006523350426852E+00
  0.4006623700683255E+00
  0.4006725556193504E+00
  0.4006828939536407E+00
  0.4006933873629452E+00
  0.4007040381733894E+00
  0.4007148487459902E+00
  0.4007258214771801E+00
  0.4007369587993377E+00
  0.4007482631813278E+00
  0.4007597371290478E+00
  0.4007713831859835E+00
  0.4007832039337733E+00
  0.4007952019927798E+00
  0.4008073800226715E+00
  0.4008197407230116E+00
  0.4008322868338567E+00
  0.4008450211363646E+00
  0.4008579464534101E+00
  0.4008710656502112E+00
  0.4008843816349644E+00
  0.4008978973594889E+00
  0.4009116158198812E+00
  0.4009255400571795E+00
  0.4009396731580371E+00
  0.4009540182554077E+00
  0.4009685785292388E+00
  0.4009833572071774E+00
  0.4009983575652851E+00
  0.4010135829287643E+00
  0.4010290366726958E+00
  0.4010447222227863E+00
  0.4010606430561280E+00
  0.4010768027019700E+00
  0.4010932047424995E+00
  0.4011098528136370E+00
  0.4011267506058416E+00
  0.4011439018649292E+00
  0.4011613103929031E+00
  0.4011789800487967E+00
  0.4011969147495287E+00
  0.4012151184707716E+00
  0.4012335952478332E+00
  0.4012523491765507E+00
  0.4012713844141990E+00
  0.4012907051804119E+00
  0.4013103157581181E+00
  0.4013302204944899E+00
  0.4013504238019072E+00
  0.4013709301589358E+00
  0.4013917441113198E+00
  0.4014128702729897E+00
  0.4014343133270845E+00
  0.4014560780269908E+00
  0.4014781691973957E+00
  0.4015005917353566E+00
  0.4015233506113869E+00
  0.4015464508705577E+00
  0.4015698976336161E+00
  0.4015936960981203E+00
  0.4016178515395922E+00
  0.4016423693126860E+00
  0.4016672548523763E+00
  0.4016925136751620E+00
  0.4017181513802894E+00
  0.4017441736509937E+00
  0.4017705862557587E+00
  0.4017973950495951E+00
  0.4018246059753390E+00
  0.4018522250649691E+00
  0.4018802584409436E+00
  0.4019087123175578E+00
  0.4019375930023211E+00
  0.4019669068973559E+00
  0.4019966605008163E+00
  0.4020268604083285E+00
  0.4020575133144534E+00
  0.4020886260141702E+00
  0.4021202054043828E+00
  0.4021522584854485E+00
  0.4021847923627302E+00
  0.4022178142481712E+00
  0.4022513314618938E+00
  0.4022853514338222E+00
  0.4023198817053296E+00
  0.4023549299309095E+00
  0.4023905038798731E+00
  0.4024266114380712E+00
  0.4024632606096423E+00
  0.4025004595187870E+00
  0.4025382164115688E+00
  0.4025765396577423E+00
  0.4026154377526084E+00
  0.4026549193188976E+00
  0.4026949931086811E+00
  0.4027356680053113E+00
  0.4027769530253910E+00
  0.4028188573207718E+00
  0.4028613901805834E+00
  0.4029045610332922E+00
  0.4029483794487916E+00
  0.4029928551405235E+00
  0.4030379979676313E+00
  0.4030838179371458E+00
  0.4031303252062030E+00
  0.4031775300842961E+00
  0.4032254430355605E+00
  0.4032740746810939E+00
  0.4033234358013104E+00
  0.4033735373383300E+00
  0.4034243903984050E+00
  0.4034760062543811E+00
  0.4035283963481968E+00
  0.4035815722934197E+00
  0.4036355458778210E+00
  0.4036903290659883E+00
  0.4037459340019782E+00
  0.4038023730120078E+00
  0.4038596586071880E+00
  0.4039178034862958E+00
  0.4039768205385902E+00
  0.4040367228466691E+00
  0.4040975236893691E+00
  0.4041592365447096E+00
  0.4042218750928803E+00
  0.4042854532192734E+00
  0.4043499850175625E+00
  0.4044154847928260E+00
  0.4044819670647183E+00
  0.4045494465706891E+00
  0.4046179382692495E+00
  0.4046874573432882E+00
  0.4047580192034375E+00
  0.4048296394914891E+00
  0.4049023340838614E+00
  0.4049761190951194E+00
  0.4050510108815462E+00
  0.4051270260447694E+00
  0.4052041814354409E+00
  0.4052824941569725E+00
  0.4053619815693271E+00
  0.4054426612928670E+00
  0.4055245512122601E+00
  0.4056076694804440E+00
  0.4056920345226506E+00
  0.4057776650404904E+00
  0.4058645800160978E+00
  0.4059527987163392E+00
  0.4060423406970843E+00
  0.4061332258075405E+00
  0.4062254741946537E+00
  0.4063191063075735E+00
  0.4064141429021871E+00
  0.4065106050457199E+00
  0.4066085141214057E+00
  0.4067078918332268E+00
  0.4068078918332268E+00
  0.4069078918332268E+00
  0.4070078918332268E+00
  0.4071078918332268E+00
  0.4072078918332268E+00
  0.4073078918332267E+00
  0.4074078918332267E+00
  0.4075078918332267E+00
  0.4076078918332267E+00
  0.4077078918332267E+00
  0.4078078918332267E+00
  0.4079078918332267E+00
  0.4080078918332267E+00
  0.4081078918332267E+00
  0.4082078918332266E+00
  0.4083078918332266E+00
  0.4084078918332266E+00
  0.4085078918332266E+00
  0.4086078918332266E+00
  0.4087078918332266E+00
  0.4088078918332266E+00
  0.4089078918332266E+00
  0.4090078918332266E+00
  0.4091078918332265E+00
  0.4092078918332265E+00
  0.4093078918332265E+00
  0.4094078918332265E+00
  0.4095078918332265E+00
  0.4096078918332265E+00
  0.4097078918332265E+00
  0.4098078918332265E+00
  0.4099078918332265E+00
  0.4100078918332264E+00
  0.4101078918332264E+00
  0.4102078918332264E+00
  0.4103078918332264E+00
  0.4104078918332264E+00
  0.4105078918332264E+00
  0.4106078918332264E+00
  0.4107078918332264E+00
  0.4108078918332264E+00
  0.4109078918332263E+00
  0.4110078918332263E+00
  0.4111078918332263E+00
  0.4112078918332263E+00
  0.4113078918332263E+00
  0.4114078918332263E+00
  0.4115078918332263E+00
  0.4116078918332263E+00
  0.4117078918332263E+00
  0.4118078918332262E+00
  0.4119078918332262E+00
  0.4120078918332262E+00
  0.4121078918332262E+00
  0.4122078918332262E+00
  0.4123078918332262E+00
  0.4124078918332262E+00
  0.4125078918332262E+00
  0.4126078918332262E+00
  0.4127078918332261E+00
  0.4128078918332261E+00
  0.4129078918332261E+00
  0.4130078918332261E+00
  0.4131078918332261E+00
  0.4132078918332261E+00
  0.4133078918332261E+00
  0.4134078918332261E+00
  0.4135078918332261E+00
  0.4136078918332260E+00
  0.4137078918332260E+00
  0.4138078918332260E+00
  0.4139078918332260E+00
  0.4140078918332260E+00
  0.4141078918332260E+00
  0.4142078918332260E+00
  0.4143078918332260E+00
  0.4144078918332260E+00
  0.4145078918332259E+00
  0.4146078918332259E+00
  0.4147078918332259E+00
  0.4148078918332259E+00
  0.4149078918332259E+00
  0.4150078918332259E+00
  0.4151078918332259E+00
  0.4152078918332259E+00
  0.4153078918332259E+00
  0.4154078918332259E+00
  0.4155078918332258E+00
  0.4156078918332258E+00
  0.4157078918332258E+00
  0.4158078918332258E+00
  0.4159078918332258E+00
  0.4160078918332258E+00
  0.4161078918332258E+00
  0.4162078918332258E+00
  0.4163078918332258E+00
  0.4164078918332257E+00
  0.4165078918332257E+00
  0.4166078918332257E+00
  0.4167078918332257E+00
  0.4168078918332257E+00
  0.4169078918332257E+00
  0.4170078918332257E+00
  0.4171078918332257E+00
  0.4172078918332257E+00
  0.4173078918332256E+00
  0.4174078918332256E+00
  0.4175078918332256E+00
  0.4176078918332256E+00
  0.4177078918332256E+00
  0.4178078918332256E+00
  0.4179078918332256E+00
  0.4180078918332256E+00
  0.4181078918332256E+00
  0.4182078918332255E+00
  0.4183078918332255E+00
  0.4184078918332255E+00
  0.4185078918332255E+00
  0.4186078918332255E+00
  0.4187078918332255E+00
  0.4188078918332255E+00
  0.4189078918332255E+00
  0.4190078918332255E+00
  0.4191078918332254E+00
  0.4192078918332254E+00
  0.4193078918332254E+00
  0.4194078918332254E+00
  0.4195078918332254E+00
  0.4196078918332254E+00
  0.4197078918332254E+00
  0.4198078918332254E+00
  0.4199078918332254E+00
  0.4200078918332253E+00
  0.4201078918332253E+00
  0.4202078918332253E+00
  0.4203078918332253E+00
  0.4204078918332253E+00
  0.4205078918332253E+00
  0.4206078918332253E+00
  0.4207078918332253E+00
  0.4208078918332253E+00
  0.4209078918332252E+00
  0.4210078918332252E+00
  0.4211078918332252E+00
  0.4212078918332252E+00
  0.4213078918332252E+00
  0.4214078918332252E+00
  0.4215078918332252E+00
  0.4216078918332252E+00
  0.4217078918332252E+00
  0.4218078918332251E+00
  0.4219078918332251E+00
  0.4220078918332251E+00
  0.4221078918332251E+00
  0.4222078918332251E+00
  0.4223078918332251E+00
  0.4224078918332251E+00
  0.4225078918332251E+00
  0.4226078918332251E+00
  0.4227078918332250E+00
  0.4228078918332250E+00
  0.4229078918332250E+00
  0.4230078918332250E+00
  0.4231078918332250E+00
  0.4232078918332250E+00
  0.4233078918332250E+00
  0.4234078918332250E+00
  0.4235078918332250E+00
  0.4236078918332249E+00
  0.4237078918332249E+00
  0.4238078918332249E+00
  0.4239078918332249E+00
  0.4240078918332249E+00
  0.4241078918332249E+00
  0.4242078918332249E+00
  0.4243078918332249E+00
  0.4244078918332249E+00
  0.4245078918332248E+00
  0.4246078918332248E+00
  0.4247078918332248E+00
  0.4248078918332248E+00
  0.4249078918332248E+00
  0.4250078918332248E+00
  0.4251078918332248E+00
  0.4252078918332248E+00
  0.4253078918332248E+00
  0.4254078918332247E+00
  0.4255078918332247E+00
  0.4256078918332247E+00
  0.4257078918332247E+00
  0.4258078918332247E+00
  0.4259078918332247E+00
  0.4260078918332247E+00
  0.4261078918332247E+00
  0.4262078918332247E+00
  0.4263078918332247E+00
  0.4264078918332246E+00
  0.4265078918332246E+00
  0.4266078918332246E+00
  0.4267078918332246E+00
  0.4268078918332246E+00
  0.4269078918332246E+00
  0.4270078918332246E+00
  0.4271078918332246E+00
  0.4272078918332246E+00
  0.4273078918332245E+00
  0.4274078918332245E+00
  0.4275078918332245E+00
  0.4276078918332245E+00
  0.4277078918332245E+00
  0.4278078918332245E+00
  0.4279078918332245E+00
  0.4280078918332245E+00
  0.4281078918332245E+00
  0.4282078918332244E+00
  0.4283078918332244E+00
  0.4284078918332244E+00
  0.4285078918332244E+00
  0.4286078918332244E+00
  0.4287078918332244E+00
  0.4288078918332244E+00
  0.4289078918332244E+00
  0.4290078918332244E+00
  0.4291078918332243E+00
  0.4292078918332243E+00
  0.4293078918332243E+00
  0.4294078918332243E+00
  0.4295078918332243E+00
  0.4296078918332243E+00
  0.4297078918332243E+00
  0.4298078918332243E+00
  0.4299078918332243E+00
  0.4300078918332242E+00
