519
  0.4000000000000000E+00
  0.4000005000000000E+00
  0.4000010100000000E+00
  0.4000015302000001E+00
  0.4000020608040001E+00
  0.4000026020200801E+00
  0.4000031540604817E+00
  0.4000037171416914E+00
  0.4000042914845252E+00
  0.4000048773142157E+00
  0.4000054748605000E+00
  0.4000060843577100E+00
  0.4000067060448642E+00
  0.4000073401657614E+00
  0.4000079869690767E+00
  0.4000086467084582E+00
  0.4000093196426274E+00
  0.4000100060354799E+00
  0.4000107061561895E+00
  0.4000114202793133E+00
  0.4000121486848995E+00
  0.4000128916585975E+00
  0.4000136494917695E+00
  0.4000144224816048E+00
  0.4000152109312369E+00
  0.4000160151498617E+00
  0.4000168354528589E+00
  0.4000176721619161E+00
  0.4000185256051544E+00
  0.4000193961172575E+00
  0.4000202840396026E+00
  0.4000211897203946E+00
  0.4000221135148025E+00
  0.4000230557850986E+00
  0.4000240169008006E+00
  0.4000249972388166E+00
  0.4000259971835929E+00
  0.4000270171272647E+00
  0.4000280574698100E+00
  0.4000291186192062E+00
  0.4000302009915903E+00
  0.4000313050114221E+00
  0.4000324311116506E+00
  0.4000335797338836E+00
  0.4000347513285613E+00
  0.4000359463551325E+00
  0.4000371652822351E+00
  0.4000384085878798E+00
  0.4000396767596374E+00
  0.4000409702948302E+00
  0.4000422897007267E+00
  0.4000436354947413E+00
  0.4000450082046361E+00
  0.4000464083687288E+00
  0.4000478365361034E+00
  0.4000492932668255E+00
  0.4000507791321620E+00
  0.4000522947148052E+00
  0.4000538406091013E+00
  0.4000554174212834E+00
  0.4000570257697090E+00
  0.4000586662851032E+00
  0.4000603396108053E+00
  0.4000620464030214E+00
  0.4000637873310818E+00
  0.4000655630777035E+00
  0.4000673743392575E+00
  0.4000692218260427E+00
  0.4000711062625636E+00
  0.4000730283878149E+00
  0.4000749889555712E+00
  0.4000769887346826E+00
  0.4000790285093763E+00
  0.4000811090795638E+00
  0.4000832312611551E+00
  0.4000853958863782E+00
  0.4000876038041057E+00
  0.4000898558801879E+00
  0.4000921529977916E+00
  0.4000944960577474E+00
  0.4000968859789024E+00
  0.4000993236984804E+00
  0.4001018101724500E+00
  0.4001043463758990E+00
  0.4001069333034170E+00
  0.4001095719694853E+00
  0.4001122634088750E+00
  0.4001150086770525E+00
  0.4001178088505936E+00
  0.4001206650276055E+00
  0.4001235783281576E+00
  0.4001265498947207E+00
  0.4001295808926151E+00
  0.4001326725104674E+00
  0.4001358259606768E+00
  0.4001390424798903E+00
  0.4001423233294881E+00
  0.4001456697960779E+00
  0.4001490831919995E+00
  0.4001525648558395E+00
  0.4001561161529563E+00
  0.4001597384760154E+00
  0.4001634332455357E+00
  0.4001672019104464E+00
  0.4001710459486553E+00
  0.4001749668676284E+00
  0.4001789662049810E+00
  0.4001830455290806E+00
  0.4001872064396623E+00
  0.4001914505684555E+00
  0.4001957795798246E+00
  0.4002001951714211E+00
  0.4002046990748495E+00
  0.4002092930563465E+00
  0.4002139789174735E+00
  0.4002187584958229E+00
  0.4002236336657394E+00
  0.4002286063390542E+00
  0.4002336784658353E+00
  0.4002388520351520E+00
  0.4002441290758550E+00
  0.4002495116573722E+00
  0.4002550018905196E+00
  0.4002606019283300E+00
  0.4002663139668966E+00
  0.4002721402462345E+00
  0.4002780830511592E+00
  0.4002841447121824E+00
  0.4002903276064260E+00
  0.4002966341585545E+00
  0.4003030668417256E+00
  0.4003096281785601E+00
  0.4003163207421314E+00
  0.4003231471569740E+00
  0.4003301101001134E+00
  0.4003372123021157E+00
  0.4003444565481580E+00
  0.4003518456791212E+00
  0.4003593825927036E+00
  0.4003670702445576E+00
  0.4003749116494488E+00
  0.4003829098824377E+00
  0.4003910680800865E+00
  0.4003993894416882E+00
  0.4004078772305220E+00
  0.4004165347751324E+00
  0.4004253654706351E+00
  0.4004343727800478E+00
  0.4004435602356488E+00
  0.4004529314403618E+00
  0.4004624900691691E+00
  0.4004722398705525E+00
  0.4004821846679635E+00
  0.4004923283613228E+00
  0.4005026749285493E+00
  0.4005132284271203E+00
  0.4005239929956627E+00
  0.4005349728555760E+00
  0.4005461723126875E+00
  0.4005575957589413E+00
  0.4005692476741201E+00
  0.4005811326276025E+00
  0.4005932552801546E+00
  0.4006056203857577E+00
  0.4006182327934729E+00
  0.4006310974493423E+00
  0.4006442193983292E+00
  0.4006576037862957E+00
  0.4006712558620216E+00
  0.4006851809792620E+00
  0.4006993845988473E+00
  0.4007138722908242E+00
  0.4007286497366407E+00
  0.4007437227313735E+00
  0.4007590971860009E+00
  0.4007747791297210E+00
  0.4007907747123154E+00
  0.4008070902065617E+00
  0.4008237320106929E+00
  0.4008407066509068E+00
  0.4008580207839249E+00
  0.4008756811996034E+00
  0.4008936948235955E+00
  0.4009120687200674E+00
  0.4009308100944687E+00
  0.4009499262963581E+00
  0.4009694248222853E+00
  0.4009893133187309E+00
  0.4010095995851056E+00
  0.4010302915768077E+00
  0.4010513974083438E+00
  0.4010729253565107E+00
  0.4010948838636409E+00
  0.4011172815409138E+00
  0.4011401271717320E+00
  0.4011634297151667E+00
  0.4011871983094700E+00
  0.4012114422756594E+00
  0.4012361711211725E+00
  0.4012613945435960E+00
  0.4012871224344679E+00
  0.4013133648831573E+00
  0.4013401321808204E+00
  0.4013674348244368E+00
  0.4013952835209256E+00
  0.4014236891913441E+00
  0.4014526629751710E+00
  0.4014822162346744E+00
  0.4015123605593679E+00
  0.4015431077705552E+00
  0.4015744699259663E+00
  0.4016064593244857E+00
  0.4016390885109754E+00
  0.4016723702811949E+00
  0.4017063176868188E+00
  0.4017409440405552E+00
  0.4017762629213663E+00
  0.4018122881797936E+00
  0.4018490339433894E+00
  0.4018865146222572E+00
  0.4019247449147024E+00
  0.4019637398129964E+00
  0.4020035146092564E+00
  0.4020440849014415E+00
  0.4020854665994703E+00
  0.4021276759314597E+00
  0.4021707294500889E+00
  0.4022146440390907E+00
  0.4022594369198725E+00
  0.4023051256582699E+00
  0.4023517281714353E+00
  0.4023992627348640E+00
  0.4024477479895613E+00
  0.4024972029493525E+00
  0.4025476470083395E+00
  0.4025990999485063E+00
  0.4026515819474764E+00
  0.4027051135864259E+00
  0.4027597158581544E+00
  0.4028154101753175E+00
  0.4028722183788238E+00
  0.4029301627464003E+00
  0.4029892660013283E+00
  0.4030495513213548E+00
  0.4031110423477819E+00
  0.4031737631947376E+00
  0.4032377384586323E+00
  0.4033029932278049E+00
  0.4033695530923611E+00
  0.4034374441542083E+00
  0.4035066930372925E+00
  0.4035773268980383E+00
  0.4036493734359991E+00
  0.4037228609047191E+00
  0.4037978181228135E+00
  0.4038742744852697E+00
  0.4039522599749751E+00
  0.4040318051744746E+00
  0.4041129412779641E+00
  0.4041957001035234E+00
  0.4042801141055939E+00
  0.4043662163877058E+00
  0.4044540407154599E+00
  0.4045436215297691E+00
  0.4046349939603645E+00
  0.4047281938395718E+00
  0.4048232577163632E+00
  0.4049202228706905E+00
  0.4050191273281042E+00
  0.4051191273281042E+00
  0.4052191273281042E+00
  0.4053191273281042E+00
  0.4054191273281042E+00
  0.4055191273281042E+00
  0.4056191273281042E+00
  0.4057191273281042E+00
  0.4058191273281042E+00
  0.4059191273281041E+00
  0.4060191273281041E+00
  0.4061191273281041E+00
  0.4062191273281041E+00
  0.4063191273281041E+00
  0.4064191273281041E+00
  0.4065191273281041E+00
  0.4066191273281041E+00
  0.4067191273281041E+00
  0.4068191273281040E+00
  0.4069191273281040E+00
  0.4070191273281040E+00
  0.4071191273281040E+00
  0.4072191273281040E+00
  0.4073191273281040E+00
  0.4074191273281040E+00
  0.4075191273281040E+00
  0.4076191273281040E+00
  0.4077191273281039E+00
  0.4078191273281039E+00
  0.4079191273281039E+00
  0.4080191273281039E+00
  0.4081191273281039E+00
  0.4082191273281039E+00
  0.4083191273281039E+00
  0.4084191273281039E+00
  0.4085191273281039E+00
  0.4086191273281038E+00
  0.4087191273281038E+00
  0.4088191273281038E+00
  0.4089191273281038E+00
  0.4090191273281038E+00
  0.4091191273281038E+00
  0.4092191273281038E+00
  0.4093191273281038E+00
  0.4094191273281038E+00
  0.4095191273281037E+00
  0.4096191273281037E+00
  0.4097191273281037E+00
  0.4098191273281037E+00
  0.4099191273281037E+00
  0.4100191273281037E+00
  0.4101191273281037E+00
  0.4102191273281037E+00
  0.4103191273281037E+00
  0.4104191273281037E+00
  0.4105191273281036E+00
  0.4106191273281036E+00
  0.4107191273281036E+00
  0.4108191273281036E+00
  0.4109191273281036E+00
  0.4110191273281036E+00
  0.4111191273281036E+00
  0.4112191273281036E+00
  0.4113191273281036E+00
  0.4114191273281035E+00
  0.4115191273281035E+00
  0.4116191273281035E+00
  0.4117191273281035E+00
  0.4118191273281035E+00
  0.4119191273281035E+00
  0.4120191273281035E+00
  0.4121191273281035E+00
  0.4122191273281035E+00
  0.4123191273281034E+00
  0.4124191273281034E+00
  0.4125191273281034E+00
  0.4126191273281034E+00
  0.4127191273281034E+00
  0.4128191273281034E+00
  0.4129191273281034E+00
  0.4130191273281034E+00
  0.4131191273281034E+00
  0.4132191273281033E+00
  0.4133191273281033E+00
  0.4134191273281033E+00
  0.4135191273281033E+00
  0.4136191273281033E+00
  0.4137191273281033E+00
  0.4138191273281033E+00
  0.4139191273281033E+00
  0.4140191273281033E+00
  0.4141191273281032E+00
  0.4142191273281032E+00
  0.4143191273281032E+00
  0.4144191273281032E+00
  0.4145191273281032E+00
  0.4146191273281032E+00
  0.4147191273281032E+00
  0.4148191273281032E+00
  0.4149191273281032E+00
  0.4150191273281031E+00
  0.4151191273281031E+00
  0.4152191273281031E+00
  0.4153191273281031E+00
  0.4154191273281031E+00
  0.4155191273281031E+00
  0.4156191273281031E+00
  0.4157191273281031E+00
  0.4158191273281031E+00
  0.4159191273281030E+00
  0.4160191273281030E+00
  0.4161191273281030E+00
  0.4162191273281030E+00
  0.4163191273281030E+00
  0.4164191273281030E+00
  0.4165191273281030E+00
  0.4166191273281030E+00
  0.4167191273281030E+00
  0.4168191273281029E+00
  0.4169191273281029E+00
  0.4170191273281029E+00
  0.4171191273281029E+00
  0.4172191273281029E+00
  0.4173191273281029E+00
  0.4174191273281029E+00
  0.4175191273281029E+00
  0.4176191273281029E+00
  0.4177191273281028E+00
  0.4178191273281028E+00
  0.4179191273281028E+00
  0.4180191273281028E+00
  0.4181191273281028E+00
  0.4182191273281028E+00
  0.4183191273281028E+00
  0.4184191273281028E+00
  0.4185191273281028E+00
  0.4186191273281027E+00
  0.4187191273281027E+00
  0.4188191273281027E+00
  0.4189191273281027E+00
  0.4190191273281027E+00
  0.4191191273281027E+00
  0.4192191273281027E+00
  0.4193191273281027E+00
  0.4194191273281027E+00
  0.4195191273281026E+00
  0.4196191273281026E+00
  0.4197191273281026E+00
  0.4198191273281026E+00
  0.4199191273281026E+00
  0.4200191273281026E+00
  0.4201191273281026E+00
  0.4202191273281026E+00
  0.4203191273281026E+00
  0.4204191273281025E+00
  0.4205191273281025E+00
  0.4206191273281025E+00
  0.4207191273281025E+00
  0.4208191273281025E+00
  0.4209191273281025E+00
  0.4210191273281025E+00
  0.4211191273281025E+00
  0.4212191273281025E+00
  0.4213191273281024E+00
  0.4214191273281024E+00
  0.4215191273281024E+00
  0.4216191273281024E+00
  0.4217191273281024E+00
  0.4218191273281024E+00
  0.4219191273281024E+00
  0.4220191273281024E+00
  0.4221191273281024E+00
  0.4222191273281024E+00
  0.4223191273281023E+00
  0.4224191273281023E+00
  0.4225191273281023E+00
  0.4226191273281023E+00
  0.4227191273281023E+00
  0.4228191273281023E+00
  0.4229191273281023E+00
  0.4230191273281023E+00
  0.4231191273281023E+00
  0.4232191273281022E+00
  0.4233191273281022E+00
  0.4234191273281022E+00
  0.4235191273281022E+00
  0.4236191273281022E+00
  0.4237191273281022E+00
  0.4238191273281022E+00
  0.4239191273281022E+00
  0.4240191273281022E+00
  0.4241191273281021E+00
  0.4242191273281021E+00
  0.4243191273281021E+00
  0.4244191273281021E+00
  0.4245191273281021E+00
  0.4246191273281021E+00
  0.4247191273281021E+00
  0.4248191273281021E+00
  0.4249191273281021E+00
  0.4250191273281020E+00
  0.4251191273281020E+00
  0.4252191273281020E+00
  0.4253191273281020E+00
  0.4254191273281020E+00
  0.4255191273281020E+00
  0.4256191273281020E+00
  0.4257191273281020E+00
  0.4258191273281020E+00
  0.4259191273281019E+00
  0.4260191273281019E+00
  0.4261191273281019E+00
  0.4262191273281019E+00
  0.4263191273281019E+00
  0.4264191273281019E+00
  0.4265191273281019E+00
  0.4266191273281019E+00
  0.4267191273281019E+00
  0.4268191273281018E+00
  0.4269191273281018E+00
  0.4270191273281018E+00
  0.4271191273281018E+00
  0.4272191273281018E+00
  0.4273191273281018E+00
  0.4274191273281018E+00
  0.4275191273281018E+00
  0.4276191273281018E+00
  0.4277191273281017E+00
  0.4278191273281017E+00
  0.4279191273281017E+00
  0.4280191273281017E+00
  0.4281191273281017E+00
  0.4282191273281017E+00
  0.4283191273281017E+00
  0.4284191273281017E+00
  0.4285191273281017E+00
  0.4286191273281016E+00
  0.4287191273281016E+00
  0.4288191273281016E+00
  0.4289191273281016E+00
  0.4290191273281016E+00
  0.4291191273281016E+00
  0.4292191273281016E+00
  0.4293191273281016E+00
  0.4294191273281016E+00
  0.4295191273281015E+00
  0.4296191273281015E+00
  0.4297191273281015E+00
  0.4298191273281015E+00
  0.4299191273281015E+00
  0.4300191273281015E+00
