952
  0.4000000000000000E+00
  0.4000001000000000E+00
  0.4000002015000000E+00
  0.4000003045225000E+00
  0.4000004090903375E+00
  0.4000005152266926E+00
  0.4000006229550929E+00
  0.4000007322994193E+00
  0.4000008432839106E+00
  0.4000009559331692E+00
  0.4000010702721667E+00
  0.4000011863262493E+00
  0.4000013041211430E+00
  0.4000014236829602E+00
  0.4000015450382046E+00
  0.4000016682137776E+00
  0.4000017932369843E+00
  0.4000019201355391E+00
  0.4000020489375722E+00
  0.4000021796716358E+00
  0.4000023123667103E+00
  0.4000024470522109E+00
  0.4000025837579941E+00
  0.4000027225143640E+00
  0.4000028633520794E+00
  0.4000030063023606E+00
  0.4000031513968960E+00
  0.4000032986678494E+00
  0.4000034481478671E+00
  0.4000035998700852E+00
  0.4000037538681364E+00
  0.4000039101761584E+00
  0.4000040688288008E+00
  0.4000042298612328E+00
  0.4000043933091513E+00
  0.4000045592087885E+00
  0.4000047275969204E+00
  0.4000048985108742E+00
  0.4000050719885373E+00
  0.4000052480683653E+00
  0.4000054267893908E+00
  0.4000056081912317E+00
  0.4000057923141002E+00
  0.4000059791988117E+00
  0.4000061688867939E+00
  0.4000063614200958E+00
  0.4000065568413972E+00
  0.4000067551940181E+00
  0.4000069565219284E+00
  0.4000071608697573E+00
  0.4000073682828037E+00
  0.4000075788070457E+00
  0.4000077924891514E+00
  0.4000080093764887E+00
  0.4000082295171360E+00
  0.4000084529598930E+00
  0.4000086797542914E+00
  0.4000089099506058E+00
  0.4000091435998649E+00
  0.4000093807538629E+00
  0.4000096214651709E+00
  0.4000098657871485E+00
  0.4000101137739557E+00
  0.4000103654805651E+00
  0.4000106209627736E+00
  0.4000108802772152E+00
  0.4000111434813734E+00
  0.4000114106335940E+00
  0.4000116817930979E+00
  0.4000119570199944E+00
  0.4000122363752944E+00
  0.4000125199209238E+00
  0.4000128077197376E+00
  0.4000130998355337E+00
  0.4000133963330667E+00
  0.4000136972780627E+00
  0.4000140027372336E+00
  0.4000143127782921E+00
  0.4000146274699665E+00
  0.4000149468820160E+00
  0.4000152710852463E+00
  0.4000156001515250E+00
  0.4000159341537979E+00
  0.4000162731661048E+00
  0.4000166172635964E+00
  0.4000169665225503E+00
  0.4000173210203886E+00
  0.4000176808356944E+00
  0.4000180460482298E+00
  0.4000184167389533E+00
  0.4000187929900376E+00
  0.4000191748848881E+00
  0.4000195625081615E+00
  0.4000199559457839E+00
  0.4000203552849707E+00
  0.4000207606142452E+00
  0.4000211720234589E+00
  0.4000215896038108E+00
  0.4000220134478680E+00
  0.4000224436495861E+00
  0.4000228803043299E+00
  0.4000233235088948E+00
  0.4000237733615282E+00
  0.4000242299619511E+00
  0.4000246934113804E+00
  0.4000251638125512E+00
  0.4000256412697394E+00
  0.4000261258887856E+00
  0.4000266177771173E+00
  0.4000271170437741E+00
  0.4000276237994307E+00
  0.4000281381564221E+00
  0.4000286602287685E+00
  0.4000291901322000E+00
  0.4000297279841830E+00
  0.4000302739039457E+00
  0.4000308280125049E+00
  0.4000313904326925E+00
  0.4000319612891829E+00
  0.4000325407085207E+00
  0.4000331288191485E+00
  0.4000337257514357E+00
  0.4000343316377072E+00
  0.4000349466122728E+00
  0.4000355708114570E+00
  0.4000362043736288E+00
  0.4000368474392332E+00
  0.4000375001508217E+00
  0.4000381626530841E+00
  0.4000388350928804E+00
  0.4000395176192736E+00
  0.4000402103835627E+00
  0.4000409135393161E+00
  0.4000416272424059E+00
  0.4000423516510420E+00
  0.4000430869258076E+00
  0.4000438332296947E+00
  0.4000445907281401E+00
  0.4000453595890622E+00
  0.4000461399828982E+00
  0.4000469320826416E+00
  0.4000477360638813E+00
  0.4000485521048395E+00
  0.4000493803864121E+00
  0.4000502210922083E+00
  0.4000510744085914E+00
  0.4000519405247203E+00
  0.4000528196325912E+00
  0.4000537119270800E+00
  0.4000546176059862E+00
  0.4000555368700760E+00
  0.4000564699231272E+00
  0.4000574169719741E+00
  0.4000583782265537E+00
  0.4000593538999520E+00
  0.4000603442084512E+00
  0.4000613493715780E+00
  0.4000623696121517E+00
  0.4000634051563340E+00
  0.4000644562336790E+00
  0.4000655230771842E+00
  0.4000666059233419E+00
  0.4000677050121921E+00
  0.4000688205873750E+00
  0.4000699528961856E+00
  0.4000711021896284E+00
  0.4000722687224728E+00
  0.4000734527533099E+00
  0.4000746545446096E+00
  0.4000758743627787E+00
  0.4000771124782204E+00
  0.4000783691653937E+00
  0.4000796447028746E+00
  0.4000809393734177E+00
  0.4000822534640190E+00
  0.4000835872659793E+00
  0.4000849410749689E+00
  0.4000863151910935E+00
  0.4000877099189599E+00
  0.4000891255677443E+00
  0.4000905624512605E+00
  0.4000920208880294E+00
  0.4000935012013498E+00
  0.4000950037193701E+00
  0.4000965287751607E+00
  0.4000980767067881E+00
  0.4000996478573899E+00
  0.4001012425752508E+00
  0.4001028612138796E+00
  0.4001045041320878E+00
  0.4001061716940691E+00
  0.4001078642694801E+00
  0.4001095822335223E+00
  0.4001113259670252E+00
  0.4001130958565306E+00
  0.4001148922943786E+00
  0.4001167156787943E+00
  0.4001185664139762E+00
  0.4001204449101858E+00
  0.4001223515838386E+00
  0.4001242868575962E+00
  0.4001262511604601E+00
  0.4001282449278670E+00
  0.4001302686017850E+00
  0.4001323226308118E+00
  0.4001344074702740E+00
  0.4001365235823281E+00
  0.4001386714360630E+00
  0.4001408515076040E+00
  0.4001430642802181E+00
  0.4001453102444213E+00
  0.4001475898980877E+00
  0.4001499037465590E+00
  0.4001522523027574E+00
  0.4001546360872988E+00
  0.4001570556286083E+00
  0.4001595114630374E+00
  0.4001620041349830E+00
  0.4001645341970078E+00
  0.4001671022099629E+00
  0.4001697087431123E+00
  0.4001723543742590E+00
  0.4001750396898729E+00
  0.4001777652852210E+00
  0.4001805317644993E+00
  0.4001833397409668E+00
  0.4001861898370813E+00
  0.4001890826846375E+00
  0.4001920189249071E+00
  0.4001949992087808E+00
  0.4001980241969125E+00
  0.4002010945598662E+00
  0.4002042109782642E+00
  0.4002073741429382E+00
  0.4002105847550823E+00
  0.4002138435264085E+00
  0.4002171511793046E+00
  0.4002205084469942E+00
  0.4002239160736991E+00
  0.4002273748148046E+00
  0.4002308854370267E+00
  0.4002344487185820E+00
  0.4002380654493608E+00
  0.4002417364311012E+00
  0.4002454624775678E+00
  0.4002492444147313E+00
  0.4002530830809522E+00
  0.4002569793271665E+00
  0.4002609340170740E+00
  0.4002649480273301E+00
  0.4002690222477400E+00
  0.4002731575814562E+00
  0.4002773549451780E+00
  0.4002816152693557E+00
  0.4002859394983960E+00
  0.4002903285908720E+00
  0.4002947835197351E+00
  0.4002993052725311E+00
  0.4003038948516190E+00
  0.4003085532743934E+00
  0.4003132815735093E+00
  0.4003180807971119E+00
  0.4003229520090686E+00
  0.4003278962892046E+00
  0.4003329147335427E+00
  0.4003380084545459E+00
  0.4003431785813640E+00
  0.4003484262600845E+00
  0.4003537526539858E+00
  0.4003591589437955E+00
  0.4003646463279525E+00
  0.4003702160228718E+00
  0.4003758692632148E+00
  0.4003816073021630E+00
  0.4003874314116955E+00
  0.4003933428828709E+00
  0.4003993430261140E+00
  0.4004054331715057E+00
  0.4004116146690783E+00
  0.4004178888891145E+00
  0.4004242572224512E+00
  0.4004307210807880E+00
  0.4004372818969998E+00
  0.4004439411254548E+00
  0.4004507002423366E+00
  0.4004575607459717E+00
  0.4004645241571612E+00
  0.4004715920195187E+00
  0.4004787658998114E+00
  0.4004860473883086E+00
  0.4004934380991332E+00
  0.4005009396706202E+00
  0.4005085537656795E+00
  0.4005162820721647E+00
  0.4005241263032471E+00
  0.4005320881977958E+00
  0.4005401695207628E+00
  0.4005483720635742E+00
  0.4005566976445278E+00
  0.4005651481091957E+00
  0.4005737253308336E+00
  0.4005824312107961E+00
  0.4005912676789581E+00
  0.4006002366941425E+00
  0.4006093402445546E+00
  0.4006185803482229E+00
  0.4006279590534462E+00
  0.4006374784392479E+00
  0.4006471406158366E+00
  0.4006569477250742E+00
  0.4006669019409503E+00
  0.4006770054700645E+00
  0.4006872605521155E+00
  0.4006976694603973E+00
  0.4007082345023032E+00
  0.4007189580198378E+00
  0.4007298423901353E+00
  0.4007408900259873E+00
  0.4007521033763772E+00
  0.4007634849270229E+00
  0.4007750372009282E+00
  0.4007867627589421E+00
  0.4007986642003263E+00
  0.4008107441633312E+00
  0.4008230053257811E+00
  0.4008354504056679E+00
  0.4008480821617529E+00
  0.4008609033941792E+00
  0.4008739169450919E+00
  0.4008871256992683E+00
  0.4009005325847573E+00
  0.4009141405735286E+00
  0.4009279526821316E+00
  0.4009419719723636E+00
  0.4009562015519491E+00
  0.4009706445752283E+00
  0.4009853042438567E+00
  0.4010001838075146E+00
  0.4010152865646273E+00
  0.4010306158630967E+00
  0.4010461751010432E+00
  0.4010619677275588E+00
  0.4010779972434722E+00
  0.4010942672021243E+00
  0.4011107812101562E+00
  0.4011275429283085E+00
  0.4011445560722332E+00
  0.4011618244133167E+00
  0.4011793517795165E+00
  0.4011971420562092E+00
  0.4012151991870523E+00
  0.4012335271748581E+00
  0.4012521300824810E+00
  0.4012710120337182E+00
  0.4012901772142240E+00
  0.4013096298724373E+00
  0.4013293743205239E+00
  0.4013494149353318E+00
  0.4013697561593618E+00
  0.4013904025017522E+00
  0.4014113585392785E+00
  0.4014326289173676E+00
  0.4014542183511282E+00
  0.4014761316263951E+00
  0.4014983736007910E+00
  0.4015209492048029E+00
  0.4015438634428749E+00
  0.4015671213945181E+00
  0.4015907282154358E+00
  0.4016146891386674E+00
  0.4016390094757474E+00
  0.4016636946178836E+00
  0.4016887500371519E+00
  0.4017141812877091E+00
  0.4017399940070248E+00
  0.4017661939171301E+00
  0.4017927868258871E+00
  0.4018197786282754E+00
  0.4018471753076995E+00
  0.4018749829373151E+00
  0.4019032076813748E+00
  0.4019318557965954E+00
  0.4019609336335443E+00
  0.4019904476380475E+00
  0.4020204043526183E+00
  0.4020508104179075E+00
  0.4020816725741762E+00
  0.4021129976627888E+00
  0.4021447926277306E+00
  0.4021770645171466E+00
  0.4022098204849038E+00
  0.4022430677921773E+00
  0.4022768138090600E+00
  0.4023110660161959E+00
  0.4023458320064389E+00
  0.4023811194865354E+00
  0.4024169362788335E+00
  0.4024532903230160E+00
  0.4024901896778612E+00
  0.4025276425230291E+00
  0.4025656571608746E+00
  0.4026042420182877E+00
  0.4026434056485620E+00
  0.4026831567332905E+00
  0.4027235040842898E+00
  0.4027644566455542E+00
  0.4028060234952375E+00
  0.4028482138476661E+00
  0.4028910370553810E+00
  0.4029345026112118E+00
  0.4029786201503799E+00
  0.4030233994526357E+00
  0.4030688504444252E+00
  0.4031149832010916E+00
  0.4031618079491079E+00
  0.4032093350683446E+00
  0.4032575750943697E+00
  0.4033065387207853E+00
  0.4033562368015970E+00
  0.4034062368015970E+00
  0.4034562368015970E+00
  0.4035062368015970E+00
  0.4035562368015970E+00
  0.4036062368015970E+00
  0.4036562368015970E+00
  0.4037062368015970E+00
  0.4037562368015970E+00
  0.4038062368015970E+00
  0.4038562368015970E+00
  0.4039062368015970E+00
  0.4039562368015970E+00
  0.4040062368015970E+00
  0.4040562368015970E+00
  0.4041062368015970E+00
  0.4041562368015970E+00
  0.4042062368015970E+00
  0.4042562368015969E+00
  0.4043062368015969E+00
  0.4043562368015969E+00
  0.4044062368015969E+00
  0.4044562368015969E+00
  0.4045062368015969E+00
  0.4045562368015969E+00
  0.4046062368015969E+00
  0.4046562368015969E+00
  0.4047062368015969E+00
  0.4047562368015969E+00
  0.4048062368015969E+00
  0.4048562368015969E+00
  0.4049062368015969E+00
  0.4049562368015969E+00
  0.4050062368015969E+00
  0.4050562368015969E+00
  0.4051062368015969E+00
  0.4051562368015968E+00
  0.4052062368015968E+00
  0.4052562368015968E+00
  0.4053062368015968E+00
  0.4053562368015968E+00
  0.4054062368015968E+00
  0.4054562368015968E+00
  0.4055062368015968E+00
  0.4055562368015968E+00
  0.4056062368015968E+00
  0.4056562368015968E+00
  0.4057062368015968E+00
  0.4057562368015968E+00
  0.4058062368015968E+00
  0.4058562368015968E+00
  0.4059062368015968E+00
  0.4059562368015968E+00
  0.4060062368015968E+00
  0.4060562368015967E+00
  0.4061062368015967E+00
  0.4061562368015967E+00
  0.4062062368015967E+00
  0.4062562368015967E+00
  0.4063062368015967E+00
  0.4063562368015967E+00
  0.4064062368015967E+00
  0.4064562368015967E+00
  0.4065062368015967E+00
  0.4065562368015967E+00
  0.4066062368015967E+00
  0.4066562368015967E+00
  0.4067062368015967E+00
  0.4067562368015967E+00
  0.4068062368015967E+00
  0.4068562368015967E+00
  0.4069062368015967E+00
  0.4069562368015966E+00
  0.4070062368015966E+00
  0.4070562368015966E+00
  0.4071062368015966E+00
  0.4071562368015966E+00
  0.4072062368015966E+00
  0.4072562368015966E+00
  0.4073062368015966E+00
  0.4073562368015966E+00
  0.4074062368015966E+00
  0.4074562368015966E+00
  0.4075062368015966E+00
  0.4075562368015966E+00
  0.4076062368015966E+00
  0.4076562368015966E+00
  0.4077062368015966E+00
  0.4077562368015966E+00
  0.4078062368015966E+00
  0.4078562368015966E+00
  0.4079062368015965E+00
  0.4079562368015965E+00
  0.4080062368015965E+00
  0.4080562368015965E+00
  0.4081062368015965E+00
  0.4081562368015965E+00
  0.4082062368015965E+00
  0.4082562368015965E+00
  0.4083062368015965E+00
  0.4083562368015965E+00
  0.4084062368015965E+00
  0.4084562368015965E+00
  0.4085062368015965E+00
  0.4085562368015965E+00
  0.4086062368015965E+00
  0.4086562368015965E+00
  0.4087062368015965E+00
  0.4087562368015965E+00
  0.4088062368015964E+00
  0.4088562368015964E+00
  0.4089062368015964E+00
  0.4089562368015964E+00
  0.4090062368015964E+00
  0.4090562368015964E+00
  0.4091062368015964E+00
  0.4091562368015964E+00
  0.4092062368015964E+00
  0.4092562368015964E+00
  0.4093062368015964E+00
  0.4093562368015964E+00
  0.4094062368015964E+00
  0.4094562368015964E+00
  0.4095062368015964E+00
  0.4095562368015964E+00
  0.4096062368015964E+00
  0.4096562368015964E+00
  0.4097062368015963E+00
  0.4097562368015963E+00
  0.4098062368015963E+00
  0.4098562368015963E+00
  0.4099062368015963E+00
  0.4099562368015963E+00
  0.4100062368015963E+00
  0.4100562368015963E+00
  0.4101062368015963E+00
  0.4101562368015963E+00
  0.4102062368015963E+00
  0.4102562368015963E+00
  0.4103062368015963E+00
  0.4103562368015963E+00
  0.4104062368015963E+00
  0.4104562368015963E+00
  0.4105062368015963E+00
  0.4105562368015963E+00
  0.4106062368015962E+00
  0.4106562368015962E+00
  0.4107062368015962E+00
  0.4107562368015962E+00
  0.4108062368015962E+00
  0.4108562368015962E+00
  0.4109062368015962E+00
  0.4109562368015962E+00
  0.4110062368015962E+00
  0.4110562368015962E+00
  0.4111062368015962E+00
  0.4111562368015962E+00
  0.4112062368015962E+00
  0.4112562368015962E+00
  0.4113062368015962E+00
  0.4113562368015962E+00
  0.4114062368015962E+00
  0.4114562368015962E+00
  0.4115062368015961E+00
  0.4115562368015961E+00
  0.4116062368015961E+00
  0.4116562368015961E+00
  0.4117062368015961E+00
  0.4117562368015961E+00
  0.4118062368015961E+00
  0.4118562368015961E+00
  0.4119062368015961E+00
  0.4119562368015961E+00
  0.4120062368015961E+00
  0.4120562368015961E+00
  0.4121062368015961E+00
  0.4121562368015961E+00
  0.4122062368015961E+00
  0.4122562368015961E+00
  0.4123062368015961E+00
  0.4123562368015961E+00
  0.4124062368015960E+00
  0.4124562368015960E+00
  0.4125062368015960E+00
  0.4125562368015960E+00
  0.4126062368015960E+00
  0.4126562368015960E+00
  0.4127062368015960E+00
  0.4127562368015960E+00
  0.4128062368015960E+00
  0.4128562368015960E+00
  0.4129062368015960E+00
  0.4129562368015960E+00
  0.4130062368015960E+00
  0.4130562368015960E+00
  0.4131062368015960E+00
  0.4131562368015960E+00
  0.4132062368015960E+00
  0.4132562368015960E+00
  0.4133062368015959E+00
  0.4133562368015959E+00
  0.4134062368015959E+00
  0.4134562368015959E+00
  0.4135062368015959E+00
  0.4135562368015959E+00
  0.4136062368015959E+00
  0.4136562368015959E+00
  0.4137062368015959E+00
  0.4137562368015959E+00
  0.4138062368015959E+00
  0.4138562368015959E+00
  0.4139062368015959E+00
  0.4139562368015959E+00
  0.4140062368015959E+00
  0.4140562368015959E+00
  0.4141062368015959E+00
  0.4141562368015959E+00
  0.4142062368015959E+00
  0.4142562368015958E+00
  0.4143062368015958E+00
  0.4143562368015958E+00
  0.4144062368015958E+00
  0.4144562368015958E+00
  0.4145062368015958E+00
  0.4145562368015958E+00
  0.4146062368015958E+00
  0.4146562368015958E+00
  0.4147062368015958E+00
  0.4147562368015958E+00
  0.4148062368015958E+00
  0.4148562368015958E+00
  0.4149062368015958E+00
  0.4149562368015958E+00
  0.4150062368015958E+00
  0.4150562368015958E+00
  0.4151062368015958E+00
  0.4151562368015957E+00
  0.4152062368015957E+00
  0.4152562368015957E+00
  0.4153062368015957E+00
  0.4153562368015957E+00
  0.4154062368015957E+00
  0.4154562368015957E+00
  0.4155062368015957E+00
  0.4155562368015957E+00
  0.4156062368015957E+00
  0.4156562368015957E+00
  0.4157062368015957E+00
  0.4157562368015957E+00
  0.4158062368015957E+00
  0.4158562368015957E+00
  0.4159062368015957E+00
  0.4159562368015957E+00
  0.4160062368015957E+00
  0.4160562368015956E+00
  0.4161062368015956E+00
  0.4161562368015956E+00
  0.4162062368015956E+00
  0.4162562368015956E+00
  0.4163062368015956E+00
  0.4163562368015956E+00
  0.4164062368015956E+00
  0.4164562368015956E+00
  0.4165062368015956E+00
  0.4165562368015956E+00
  0.4166062368015956E+00
  0.4166562368015956E+00
  0.4167062368015956E+00
  0.4167562368015956E+00
  0.4168062368015956E+00
  0.4168562368015956E+00
  0.4169062368015956E+00
  0.4169562368015955E+00
  0.4170062368015955E+00
  0.4170562368015955E+00
  0.4171062368015955E+00
  0.4171562368015955E+00
  0.4172062368015955E+00
  0.4172562368015955E+00
  0.4173062368015955E+00
  0.4173562368015955E+00
  0.4174062368015955E+00
  0.4174562368015955E+00
  0.4175062368015955E+00
  0.4175562368015955E+00
  0.4176062368015955E+00
  0.4176562368015955E+00
  0.4177062368015955E+00
  0.4177562368015955E+00
  0.4178062368015955E+00
  0.4178562368015954E+00
  0.4179062368015954E+00
  0.4179562368015954E+00
  0.4180062368015954E+00
  0.4180562368015954E+00
  0.4181062368015954E+00
  0.4181562368015954E+00
  0.4182062368015954E+00
  0.4182562368015954E+00
  0.4183062368015954E+00
  0.4183562368015954E+00
  0.4184062368015954E+00
  0.4184562368015954E+00
  0.4185062368015954E+00
  0.4185562368015954E+00
  0.4186062368015954E+00
  0.4186562368015954E+00
  0.4187062368015954E+00
  0.4187562368015953E+00
  0.4188062368015953E+00
  0.4188562368015953E+00
  0.4189062368015953E+00
  0.4189562368015953E+00
  0.4190062368015953E+00
  0.4190562368015953E+00
  0.4191062368015953E+00
  0.4191562368015953E+00
  0.4192062368015953E+00
  0.4192562368015953E+00
  0.4193062368015953E+00
  0.4193562368015953E+00
  0.4194062368015953E+00
  0.4194562368015953E+00
  0.4195062368015953E+00
  0.4195562368015953E+00
  0.4196062368015953E+00
  0.4196562368015953E+00
  0.4197062368015952E+00
  0.4197562368015952E+00
  0.4198062368015952E+00
  0.4198562368015952E+00
  0.4199062368015952E+00
  0.4199562368015952E+00
  0.4200062368015952E+00
  0.4200562368015952E+00
  0.4201062368015952E+00
  0.4201562368015952E+00
  0.4202062368015952E+00
  0.4202562368015952E+00
  0.4203062368015952E+00
  0.4203562368015952E+00
  0.4204062368015952E+00
  0.4204562368015952E+00
  0.4205062368015952E+00
  0.4205562368015952E+00
  0.4206062368015951E+00
  0.4206562368015951E+00
  0.4207062368015951E+00
  0.4207562368015951E+00
  0.4208062368015951E+00
  0.4208562368015951E+00
  0.4209062368015951E+00
  0.4209562368015951E+00
  0.4210062368015951E+00
  0.4210562368015951E+00
  0.4211062368015951E+00
  0.4211562368015951E+00
  0.4212062368015951E+00
  0.4212562368015951E+00
  0.4213062368015951E+00
  0.4213562368015951E+00
  0.4214062368015951E+00
  0.4214562368015951E+00
  0.4215062368015950E+00
  0.4215562368015950E+00
  0.4216062368015950E+00
  0.4216562368015950E+00
  0.4217062368015950E+00
  0.4217562368015950E+00
  0.4218062368015950E+00
  0.4218562368015950E+00
  0.4219062368015950E+00
  0.4219562368015950E+00
  0.4220062368015950E+00
  0.4220562368015950E+00
  0.4221062368015950E+00
  0.4221562368015950E+00
  0.4222062368015950E+00
  0.4222562368015950E+00
  0.4223062368015950E+00
  0.4223562368015950E+00
  0.4224062368015949E+00
  0.4224562368015949E+00
  0.4225062368015949E+00
  0.4225562368015949E+00
  0.4226062368015949E+00
  0.4226562368015949E+00
  0.4227062368015949E+00
  0.4227562368015949E+00
  0.4228062368015949E+00
  0.4228562368015949E+00
  0.4229062368015949E+00
  0.4229562368015949E+00
  0.4230062368015949E+00
  0.4230562368015949E+00
  0.4231062368015949E+00
  0.4231562368015949E+00
  0.4232062368015949E+00
  0.4232562368015949E+00
  0.4233062368015948E+00
  0.4233562368015948E+00
  0.4234062368015948E+00
  0.4234562368015948E+00
  0.4235062368015948E+00
  0.4235562368015948E+00
  0.4236062368015948E+00
  0.4236562368015948E+00
  0.4237062368015948E+00
  0.4237562368015948E+00
  0.4238062368015948E+00
  0.4238562368015948E+00
  0.4239062368015948E+00
  0.4239562368015948E+00
  0.4240062368015948E+00
  0.4240562368015948E+00
  0.4241062368015948E+00
  0.4241562368015948E+00
  0.4242062368015947E+00
  0.4242562368015947E+00
  0.4243062368015947E+00
  0.4243562368015947E+00
  0.4244062368015947E+00
  0.4244562368015947E+00
  0.4245062368015947E+00
  0.4245562368015947E+00
  0.4246062368015947E+00
  0.4246562368015947E+00
  0.4247062368015947E+00
  0.4247562368015947E+00
  0.4248062368015947E+00
  0.4248562368015947E+00
  0.4249062368015947E+00
  0.4249562368015947E+00
  0.4250062368015947E+00
  0.4250562368015947E+00
  0.4251062368015947E+00
  0.4251562368015946E+00
  0.4252062368015946E+00
  0.4252562368015946E+00
  0.4253062368015946E+00
  0.4253562368015946E+00
  0.4254062368015946E+00
  0.4254562368015946E+00
  0.4255062368015946E+00
  0.4255562368015946E+00
  0.4256062368015946E+00
  0.4256562368015946E+00
  0.4257062368015946E+00
  0.4257562368015946E+00
  0.4258062368015946E+00
  0.4258562368015946E+00
  0.4259062368015946E+00
  0.4259562368015946E+00
  0.4260062368015946E+00
  0.4260562368015945E+00
  0.4261062368015945E+00
  0.4261562368015945E+00
  0.4262062368015945E+00
  0.4262562368015945E+00
  0.4263062368015945E+00
  0.4263562368015945E+00
  0.4264062368015945E+00
  0.4264562368015945E+00
  0.4265062368015945E+00
  0.4265562368015945E+00
  0.4266062368015945E+00
  0.4266562368015945E+00
  0.4267062368015945E+00
  0.4267562368015945E+00
  0.4268062368015945E+00
  0.4268562368015945E+00
  0.4269062368015945E+00
  0.4269562368015944E+00
  0.4270062368015944E+00
  0.4270562368015944E+00
  0.4271062368015944E+00
  0.4271562368015944E+00
  0.4272062368015944E+00
  0.4272562368015944E+00
  0.4273062368015944E+00
  0.4273562368015944E+00
  0.4274062368015944E+00
  0.4274562368015944E+00
  0.4275062368015944E+00
  0.4275562368015944E+00
  0.4276062368015944E+00
  0.4276562368015944E+00
  0.4277062368015944E+00
  0.4277562368015944E+00
  0.4278062368015944E+00
  0.4278562368015943E+00
  0.4279062368015943E+00
  0.4279562368015943E+00
  0.4280062368015943E+00
  0.4280562368015943E+00
  0.4281062368015943E+00
  0.4281562368015943E+00
  0.4282062368015943E+00
  0.4282562368015943E+00
  0.4283062368015943E+00
  0.4283562368015943E+00
  0.4284062368015943E+00
  0.4284562368015943E+00
  0.4285062368015943E+00
  0.4285562368015943E+00
  0.4286062368015943E+00
  0.4286562368015943E+00
  0.4287062368015943E+00
  0.4287562368015942E+00
  0.4288062368015942E+00
  0.4288562368015942E+00
  0.4289062368015942E+00
  0.4289562368015942E+00
  0.4290062368015942E+00
  0.4290562368015942E+00
  0.4291062368015942E+00
  0.4291562368015942E+00
  0.4292062368015942E+00
  0.4292562368015942E+00
  0.4293062368015942E+00
  0.4293562368015942E+00
  0.4294062368015942E+00
  0.4294562368015942E+00
  0.4295062368015942E+00
  0.4295562368015942E+00
  0.4296062368015942E+00
  0.4296562368015941E+00
  0.4297062368015941E+00
  0.4297562368015941E+00
  0.4298062368015941E+00
  0.4298562368015941E+00
  0.4299062368015941E+00
  0.4299562368015941E+00
  0.4300062368015941E+00
