1001
  0.400000000000000     
  0.400299999988079     
  0.400599999976158     
  0.400899999964237     
  0.401199999952316     
  0.401499999940395     
  0.401799999928474     
  0.402099999916554     
  0.402399999904633     
  0.402699999892712     
  0.402999999880791     
  0.403299999868870     
  0.403599999856949     
  0.403899999845028     
  0.404199999833107     
  0.404499999821186     
  0.404799999809265     
  0.405099999797344     
  0.405399999785423     
  0.405699999773502     
  0.405999999761581     
  0.406299999749661     
  0.406599999737740     
  0.406899999725819     
  0.407199999713898     
  0.407499999701977     
  0.407799999690056     
  0.408099999678135     
  0.408399999666214     
  0.408699999654293     
  0.408999999642372     
  0.409299999630451     
  0.409599999618530     
  0.409899999606609     
  0.410199999594688     
  0.410499999582768     
  0.410799999570847     
  0.411099999558926     
  0.411399999547005     
  0.411699999535084     
  0.411999999523163     
  0.412299999511242     
  0.412599999499321     
  0.412899999487400     
  0.413199999475479     
  0.413499999463558     
  0.413799999451637     
  0.414099999439716     
  0.414399999427795     
  0.414699999415874     
  0.414999999403954     
  0.415299999392033     
  0.415599999380112     
  0.415899999368191     
  0.416199999356270     
  0.416499999344349     
  0.416799999332428     
  0.417099999320507     
  0.417399999308586     
  0.417699999296665     
  0.417999999284744     
  0.418299999272823     
  0.418599999260902     
  0.418899999248981     
  0.419199999237061     
  0.419499999225140     
  0.419799999213219     
  0.420099999201298     
  0.420399999189377     
  0.420699999177456     
  0.420999999165535     
  0.421299999153614     
  0.421599999141693     
  0.421899999129772     
  0.422199999117851     
  0.422499999105930     
  0.422799999094009     
  0.423099999082089     
  0.423399999070168     
  0.423699999058247     
  0.423999999046326     
  0.424299999034405     
  0.424599999022484     
  0.424899999010563     
  0.425199998998642     
  0.425499998986721     
  0.425799998974800     
  0.426099998962879     
  0.426399998950958     
  0.426699998939037     
  0.426999998927116     
  0.427299998915195     
  0.427599998903275     
  0.427899998891354     
  0.428199998879433     
  0.428499998867512     
  0.428799998855591     
  0.429099998843670     
  0.429399998831749     
  0.429699998819828     
  0.429999998807907     
  0.430299998795986     
  0.430599998784065     
  0.430899998772144     
  0.431199998760223     
  0.431499998748302     
  0.431799998736382     
  0.432099998724461     
  0.432399998712540     
  0.432699998700619     
  0.432999998688698     
  0.433299998676777     
  0.433599998664856     
  0.433899998652935     
  0.434199998641014     
  0.434499998629093     
  0.434799998617172     
  0.435099998605251     
  0.435399998593330     
  0.435699998581409     
  0.435999998569489     
  0.436299998557568     
  0.436599998545647     
  0.436899998533726     
  0.437199998521805     
  0.437499998509884     
  0.437799998497963     
  0.438099998486042     
  0.438399998474121     
  0.438699998462200     
  0.438999998450279     
  0.439299998438358     
  0.439599998426437     
  0.439899998414516     
  0.440199998402596     
  0.440499998390675     
  0.440799998378754     
  0.441099998366833     
  0.441399998354912     
  0.441699998342991     
  0.441999998331070     
  0.442299998319149     
  0.442599998307228     
  0.442899998295307     
  0.443199998283386     
  0.443499998271465     
  0.443799998259544     
  0.444099998247623     
  0.444399998235703     
  0.444699998223782     
  0.444999998211861     
  0.445299998199940     
  0.445599998188019     
  0.445899998176098     
  0.446199998164177     
  0.446499998152256     
  0.446799998140335     
  0.447099998128414     
  0.447399998116493     
  0.447699998104572     
  0.447999998092651     
  0.448299998080730     
  0.448599998068810     
  0.448899998056889     
  0.449199998044968     
  0.449499998033047     
  0.449799998021126     
  0.450099998009205     
  0.450399997997284     
  0.450699997985363     
  0.450999997973442     
  0.451299997961521     
  0.451599997949600     
  0.451899997937679     
  0.452199997925758     
  0.452499997913837     
  0.452799997901916     
  0.453099997889996     
  0.453399997878075     
  0.453699997866154     
  0.453999997854233     
  0.454299997842312     
  0.454599997830391     
  0.454899997818470     
  0.455199997806549     
  0.455499997794628     
  0.455799997782707     
  0.456099997770786     
  0.456399997758865     
  0.456699997746944     
  0.456999997735024     
  0.457299997723103     
  0.457599997711182     
  0.457899997699261     
  0.458199997687340     
  0.458499997675419     
  0.458799997663498     
  0.459099997651577     
  0.459399997639656     
  0.459699997627735     
  0.459999997615814     
  0.460299997603893     
  0.460599997591972     
  0.460899997580051     
  0.461199997568131     
  0.461499997556210     
  0.461799997544289     
  0.462099997532368     
  0.462399997520447     
  0.462699997508526     
  0.462999997496605     
  0.463299997484684     
  0.463599997472763     
  0.463899997460842     
  0.464199997448921     
  0.464499997437000     
  0.464799997425079     
  0.465099997413158     
  0.465399997401237     
  0.465699997389317     
  0.465999997377396     
  0.466299997365475     
  0.466599997353554     
  0.466899997341633     
  0.467199997329712     
  0.467499997317791     
  0.467799997305870     
  0.468099997293949     
  0.468399997282028     
  0.468699997270107     
  0.468999997258186     
  0.469299997246265     
  0.469599997234344     
  0.469899997222424     
  0.470199997210503     
  0.470499997198582     
  0.470799997186661     
  0.471099997174740     
  0.471399997162819     
  0.471699997150898     
  0.471999997138977     
  0.472299997127056     
  0.472599997115135     
  0.472899997103214     
  0.473199997091293     
  0.473499997079372     
  0.473799997067451     
  0.474099997055531     
  0.474399997043610     
  0.474699997031689     
  0.474999997019768     
  0.475299997007847     
  0.475599996995926     
  0.475899996984005     
  0.476199996972084     
  0.476499996960163     
  0.476799996948242     
  0.477099996936321     
  0.477399996924400     
  0.477699996912479     
  0.477999996900558     
  0.478299996888638     
  0.478599996876717     
  0.478899996864796     
  0.479199996852875     
  0.479499996840954     
  0.479799996829033     
  0.480099996817112     
  0.480399996805191     
  0.480699996793270     
  0.480999996781349     
  0.481299996769428     
  0.481599996757507     
  0.481899996745586     
  0.482199996733665     
  0.482499996721745     
  0.482799996709824     
  0.483099996697903     
  0.483399996685982     
  0.483699996674061     
  0.483999996662140     
  0.484299996650219     
  0.484599996638298     
  0.484899996626377     
  0.485199996614456     
  0.485499996602535     
  0.485799996590614     
  0.486099996578693     
  0.486399996566772     
  0.486699996554852     
  0.486999996542931     
  0.487299996531010     
  0.487599996519089     
  0.487899996507168     
  0.488199996495247     
  0.488499996483326     
  0.488799996471405     
  0.489099996459484     
  0.489399996447563     
  0.489699996435642     
  0.489999996423721     
  0.490299996411800     
  0.490599996399880     
  0.490899996387959     
  0.491199996376038     
  0.491499996364117     
  0.491799996352196     
  0.492099996340275     
  0.492399996328354     
  0.492699996316433     
  0.492999996304512     
  0.493299996292591     
  0.493599996280670     
  0.493899996268749     
  0.494199996256828     
  0.494499996244907     
  0.494799996232986     
  0.495099996221066     
  0.495399996209145     
  0.495699996197224     
  0.495999996185303     
  0.496299996173382     
  0.496599996161461     
  0.496899996149540     
  0.497199996137619     
  0.497499996125698     
  0.497799996113777     
  0.498099996101856     
  0.498399996089935     
  0.498699996078014     
  0.498999996066093     
  0.499299996054173     
  0.499599996042252     
  0.499899996030331     
  0.500199996018410     
  0.500499996006489     
  0.500799995994568     
  0.501099995982647     
  0.501399995970726     
  0.501699995958805     
  0.501999995946884     
  0.502299995934963     
  0.502599995923042     
  0.502899995911121     
  0.503199995899200     
  0.503499995887280     
  0.503799995875359     
  0.504099995863438     
  0.504399995851517     
  0.504699995839596     
  0.504999995827675     
  0.505299995815754     
  0.505599995803833     
  0.505899995791912     
  0.506199995779991     
  0.506499995768070     
  0.506799995756149     
  0.507099995744228     
  0.507399995732307     
  0.507699995720386     
  0.507999995708466     
  0.508299995696545     
  0.508599995684624     
  0.508899995672703     
  0.509199995660782     
  0.509499995648861     
  0.509799995636940     
  0.510099995625019     
  0.510399995613098     
  0.510699995601177     
  0.510999995589256     
  0.511299995577335     
  0.511599995565414     
  0.511899995553494     
  0.512199995541573     
  0.512499995529652     
  0.512799995517731     
  0.513099995505810     
  0.513399995493889     
  0.513699995481968     
  0.513999995470047     
  0.514299995458126     
  0.514599995446205     
  0.514899995434284     
  0.515199995422363     
  0.515499995410442     
  0.515799995398521     
  0.516099995386601     
  0.516399995374680     
  0.516699995362759     
  0.516999995350838     
  0.517299995338917     
  0.517599995326996     
  0.517899995315075     
  0.518199995303154     
  0.518499995291233     
  0.518799995279312     
  0.519099995267391     
  0.519399995255470     
  0.519699995243549     
  0.519999995231628     
  0.520299995219707     
  0.520599995207787     
  0.520899995195866     
  0.521199995183945     
  0.521499995172024     
  0.521799995160103     
  0.522099995148182     
  0.522399995136261     
  0.522699995124340     
  0.522999995112419     
  0.523299995100498     
  0.523599995088577     
  0.523899995076656     
  0.524199995064735     
  0.524499995052815     
  0.524799995040894     
  0.525099995028973     
  0.525399995017052     
  0.525699995005131     
  0.525999994993210     
  0.526299994981289     
  0.526599994969368     
  0.526899994957447     
  0.527199994945526     
  0.527499994933605     
  0.527799994921684     
  0.528099994909763     
  0.528399994897842     
  0.528699994885921     
  0.528999994874001     
  0.529299994862080     
  0.529599994850159     
  0.529899994838238     
  0.530199994826317     
  0.530499994814396     
  0.530799994802475     
  0.531099994790554     
  0.531399994778633     
  0.531699994766712     
  0.531999994754791     
  0.532299994742870     
  0.532599994730949     
  0.532899994719028     
  0.533199994707108     
  0.533499994695187     
  0.533799994683266     
  0.534099994671345     
  0.534399994659424     
  0.534699994647503     
  0.534999994635582     
  0.535299994623661     
  0.535599994611740     
  0.535899994599819     
  0.536199994587898     
  0.536499994575977     
  0.536799994564056     
  0.537099994552136     
  0.537399994540215     
  0.537699994528294     
  0.537999994516373     
  0.538299994504452     
  0.538599994492531     
  0.538899994480610     
  0.539199994468689     
  0.539499994456768     
  0.539799994444847     
  0.540099994432926     
  0.540399994421005     
  0.540699994409084     
  0.540999994397163     
  0.541299994385242     
  0.541599994373322     
  0.541899994361401     
  0.542199994349480     
  0.542499994337559     
  0.542799994325638     
  0.543099994313717     
  0.543399994301796     
  0.543699994289875     
  0.543999994277954     
  0.544299994266033     
  0.544599994254112     
  0.544899994242191     
  0.545199994230270     
  0.545499994218349     
  0.545799994206429     
  0.546099994194508     
  0.546399994182587     
  0.546699994170666     
  0.546999994158745     
  0.547299994146824     
  0.547599994134903     
  0.547899994122982     
  0.548199994111061     
  0.548499994099140     
  0.548799994087219     
  0.549099994075298     
  0.549399994063377     
  0.549699994051456     
  0.549999994039535     
  0.550299994027615     
  0.550599994015694     
  0.550899994003773     
  0.551199993991852     
  0.551499993979931     
  0.551799993968010     
  0.552099993956089     
  0.552399993944168     
  0.552699993932247     
  0.552999993920326     
  0.553299993908405     
  0.553599993896484     
  0.553899993884563     
  0.554199993872643     
  0.554499993860722     
  0.554799993848801     
  0.555099993836880     
  0.555399993824959     
  0.555699993813038     
  0.555999993801117     
  0.556299993789196     
  0.556599993777275     
  0.556899993765354     
  0.557199993753433     
  0.557499993741512     
  0.557799993729591     
  0.558099993717670     
  0.558399993705750     
  0.558699993693829     
  0.558999993681908     
  0.559299993669987     
  0.559599993658066     
  0.559899993646145     
  0.560199993634224     
  0.560499993622303     
  0.560799993610382     
  0.561099993598461     
  0.561399993586540     
  0.561699993574619     
  0.561999993562698     
  0.562299993550777     
  0.562599993538856     
  0.562899993526936     
  0.563199993515015     
  0.563499993503094     
  0.563799993491173     
  0.564099993479252     
  0.564399993467331     
  0.564699993455410     
  0.564999993443489     
  0.565299993431568     
  0.565599993419647     
  0.565899993407726     
  0.566199993395805     
  0.566499993383884     
  0.566799993371964     
  0.567099993360043     
  0.567399993348122     
  0.567699993336201     
  0.567999993324280     
  0.568299993312359     
  0.568599993300438     
  0.568899993288517     
  0.569199993276596     
  0.569499993264675     
  0.569799993252754     
  0.570099993240833     
  0.570399993228912     
  0.570699993216991     
  0.570999993205071     
  0.571299993193150     
  0.571599993181229     
  0.571899993169308     
  0.572199993157387     
  0.572499993145466     
  0.572799993133545     
  0.573099993121624     
  0.573399993109703     
  0.573699993097782     
  0.573999993085861     
  0.574299993073940     
  0.574599993062019     
  0.574899993050098     
  0.575199993038177     
  0.575499993026257     
  0.575799993014336     
  0.576099993002415     
  0.576399992990494     
  0.576699992978573     
  0.576999992966652     
  0.577299992954731     
  0.577599992942810     
  0.577899992930889     
  0.578199992918968     
  0.578499992907047     
  0.578799992895126     
  0.579099992883205     
  0.579399992871285     
  0.579699992859364     
  0.579999992847443     
  0.580299992835522     
  0.580599992823601     
  0.580899992811680     
  0.581199992799759     
  0.581499992787838     
  0.581799992775917     
  0.582099992763996     
  0.582399992752075     
  0.582699992740154     
  0.582999992728233     
  0.583299992716312     
  0.583599992704392     
  0.583899992692471     
  0.584199992680550     
  0.584499992668629     
  0.584799992656708     
  0.585099992644787     
  0.585399992632866     
  0.585699992620945     
  0.585999992609024     
  0.586299992597103     
  0.586599992585182     
  0.586899992573261     
  0.587199992561340     
  0.587499992549419     
  0.587799992537498     
  0.588099992525578     
  0.588399992513657     
  0.588699992501736     
  0.588999992489815     
  0.589299992477894     
  0.589599992465973     
  0.589899992454052     
  0.590199992442131     
  0.590499992430210     
  0.590799992418289     
  0.591099992406368     
  0.591399992394447     
  0.591699992382526     
  0.591999992370606     
  0.592299992358685     
  0.592599992346764     
  0.592899992334843     
  0.593199992322922     
  0.593499992311001     
  0.593799992299080     
  0.594099992287159     
  0.594399992275238     
  0.594699992263317     
  0.594999992251396     
  0.595299992239475     
  0.595599992227554     
  0.595899992215633     
  0.596199992203712     
  0.596499992191792     
  0.596799992179871     
  0.597099992167950     
  0.597399992156029     
  0.597699992144108     
  0.597999992132187     
  0.598299992120266     
  0.598599992108345     
  0.598899992096424     
  0.599199992084503     
  0.599499992072582     
  0.599799992060661     
  0.600099992048740     
  0.600399992036819     
  0.600699992024899     
  0.600999992012978     
  0.601299992001057     
  0.601599991989136     
  0.601899991977215     
  0.602199991965294     
  0.602499991953373     
  0.602799991941452     
  0.603099991929531     
  0.603399991917610     
  0.603699991905689     
  0.603999991893768     
  0.604299991881847     
  0.604599991869927     
  0.604899991858006     
  0.605199991846085     
  0.605499991834164     
  0.605799991822243     
  0.606099991810322     
  0.606399991798401     
  0.606699991786480     
  0.606999991774559     
  0.607299991762638     
  0.607599991750717     
  0.607899991738796     
  0.608199991726875     
  0.608499991714954     
  0.608799991703033     
  0.609099991691113     
  0.609399991679192     
  0.609699991667271     
  0.609999991655350     
  0.610299991643429     
  0.610599991631508     
  0.610899991619587     
  0.611199991607666     
  0.611499991595745     
  0.611799991583824     
  0.612099991571903     
  0.612399991559982     
  0.612699991548061     
  0.612999991536140     
  0.613299991524220     
  0.613599991512299     
  0.613899991500378     
  0.614199991488457     
  0.614499991476536     
  0.614799991464615     
  0.615099991452694     
  0.615399991440773     
  0.615699991428852     
  0.615999991416931     
  0.616299991405010     
  0.616599991393089     
  0.616899991381168     
  0.617199991369247     
  0.617499991357326     
  0.617799991345406     
  0.618099991333485     
  0.618399991321564     
  0.618699991309643     
  0.618999991297722     
  0.619299991285801     
  0.619599991273880     
  0.619899991261959     
  0.620199991250038     
  0.620499991238117     
  0.620799991226196     
  0.621099991214275     
  0.621399991202354     
  0.621699991190434     
  0.621999991178513     
  0.622299991166592     
  0.622599991154671     
  0.622899991142750     
  0.623199991130829     
  0.623499991118908     
  0.623799991106987     
  0.624099991095066     
  0.624399991083145     
  0.624699991071224     
  0.624999991059303     
  0.625299991047382     
  0.625599991035461     
  0.625899991023541     
  0.626199991011620     
  0.626499990999699     
  0.626799990987778     
  0.627099990975857     
  0.627399990963936     
  0.627699990952015     
  0.627999990940094     
  0.628299990928173     
  0.628599990916252     
  0.628899990904331     
  0.629199990892410     
  0.629499990880489     
  0.629799990868568     
  0.630099990856647     
  0.630399990844727     
  0.630699990832806     
  0.630999990820885     
  0.631299990808964     
  0.631599990797043     
  0.631899990785122     
  0.632199990773201     
  0.632499990761280     
  0.632799990749359     
  0.633099990737438     
  0.633399990725517     
  0.633699990713596     
  0.633999990701675     
  0.634299990689755     
  0.634599990677834     
  0.634899990665913     
  0.635199990653992     
  0.635499990642071     
  0.635799990630150     
  0.636099990618229     
  0.636399990606308     
  0.636699990594387     
  0.636999990582466     
  0.637299990570545     
  0.637599990558624     
  0.637899990546703     
  0.638199990534782     
  0.638499990522861     
  0.638799990510941     
  0.639099990499020     
  0.639399990487099     
  0.639699990475178     
  0.639999990463257     
  0.640299990451336     
  0.640599990439415     
  0.640899990427494     
  0.641199990415573     
  0.641499990403652     
  0.641799990391731     
  0.642099990379810     
  0.642399990367889     
  0.642699990355968     
  0.642999990344048     
  0.643299990332127     
  0.643599990320206     
  0.643899990308285     
  0.644199990296364     
  0.644499990284443     
  0.644799990272522     
  0.645099990260601     
  0.645399990248680     
  0.645699990236759     
  0.645999990224838     
  0.646299990212917     
  0.646599990200996     
  0.646899990189076     
  0.647199990177155     
  0.647499990165234     
  0.647799990153313     
  0.648099990141392     
  0.648399990129471     
  0.648699990117550     
  0.648999990105629     
  0.649299990093708     
  0.649599990081787     
  0.649899990069866     
  0.650199990057945     
  0.650499990046024     
  0.650799990034103     
  0.651099990022183     
  0.651399990010262     
  0.651699989998341     
  0.651999989986420     
  0.652299989974499     
  0.652599989962578     
  0.652899989950657     
  0.653199989938736     
  0.653499989926815     
  0.653799989914894     
  0.654099989902973     
  0.654399989891052     
  0.654699989879131     
  0.654999989867210     
  0.655299989855289     
  0.655599989843369     
  0.655899989831448     
  0.656199989819527     
  0.656499989807606     
  0.656799989795685     
  0.657099989783764     
  0.657399989771843     
  0.657699989759922     
  0.657999989748001     
  0.658299989736080     
  0.658599989724159     
  0.658899989712238     
  0.659199989700317     
  0.659499989688396     
  0.659799989676475     
  0.660099989664555     
  0.660399989652634     
  0.660699989640713     
  0.660999989628792     
  0.661299989616871     
  0.661599989604950     
  0.661899989593029     
  0.662199989581108     
  0.662499989569187     
  0.662799989557266     
  0.663099989545345     
  0.663399989533424     
  0.663699989521503     
  0.663999989509582     
  0.664299989497662     
  0.664599989485741     
  0.664899989473820     
  0.665199989461899     
  0.665499989449978     
  0.665799989438057     
  0.666099989426136     
  0.666399989414215     
  0.666699989402294     
  0.666999989390373     
  0.667299989378452     
  0.667599989366531     
  0.667899989354610     
  0.668199989342690     
  0.668499989330769     
  0.668799989318848     
  0.669099989306927     
  0.669399989295006     
  0.669699989283085     
  0.669999989271164     
  0.670299989259243     
  0.670599989247322     
  0.670899989235401     
  0.671199989223480     
  0.671499989211559     
  0.671799989199638     
  0.672099989187718     
  0.672399989175796     
  0.672699989163876     
  0.672999989151955     
  0.673299989140034     
  0.673599989128113     
  0.673899989116192     
  0.674199989104271     
  0.674499989092350     
  0.674799989080429     
  0.675099989068508     
  0.675399989056587     
  0.675699989044666     
  0.675999989032745     
  0.676299989020824     
  0.676599989008904     
  0.676899988996983     
  0.677199988985062     
  0.677499988973141     
  0.677799988961220     
  0.678099988949299     
  0.678399988937378     
  0.678699988925457     
  0.678999988913536     
  0.679299988901615     
  0.679599988889694     
  0.679899988877773     
  0.680199988865852     
  0.680499988853931     
  0.680799988842010     
  0.681099988830090     
  0.681399988818169     
  0.681699988806248     
  0.681999988794327     
  0.682299988782406     
  0.682599988770485     
  0.682899988758564     
  0.683199988746643     
  0.683499988734722     
  0.683799988722801     
  0.684099988710880     
  0.684399988698959     
  0.684699988687038     
  0.684999988675117     
  0.685299988663197     
  0.685599988651276     
  0.685899988639355     
  0.686199988627434     
  0.686499988615513     
  0.686799988603592     
  0.687099988591671     
  0.687399988579750     
  0.687699988567829     
  0.687999988555908     
  0.688299988543987     
  0.688599988532066     
  0.688899988520145     
  0.689199988508225     
  0.689499988496304     
  0.689799988484383     
  0.690099988472462     
  0.690399988460541     
  0.690699988448620     
  0.690999988436699     
  0.691299988424778     
  0.691599988412857     
  0.691899988400936     
  0.692199988389015     
  0.692499988377094     
  0.692799988365173     
  0.693099988353252     
  0.693399988341332     
  0.693699988329411     
  0.693999988317490     
  0.694299988305569     
  0.694599988293648     
  0.694899988281727     
  0.695199988269806     
  0.695499988257885     
  0.695799988245964     
  0.696099988234043     
  0.696399988222122     
  0.696699988210201     
  0.696999988198280     
  0.697299988186359     
  0.697599988174438     
  0.697899988162518     
  0.698199988150597     
  0.698499988138676     
  0.698799988126755     
  0.699099988114834     
  0.699399988102913     
  0.699699988090992     
  0.699999988079071     
