-2.29649
-2.2331
-2.71527
-3.61864
-4.84654
-6.32595
-8.00961
-9.86658
-11.8659
-13.9885
-16.2312
-18.5945
-21.0813
-23.7058
-26.4759
-29.388
-32.4447
-35.6095
-38.8396
-42.1381
-45.5014
-48.9119
-52.3591
-55.8462
-59.3707
-62.9174
-66.4836
-70.0695
-73.6667
-77.2723
-80.885
-84.5001
-88.1146
-91.7277
-95.3353
-98.9368
-102.53
-106.113
-109.684
-113.243
-116.785
-120.315
-123.822
-127.312
-130.78
-134.221
-137.647
-141.039
-144.418
-147.76
-151.061
-154.355
-157.6
-160.805
-164.001
-167.138
-170.232
-173.325
-176.349
-179.31
-182.276
-185.189
-188.021
-190.83
-193.641
-196.365
-198.996
-201.624
-204.251
-206.791
-209.23
-211.651
-214.068
-216.451
-218.724
-220.913
-223.096
-225.272
-227.428
-229.465
-231.396
-233.318
-235.231
-237.134
-239.003
-240.748
-242.393
-244.027
-245.649
-247.261
-248.86
-250.416
-251.846
-253.184
-254.51
-255.824
-257.126
-258.416
-259.693
-260.957
-262.109
-263.14
-264.153
-265.153
-266.143
-267.12
-268.086
-269.04
-269.982
-270.912
-271.793
-272.564
-273.265
-273.956
-274.637
-275.309
-275.971
-276.623
-277.265
-277.898
-278.521
-279.135
-279.738
-280.333
-280.91
-281.398
-281.805
-282.213
-282.625
-283.041
-283.46
-283.882
-284.308
-284.737
-285.169
-285.605
-286.045
-286.488
-286.935
-287.386
-287.84
-288.298
-288.721
-289.055
-289.339
-289.626
-289.915
-290.207
-290.5
-290.797
-291.095
-291.396
-291.7
-292.006
-292.315
-292.626
-292.94
-293.256
-293.576
-293.898
-294.142
-294.282
-294.396
-294.512
-294.628
-294.745
-294.863
-294.983
-295.103
-295.224
-295.346
-295.469
-295.594
-295.719
-295.845
-295.973
-296.102
-296.222
-296.22
-296.103
-295.986
-295.867
-295.747
-295.626
-295.505
-295.382
-295.258
-295.133
-295.008
-294.881
-294.753
-294.624
-294.493
-294.362
-294.23
-294.04
-293.705
-293.28
-292.852
-292.42
-291.985
-291.547
-291.105
-290.659
-290.209
-289.756
-289.3
-288.839
-288.374
-287.906
-287.434
-286.957
-286.477
-285.875
-285.104
-284.28
-283.45
-282.614
-281.771
-280.921
-280.065
-279.202
-278.332
-277.455
-276.572
-275.681
-274.783
-273.878
-272.965
-272.045
-271.111
-269.98
-268.66
-267.33
-265.991
-264.642
-263.283
-261.914
-260.535
-259.147
-257.748
-256.338
-254.919
-253.488
-252.047
-250.596
-249.133
-247.659
-246.098
-244.312
-242.378
-240.432
-238.473
-236.502
-234.518
-232.521
-230.511
-228.489
-226.453
-224.404
-222.341
-220.265
-218.176
-216.072
-213.955
-211.824
-209.515
-206.955
-204.305
-201.641
-198.963
-196.271
-193.566
-190.845
-188.111
-185.362
-182.598
-179.82
-177.027
-174.219
-171.395
-168.557
-165.703
-162.834
-159.685
-156.259
-152.821
-149.371
-145.907
-142.431
-138.943
-135.441
-131.926
-128.398
-124.857
-121.303
-117.735
-114.154
-110.56
-106.952
-103.331
-99.603
-95.5777
-91.3517
-87.1182
-82.8773
-78.6289
-74.3731
-70.1098
-65.839
-61.5606
-57.2747
-52.9813
-48.6802
-44.3715
-40.0552
-35.7313
-31.3997
-27.0604
-22.5261
-17.6947
-12.754
-7.80692
-2.8533
2.10682
7.07347
12.0467
17.0264
22.0127
27.0055
32.005
37.011
42.0237
47.0429
52.0688
57.1014
62.1406
66.1955
69.2213
72.2053
75.1812
78.1492
81.1091
84.0612
87.0053
89.9416
92.87
95.7907
98.7035
101.609
104.506
107.396
110.278
113.152
115.726
117.28
118.108
118.933
119.755
120.574
121.39
122.204
123.014
123.822
124.626
125.428
126.227
127.023
127.817
128.607
129.395
130.18
130.712
130.831
130.789
130.748
130.707
130.666
130.626
130.585
130.545
130.504
130.464
130.424
130.385
130.345
130.305
130.266
130.227
130.188
130.033
129.754
129.467
129.182
128.898
128.615
128.332
128.051
127.771
127.492
127.214
126.936
126.66
126.385
126.111
125.838
125.565
125.291
125.006
124.713
124.421
124.13
123.84
123.55
123.262
122.975
122.689
122.404
122.12
121.837
121.555
121.274
120.994
120.715
120.436
120.171
119.926
119.691
119.456
119.223
118.99
118.758
118.527
118.296
118.067
117.838
117.609
117.382
117.155
116.929
116.704
116.48
116.256
116.049
115.861
115.676
115.491
115.306
115.123
114.939
114.757
114.575
114.394
114.213
114.033
113.853
113.674
113.496
113.318
113.141
112.966
112.804
112.652
112.499
112.348
112.197
112.046
111.896
111.746
111.597
111.448
111.299
111.151
111.004
110.857
110.71
110.564
110.419
110.274
110.132
109.99
109.849
109.709
109.569
109.429
109.29
109.151
109.012
108.874
108.737
108.6
108.463
108.327
108.191
108.055
107.92
107.783
107.644
107.505
107.366
107.228
107.09
106.953
106.815
106.679
106.542
106.407
106.271
106.136
106.001
105.867
105.733
105.6
105.466
105.326
105.182
105.038
104.894
104.751
104.609
104.466
104.325
104.183
104.042
103.902
103.762
103.622
103.483
103.344
103.206
103.068
102.927
102.781
102.632
102.483
102.335
102.188
102.041
101.894
101.748
101.602
101.457
101.312
101.167
101.023
100.879
100.736
100.593
100.45
100.304
100.153
100.001
99.8504
99.6998
99.5496
99.3998
99.2504
99.1014
98.9529
98.8048
98.657
98.5097
98.3628
98.2163
98.0702
97.9245
97.7785
97.6274
97.4721
97.3172
97.1628
97.0088
96.8552
96.7021
96.5493
96.397
96.2451
96.0936
95.9426
95.7919
95.6417
95.4918
95.3424
95.1934
95.0442
94.8941
94.7437
94.5937
94.4441
94.2949
94.1461
93.9978
93.8498
93.7021
93.5549
93.4081
93.2617
93.1156
92.9699
92.8247
92.6798
92.5352
92.3934
92.2548
92.1171
91.9798
91.8429
91.7063
91.5701
91.4342
91.2987
91.1635
91.0286
90.8941
90.76
90.6262
90.4927
90.3595
90.2268
90.095
89.9703
89.8518
89.7336
89.6157
89.4981
89.3808
89.2638
89.1471
89.0307
88.9146
88.7982
88.6216
88.3824
88.136
87.906
87.6933
87.4703
87.2315
86.9735
86.6919
86.4151
86.1555
85.8791
85.5667
85.2713
84.9967
84.7023
84.4001
84.0775
83.6384
83.1051
82.423
81.5572
80.6307
79.637
78.6533
78.1292
78.0148
79.2198
82.1928
