1268
 -6.4900000E-002
-6.460096e-002
 -6.4304920E-002
-6.401184e-002
 -6.3721683E-002
-6.343443e-002
 -6.3150051E-002
-6.286852e-002
 -6.2589795E-002
-6.231386e-002
 -6.2040688E-002
-6.177025e-002
 -6.1502508E-002
-6.123745e-002
 -6.0975038E-002
-6.071525e-002
 -6.0458065E-002
-6.020345e-002
 -5.9951379E-002
-5.970183e-002
 -5.9454777E-002
-5.921019e-002
 -5.8968057E-002
-5.872834e-002
 -5.8491022E-002
-5.825608e-002
 -5.8023481E-002
-5.779321e-002
 -5.7565244E-002
-5.733956e-002
 -5.7116125E-002
-5.689493e-002
 -5.6675944E-002
-5.645915e-002
 -5.6244524E-002
-5.603204e-002
 -5.5821688E-002
-5.561344e-002
 -5.5407266E-002
-5.520316e-002
 -5.5001091E-002
-5.476643e-002
 -5.4522183E-002
-5.426798e-002
 -5.4003401E-002
-5.372805e-002
 -5.3441519E-002
-5.314340e-002
 -5.2833298E-002
-5.251086e-002
 -5.2175753E-002
-5.182772e-002
 -5.1466574E-002
-5.109221e-002
 -5.0704655E-002
-5.030403e-002
 -4.9890616E-002
-4.946479e-002
 -4.9027062E-002
-4.857803e-002
 -4.8118351E-002
-4.766695e-002
 -4.7241311E-002
-4.683992e-002
 -4.6461267E-002
-4.610386e-002
 -4.5766268E-002
-4.544715e-002
 -4.5145257E-002
-4.485942e-002
 -4.4588561E-002
-4.433169e-002
 -4.4087910E-002
-4.385637e-002
 -4.3636297E-002
-4.342699e-002
 -4.3227803E-002
-4.303813e-002
 -4.2857419E-002
-4.268516e-002
 -4.2520870E-002
-4.237454e-002
 -4.2225449E-002
-4.207355e-002
 -4.1918788E-002
-4.176112e-002
 -4.1600476E-002
-4.143681e-002
 -4.1270069E-002
-4.110018e-002
 -4.0927083E-002
-4.075071e-002
 -4.0570990E-002
-4.038785e-002
 -4.0201222E-002
-4.001102e-002
 -3.9817152E-002
-3.961954e-002
 -3.9418083E-002
-3.921269e-002
 -3.9003251E-002
-3.878966e-002
 -3.8571802E-002
-3.834956e-002
 -3.8122792E-002
-3.789137e-002
 -3.7655160E-002
-3.741399e-002
 -3.7167714E-002
-3.691615e-002
 -3.6659112E-002
-3.639641e-002
 -3.6127826E-002
-3.585315e-002
 -3.5572126E-002
-3.528451e-002
 -3.4990031E-002
-3.468838e-002
 -3.4379248E-002
-3.406229e-002
 -3.3737139E-002
-3.341164e-002
 -3.3093673E-002
-3.278292e-002
 -3.2479089E-002
-3.218191e-002
 -3.1891135E-002
-3.160653e-002
 -3.1327879E-002
-3.105499e-002
 -3.0787668E-002
-3.052575e-002
 -3.0269072E-002
-3.001748e-002
 -2.9770829E-002
-2.952899e-002
 -2.9291842E-002
-2.905926e-002
 -2.8831135E-002
-2.860736e-002
 -2.8387847E-002
-2.817249e-002
 -2.7961196E-002
-2.775389e-002
 -2.7550489E-002
-2.735091e-002
 -2.7155087E-002
-2.696294e-002
 -2.6774405E-002
-2.658942e-002
 -2.6407913E-002
-2.622984e-002
 -2.6055123E-002
-2.588372e-002
 -2.5715560E-002
-2.555060e-002
 -2.5388785E-002
-2.523007e-002
 -2.5074393E-002
-2.492172e-002
 -2.4771996E-002
-2.462946e-002
 -2.4486879E-002
-2.434426e-002
 -2.4201605E-002
-2.405890e-002
 -2.3916142E-002
-2.377333e-002
 -2.3630464E-002
-2.348754e-002
 -2.3344557E-002
-2.320151e-002
 -2.3058409E-002
-2.291524e-002
 -2.2772009E-002
-2.262871e-002
 -2.2485356E-002
-2.234194e-002
 -2.2198457E-002
-2.205492e-002
 -2.1911324E-002
-2.176768e-002
 -2.1623974E-002
-2.148022e-002
 -2.1336425E-002
-2.119258e-002
 -2.1048705E-002
-2.090480e-002
 -2.0760863E-002
-2.061691e-002
 -2.0472945E-002
-2.032897e-002
 -2.0184996E-002
-2.004103e-002
 -1.9897071E-002
-1.975314e-002
 -1.9609236E-002
-1.946538e-002
 -1.9321563E-002
-1.917781e-002
 -1.9034127E-002
-1.889052e-002
 -1.8747012E-002
-1.860360e-002
 -1.8460300E-002
-1.831712e-002
 -1.8174079E-002
-1.803118e-002
 -1.7888443E-002
-1.774588e-002
 -1.7603489E-002
-1.746130e-002
 -1.7319314E-002
-1.717755e-002
 -1.7036017E-002
-1.689473e-002
 -1.6753700E-002
-1.661294e-002
 -1.6472463E-002
-1.633228e-002
 -1.6192400E-002
-1.605284e-002
 -1.5913600E-002
-1.577470e-002
 -1.5636154E-002
-1.549797e-002
 -1.5360157E-002
-1.522273e-002
 -1.5085698E-002
-1.494907e-002
 -1.4812851E-002
-1.467706e-002
 -1.4541691E-002
-1.440677e-002
 -1.4272296E-002
-1.413828e-002
 -1.4004731E-002
-1.387165e-002
 -1.3739051E-002
-1.360693e-002
 -1.3475310E-002
-1.332897e-002
 -1.3183171E-002
-1.303793e-002
 -1.2893241E-002
-1.274912e-002
 -1.2605568E-002
-1.246260e-002
 -1.2320210E-002
-1.217842e-002
 -1.2037215E-002
-1.189661e-002
 -1.1756619E-002
-1.161723e-002
 -1.1478450E-002
-1.134028e-002
 -1.1202725E-002
-1.106579e-002
 -1.0929466E-002
-1.079377e-002
 -1.0658692E-002
-1.052424e-002
 -1.0390410E-002
-1.025720e-002
 -1.0124619E-002
-9.992659e-003
 -9.8613227E-003
-9.730610e-003
 -9.6005193E-003
-9.471051e-003
 -9.3422035E-003
-9.213976e-003
 -9.0863661E-003
-8.959373e-003
 -8.8329949E-003
-8.707230e-003
 -8.5820766E-003
-8.457534e-003
 -8.3335990E-003
-8.210271e-003
 -8.0875478E-003
-7.965427e-003
 -7.8439068E-003
-7.722984e-003
 -7.6026573E-003
-7.482923e-003
 -7.3637773E-003
-7.245219e-003
 -7.1272460E-003
-7.009856e-003
 -6.8930476E-003
-6.776818e-003
 -6.6611646E-003
-6.546084e-003
 -6.4315738E-003
-6.317630e-003
 -6.2042512E-003
-6.091434e-003
 -5.9791770E-003
-5.867477e-003
 -5.7563323E-003
-5.645740e-003
 -5.5356962E-003
-5.426199e-003
 -5.3172462E-003
-5.208834e-003
 -5.1009611E-003
-4.993624e-003
 -4.8868212E-003
-4.780550e-003
 -4.6748065E-003
-4.569589e-003
 -4.4648951E-003
-4.360721e-003
 -4.2570653E-003
-4.153925e-003
 -4.0512970E-003
-3.949180e-003
 -3.8475711E-003
-3.746468e-003
 -3.6458678E-003
-3.545768e-003
 -3.4461660E-003
-3.347059e-003
 -3.2484450E-003
-3.150321e-003
 -3.0526853E-003
-2.955535e-003
 -2.8588684E-003
-2.762683e-003
 -2.6669750E-003
-2.571743e-003
 -2.4769852E-003
-2.382698e-003
 -2.2888789E-003
-2.195526e-003
 -2.1026373E-003
-2.010210e-003
 -1.9182423E-003
-1.826732e-003
 -1.7356760E-003
-1.645073e-003
 -1.5549196E-003
-1.465214e-003
 -1.3759541E-003
-1.287137e-003
 -1.1987601E-003
-1.110823e-003
 -1.0233226E-003
-9.362580e-004
 -8.4962476E-004
-7.634240e-004
 -6.7765041E-004
-5.923020e-004
 -5.0737657E-004
-4.228717e-004
 -3.3878859E-004
-2.551216e-004
 -1.7187224E-004
-8.903803e-005
 -6.6143242E-006
6.767572e-005
 1.4270865E-004
2.184917e-004
 2.9503233E-004
3.723379e-004
 4.5041588E-004
5.292740e-004
 6.0891991E-004
6.893614e-004
 7.7060622E-004
8.526623e-004
 9.3553758E-004
1.019240e-003
 1.1037779E-003
1.189159e-003
 1.2753922E-003
1.362485e-003
 1.4504464E-003
1.539282e-003
 1.6290021E-003
1.719615e-003
 1.8111310E-003
1.903559e-003
 1.9969088E-003
2.091188e-003
 2.1864043E-003
2.282567e-003
 2.3796854E-003
2.477769e-003
 2.5768279E-003
2.676872e-003
 2.7779093E-003
2.879951e-003
 2.9830052E-003
3.087083e-003
 3.1921933E-003
3.298347e-003
 3.4055527E-003
3.513822e-003
 3.6231635E-003
3.733588e-003
 3.8451069E-003
3.957729e-003
 4.0714660E-003
4.186328e-003
 4.3023260E-003
4.419471e-003
 4.5377731E-003
4.657244e-003
 4.7778948E-003
4.899736e-003
 5.0227802E-003
5.147037e-003
 5.2725200E-003
5.399239e-003
 5.5272068E-003
5.656435e-003
 5.7869347E-003
5.918719e-003
 6.0518004E-003
6.186190e-003
 6.3219017E-003
6.458947e-003
 6.5973394E-003
6.737092e-003
 6.8782177E-003
7.020729e-003
 7.1646391E-003
7.309963e-003
 7.4567121E-003
7.604902e-003
 7.7545450E-003
7.905657e-003
 8.0582523E-003
8.212346e-003
 8.3679515E-003
8.525084e-003
 8.6837571E-003
8.843989e-003
 9.0057959E-003
9.169193e-003
 9.3341928E-003
9.500813e-003
 9.6690716E-003
9.838985e-003
 1.0010570E-002
1.018384e-002
 1.0358823E-002
1.053553e-002
 1.0713967E-002
1.089417e-002
 1.1076142E-002
1.125991e-002
 1.1445492E-002
1.163290e-002
 1.1822165E-002
1.201329e-002
 1.2206310E-002
1.240123e-002
 1.2598084E-002
1.279688e-002
 1.2997645E-002
1.320039e-002
 1.3405144E-002
1.361193e-002
 1.3820760E-002
1.403166e-002
 1.4244646E-002
1.445975e-002
 1.4676981E-002
1.489637e-002
 1.5117934E-002
1.534170e-002
 1.5567684E-002
1.579592e-002
 1.6026415E-002
1.625920e-002
 1.6494307E-002
1.673175e-002
 1.6971548E-002
1.721374e-002
 1.7458335E-002
1.770537e-002
 1.7954858E-002
1.820684e-002
 1.8461321E-002
1.871834e-002
 1.8977923E-002
1.924009e-002
 1.9504873E-002
1.977229e-002
 2.0042383E-002
2.031517e-002
 2.0590669E-002
2.086892e-002
 2.1149946E-002
2.143378e-002
 2.1720443E-002
2.200997e-002
 2.2302386E-002
2.259772e-002
 2.2896005E-002
2.319727e-002
 2.3501542E-002
2.380885e-002
 2.4119235E-002
2.443272e-002
 2.4749330E-002
2.506911e-002
 2.5392067E-002
2.573320e-002
 2.6077047E-002
2.642365e-002
 2.6773015E-002
2.712518e-002
 2.7480156E-002
2.783797e-002
 2.8198648E-002
2.856221e-002
 2.8928676E-002
2.929807e-002
 2.9670426E-002
3.004576e-002
 3.0424086E-002
3.080544e-002
 3.1189849E-002
3.157733e-002
 3.1967906E-002
3.236161e-002
 3.2758460E-002
3.315848e-002
 3.3561758E-002
3.396774e-002
 3.4377299E-002
3.479074e-002
 3.5207202E-002
3.562670e-002
 3.6049541E-002
3.647588e-002
 3.6905653E-002
3.733884e-002
 3.7775470E-002
3.821560e-002
 3.8659252E-002
3.910645e-002
 3.9557230E-002
4.001161e-002
 4.0469626E-002
4.093130e-002
 4.1396673E-002
4.186576e-002
 4.2338606E-002
4.281523e-002
 4.3295664E-002
4.377994e-002
 4.4268090E-002
4.476014e-002
 4.5256130E-002
4.575608e-002
 4.6260036E-002
4.676802e-002
 4.7280060E-002
4.779620e-002
 4.8316473E-002
4.884090e-002
 4.9369476E-002
4.990226e-002
 5.0439333E-002
5.098074e-002
 5.1526474E-002
5.207657e-002
 5.2631060E-002
5.318999e-002
 5.3753385E-002
5.432129e-002
 5.4893730E-002
5.547075e-002
 5.6052386E-002
5.663867e-002
 5.7229646E-002
5.782535e-002
 5.8425809E-002
5.903107e-002
 5.9641179E-002
6.025616e-002
 6.0876063E-002
6.150092e-002
 6.2130775E-002
6.276567e-002
 6.3405633E-002
6.405072e-002
 6.4700961E-002
6.535640e-002
 6.6017087E-002
6.668305e-002
 6.7354345E-002
6.803100e-002
 6.8713074E-002
6.940060e-002
 7.0093619E-002
7.079218e-002
 7.1496331E-002
7.220611e-002
 7.2921564E-002
7.364274e-002
 7.4369681E-002
7.510243e-002
 7.5841048E-002
7.658557e-002
 7.7336041E-002
7.809251e-002
 7.8855035E-002
7.962365e-002
 8.0398418E-002
8.117938e-002
 8.1966581E-002
8.276008e-002
 8.3559921E-002
8.436616e-002
 8.5178844E-002
8.599803e-002
 8.6823761E-002
8.765609e-002
 8.8495083E-002
8.934078e-002
 9.0193240E-002
9.105252e-002
 9.1918666E-002
9.279174e-002
 9.3671788E-002
9.455888e-002
 9.5453058E-002
9.635439e-002
 9.7262929E-002
9.817873e-002
 9.9101853E-002
1.000324e-001
 1.0097030E-001
1.019158e-001
 1.0286875E-001
1.038294e-001
 1.0479768E-001
1.057737e-001
 1.0675757E-001
1.077493e-001
 1.0874893E-001
1.097565e-001
 1.1077230E-001
1.117959e-001
 1.1282849E-001
1.137676e-001
 1.1470952E-001
1.156530e-001
 1.1659845E-001
1.175457e-001
 1.1849486E-001
1.194460e-001
 1.2039898E-001
1.213539e-001
 1.2231069E-001
1.232694e-001
 1.2423004E-001
1.251926e-001
 1.2615706E-001
1.271235e-001
 1.2809177E-001
1.290620e-001
 1.3003423E-001
1.310084e-001
 1.3198444E-001
1.329625e-001
 1.3394244E-001
1.349244e-001
 1.3590826E-001
1.368941e-001
 1.3788194E-001
1.388717e-001
 1.3986351E-001
1.408572e-001
 1.4185299E-001
1.428507e-001
 1.4385042E-001
1.448521e-001
 1.4585583E-001
1.468615e-001
 1.4786926E-001
1.488790e-001
 1.4989073E-001
1.509045e-001
 1.5192028E-001
1.529381e-001
 1.5395793E-001
1.549798e-001
 1.5600373E-001
1.570297e-001
 1.5805770E-001
1.590878e-001
 1.6011988E-001
1.611541e-001
 1.6219031E-001
1.632286e-001
 1.6426900E-001
1.653115e-001
 1.6635600E-001
1.674026e-001
 1.6845133E-001
1.695021e-001
 1.7055505E-001
1.716100e-001
 1.7266716E-001
1.737264e-001
 1.7478772E-001
1.758512e-001
 1.7691675E-001
1.779844e-001
 1.7905428E-001
1.801262e-001
 1.8120036E-001
1.822766e-001
 1.8335501E-001
1.844356e-001
 1.8551828E-001
1.866032e-001
 1.8769019E-001
1.887794e-001
 1.8987077E-001
1.909643e-001
 1.9206007E-001
1.931580e-001
 1.9425812E-001
1.953604e-001
 1.9646495E-001
1.975717e-001
 1.9868059E-001
1.997917e-001
 2.0090508E-001
2.020207e-001
 2.0313836E-001
2.042585e-001
 2.0537952E-001
2.065034e-001
 2.0762962E-001
2.087579e-001
 2.0988846E-001
2.110214e-001
 2.1215658E-001
2.132941e-001
 2.1443390E-001
2.155760e-001
 2.1672049E-001
2.178673e-001
 2.1901630E-001
2.201676e-001
 2.2132117E-001
2.224771e-001
 2.2363528E-001
2.247958e-001
 2.2595879E-001
2.271241e-001
 2.2829180E-001
2.294618e-001
 2.3063428E-001
2.318091e-001
 2.3298633E-001
2.341660e-001
 2.3534803E-001
2.365323e-001
 2.3771903E-001
2.389087e-001
 2.4010080E-001
2.413218e-001
 2.4254941E-001
2.437835e-001
 2.4502370E-001
2.462700e-001
 2.4752268E-001
2.487817e-001
 2.5004701E-001
2.513187e-001
 2.5259682E-001
2.538814e-001
 2.5517243E-001
2.564700e-001
 2.5777405E-001
2.590847e-001
 2.6040199E-001
2.617259e-001
 2.6305649E-001
2.643938e-001
 2.6573782E-001
2.670886e-001
 2.6844625E-001
2.698107e-001
 2.7118209E-001
2.725604e-001
 2.7394558E-001
2.753378e-001
 2.7673702E-001
2.781433e-001
 2.7955667E-001
2.809772e-001
 2.8240485E-001
2.838397e-001
 2.8528183E-001
2.867312e-001
 2.8818789E-001
2.896519e-001
 2.9112336E-001
2.926022e-001
 2.9408850E-001
2.955823e-001
 2.9708362E-001
2.985925e-001
 3.0010906E-001
3.016332e-001
 3.0316506E-001
3.047046e-001
 3.0625200E-001
3.078071e-001
 3.0937016E-001
3.109410e-001
 3.1251984E-001
3.141066e-001
 3.1570140E-001
3.173042e-001
 3.1891512E-001
3.205342e-001
 3.2216136E-001
3.237968e-001
 3.2544041E-001
3.270923e-001
 3.2875263E-001
3.304213e-001
 3.3209835E-001
3.337839e-001
 3.3547791E-001
3.371805e-001
 3.3889165E-001
3.406114e-001
 3.4233992E-001
3.440771e-001
 3.4582307E-001
3.475778e-001
 3.4934145E-001
3.511140e-001
 3.5289542E-001
3.546859e-001
 3.5648533E-001
3.582939e-001
 3.6011155E-001
3.619384e-001
 3.6377445E-001
3.656198e-001
 3.6747437E-001
3.693383e-001
 3.7121174E-001
3.730946e-001
 3.7498687E-001
3.768887e-001
 3.7880019E-001
3.807213e-001
 3.8265209E-001
3.845926e-001
 3.8654294E-001
3.885031e-001
 3.9047311E-001
3.924531e-001
 3.9444305E-001
3.964431e-001
 3.9845313E-001
4.004733e-001
 4.0250374E-001
4.045444e-001
 4.0659533E-001
4.086566e-001
 4.1072828E-001
4.128104e-001
 4.1490304E-001
4.170062e-001
 4.1912000E-001
4.212444e-001
 4.2337959E-001
4.255255e-001
 4.2768226E-001
4.298499e-001
 4.3202841E-001
4.342180e-001
 4.3641852E-001
4.386302e-001
 4.4085301E-001
4.430870e-001
 4.4533231E-001
4.475889e-001
 4.4985689E-001
4.521363e-001
 4.5442724E-001
4.567297e-001
 4.5904378E-001
4.613695e-001
 4.6370698E-001
4.660562e-001
 4.6841732E-001
4.707903e-001
 4.7317526E-001
4.755722e-001
 4.7798128E-001
4.804025e-001
 4.8283589E-001
4.852816e-001
 4.8773957E-001
4.902100e-001
 4.9269280E-001
4.951881e-001
 4.9769609E-001
5.002167e-001
 5.0274993E-001
5.052960e-001
 5.0785485E-001
5.104266e-001
 5.1301136E-001
5.156091e-001
 5.1821997E-001
5.208440e-001
 5.2348119E-001
5.261317e-001
 5.2879560E-001
5.314729e-001
 5.3416370E-001
5.368681e-001
 5.3958602E-001
5.423177e-001
 5.4506312E-001
5.478224e-001
 5.5059557E-001
5.533827e-001
 5.5618387E-001
5.589992e-001
 5.6182863E-001
5.646724e-001
 5.6753043E-001
5.704029e-001
 5.7328982E-001
5.761913e-001
 5.7910735E-001
5.820381e-001
 5.8498368E-001
5.879441e-001
 5.9091932E-001
5.939096e-001
 5.9691491E-001
5.999354e-001
 6.0297106E-001
6.060220e-001
 6.0908837E-001
6.121701e-001
 6.1526745E-001
6.183804e-001
 6.2150892E-001
6.246533e-001
 6.2781341E-001
6.309895e-001
 6.3418157E-001
6.373897e-001
 6.4061400E-001
6.438545e-001
 6.4711136E-001
6.503846e-001
 6.5367433E-001
6.569806e-001
 6.6030357E-001
6.636433e-001
 6.6699973E-001
6.703731e-001
 6.7376345E-001
6.771709e-001
 6.8059545E-001
6.840373e-001
 6.8749641E-001
6.909730e-001
 6.9446701E-001
6.979787e-001
 7.0150796E-001
7.050551e-001
 7.0862002E-001
7.122029e-001
 7.1580380E-001
7.194228e-001
 7.2306004E-001
7.267156e-001
 7.3038958E-001
7.340820e-001
 7.3779303E-001
7.415227e-001
 7.4527120E-001
7.490385e-001
 7.5282480E-001
7.566301e-001
 7.6045460E-001
7.642983e-001
 7.6816142E-001
7.720439e-001
 7.7594593E-001
7.798676e-001
 7.8380895E-001
7.877702e-001
 7.9175136E-001
7.957525e-001
 7.9977383E-001
8.038154e-001
 8.0787720E-001
8.119595e-001
 8.1606231E-001
8.201858e-001
 8.2433004E-001
8.284951e-001
 8.3268105E-001
8.368881e-001
 8.4111639E-001
8.453658e-001
 8.4963639E-001
8.542529e-001
 8.5889706E-001
8.635691e-001
 8.6826938E-001
8.729980e-001
 8.7775517E-001
8.825410e-001
 8.8735574E-001
8.921995e-001
 8.9707240E-001
9.019747e-001
 9.0690663E-001
9.118683e-001
 9.1685983E-001
9.218815e-001
 9.2693339E-001
9.320158e-001
 9.3712879E-001
9.422727e-001
 9.4744752E-001
9.526536e-001
 9.5789104E-001
9.631601e-001
 9.6846086E-001
9.737936e-001
 9.7915851E-001
9.845558e-001
 9.8998553E-001
9.954480e-001
 1.0009434E+000
1.006472e+000
 1.0120339E+000
1.017629e+000
 1.0232584E+000
1.028922e+000
 1.0346187E+000
1.040350e+000
 1.0461162E+000
1.051917e+000
 1.0577528E+000
1.063624e+000
 1.0695301E+000
1.075472e+000
 1.0814498E+000
1.087463e+000
 1.0935135E+000
1.099600e+000
 1.1057231E+000
1.111883e+000
 1.1180802E+000
1.124315e+000
 1.1305868E+000
1.136897e+000
 1.1432444E+000
1.149631e+000
 1.1560551E+000
1.162518e+000
 1.1690205E+000
1.175562e+000
 1.1821427E+000
1.188763e+000
 1.1954234E+000
1.202124e+000
 1.2088646E+000
1.215646e+000
 1.2224682E+000
1.229332e+000
 1.2362362E+000
1.243182e+000
 1.2501705E+000
1.257201e+000
 1.2642732E+000
1.271388e+000
 1.2785462E+000
1.285747e+000
 1.2929917E+000
1.300280e+000
 1.3076117E+000
1.314988e+000
 1.3224083E+000
1.329873e+000
 1.3373836E+000
1.344939e+000
 1.3525399E+000
1.360187e+000
 1.3678791E+000
1.375618e+000
 1.3834037E+000
1.391236e+000
 1.3991157E+000
1.407043e+000
 1.4150175E+000
1.423040e+000
 1.4311112E+000
1.439231e+000
 1.4473994E+000
1.455617e+000
 1.4638842E+000
1.472201e+000
 1.4805680E+000
1.488985e+000
 1.4974534E+000
1.505972e+000
 1.5145425E+000
1.523164e+000
 1.5318381E+000
1.540564e+000
 1.5493423E+000
1.558174e+000
 1.5670579E+000
1.576021e+000
 1.5849845E+000
1.593948e+000
 1.6029118E+000
1.611876e+000
 1.6208396E+000
1.629804e+000
 1.6387680E+000
1.647733e+000
 1.6566971E+000
1.665662e+000
 1.6746266E+000
1.683592e+000
 1.6925566E+000
1.701522e+000
 1.7104872E+000
1.719453e+000
 1.7284184E+000
1.737384e+000
 1.7463500E+000
1.755316e+000
 1.7642821E+000
1.773248e+000
 1.7822147E+000
1.791181e+000
 1.8001477E+000
1.809114e+000
 1.8180812E+000
1.827048e+000
 1.8360152E+000
1.844982e+000
 1.8539495E+000
1.862917e+000
 1.8718843E+000
1.880852e+000
 1.8898195E+000
1.898787e+000
 1.9077550E+000
1.916723e+000
 1.9256910E+000
1.934659e+000
 1.9436274E+000
1.952596e+000
 1.9615640E+000
1.970533e+000
 1.9795012E+000
1.988470e+000
 1.9974386E+000
2.006407e+000
 2.0153763E+000
2.024345e+000
 2.0333144E+000
2.042284e+000
 2.0512529E+000
2.060222e+000
 2.0691917E+000
2.078161e+000
 2.0871307E+000
2.096100e+000
 2.1050701E+000
2.114040e+000
 2.1230098E+000
2.131980e+000
 2.1409497E+000
2.149920e+000
 2.1588899E+000
2.167860e+000
 2.1768304E+000
2.185801e+000
 2.1947713E+000
2.203742e+000
 2.2127123E+000
2.221683e+000
 2.2306536E+000
2.239624e+000
 2.2485951E+000
2.257566e+000
 2.2665369E+000
2.275508e+000
 2.2844790E+000
2.293445e+000
 2.3024111E+000
2.311377e+000
 2.3203436E+000
2.329310e+000
 2.3382763E+000
2.347243e+000
 2.3562091E+000
2.365176e+000
 2.3741421E+000
2.383109e+000
 2.3920755E+000
2.401042e+000
 2.4100089E+000
2.418976e+000
 2.4279425E+000
2.436909e+000
 2.4458764E+000
2.454843e+000
 2.4638105E+000
2.472778e+000
 2.4817447E+000
2.490712e+000
 2.4996791E+000
2.508646e+000
 2.5176137E+000
2.526581e+000
 2.5355485E+000
2.544516e+000
 2.5534834E+000
2.562451e+000
 2.5714184E+000
2.580386e+000
 2.5893537E+000
2.598321e+000
 2.6072891E+000
2.616257e+000
 2.6252246E+000
2.634193e+000
 2.6431603E+000
2.652128e+000
 2.6610961E+000
2.670064e+000
 2.6790321E+000
2.688000e+000
 2.6969682E+000
2.705936e+000
 2.7149045E+000
2.723873e+000
 2.7328409E+000
2.741809e+000
 2.7507774E+000
2.759746e+000
 2.7687140E+000
2.777682e+000
 2.7866507E+000
2.795619e+000
 
