2861
 -6.4900000E-002
-6.390000e-002
 -6.2900000E-002
-6.190000e-002
 -6.0900000E-002
-5.990000e-002
 -5.8900000E-002
-5.790000e-002
 -5.6900000E-002
-5.590000e-002
 -5.4900000E-002
-5.390000e-002
 -5.2900000E-002
-5.190000e-002
 -5.0900000E-002
-4.990000e-002
 -4.8900000E-002
-4.790000e-002
 -4.6900000E-002
-4.590000e-002
 -4.4900000E-002
-4.390000e-002
 -4.2900000E-002
-4.190000e-002
 -4.0900000E-002
-3.990000e-002
 -3.8900000E-002
-3.790000e-002
 -3.6900000E-002
-3.590000e-002
 -3.4900000E-002
-3.390000e-002
 -3.2900000E-002
-3.190000e-002
 -3.0900000E-002
-2.990000e-002
 -2.8900000E-002
-2.790000e-002
 -2.6900000E-002
-2.590000e-002
 -2.4900000E-002
-2.390000e-002
 -2.2900000E-002
-2.190000e-002
 -2.0900000E-002
-1.990000e-002
 -1.8900000E-002
-1.790000e-002
 -1.6900000E-002
-1.590000e-002
 -1.4900000E-002
-1.390000e-002
 -1.2900000E-002
-1.190000e-002
 -1.0900000E-002
-9.900000e-003
 -8.9000000E-003
-7.900000e-003
 -6.9000000E-003
-5.900000e-003
 -4.9000000E-003
-3.900000e-003
 -2.9000000E-003
-1.900000e-003
 -9.0000000E-004
1.000000e-004
 1.1000000E-003
2.100000e-003
 3.1000000E-003
4.100000e-003
 5.1000000E-003
6.100000e-003
 7.1000000E-003
8.100000e-003
 9.1000000E-003
1.010000e-002
 1.1100000E-002
1.210000e-002
 1.3100000E-002
1.410000e-002
 1.5100000E-002
1.610000e-002
 1.7100000E-002
1.810000e-002
 1.9100000E-002
2.010000e-002
 2.1100000E-002
2.210000e-002
 2.3100000E-002
2.410000e-002
 2.5100000E-002
2.610000e-002
 2.7100000E-002
2.810000e-002
 2.9100000E-002
3.010000e-002
 3.1100000E-002
3.210000e-002
 3.3100000E-002
3.410000e-002
 3.5100000E-002
3.610000e-002
 3.7100000E-002
3.810000e-002
 3.9100000E-002
4.010000e-002
 4.1100000E-002
4.210000e-002
 4.3100000E-002
4.410000e-002
 4.5100000E-002
4.610000e-002
 4.7100000E-002
4.810000e-002
 4.9100000E-002
5.010000e-002
 5.1100000E-002
5.210000e-002
 5.3100000E-002
5.410000e-002
 5.5100000E-002
5.610000e-002
 5.7100000E-002
5.810000e-002
 5.9100000E-002
6.010000e-002
 6.1100000E-002
6.210000e-002
 6.3100000E-002
6.410000e-002
 6.5100000E-002
6.610000e-002
 6.7100000E-002
6.810000e-002
 6.9100000E-002
7.010000e-002
 7.1100000E-002
7.210000e-002
 7.3100000E-002
7.410000e-002
 7.5100000E-002
7.610000e-002
 7.7100000E-002
7.810000e-002
 7.9100000E-002
8.010000e-002
 8.1100000E-002
8.210000e-002
 8.3100000E-002
8.410000e-002
 8.5100000E-002
8.610000e-002
 8.7100000E-002
8.810000e-002
 8.9100000E-002
9.010000e-002
 9.1100000E-002
9.210000e-002
 9.3100000E-002
9.410000e-002
 9.5100000E-002
9.610000e-002
 9.7100000E-002
9.810000e-002
 9.9100000E-002
1.001000e-001
 1.0110000E-001
1.021000e-001
 1.0310000E-001
1.041000e-001
 1.0510000E-001
1.061000e-001
 1.0710000E-001
1.081000e-001
 1.0910000E-001
1.101000e-001
 1.1110000E-001
1.121000e-001
 1.1310000E-001
1.141000e-001
 1.1510000E-001
1.161000e-001
 1.1710000E-001
1.181000e-001
 1.1910000E-001
1.201000e-001
 1.2110000E-001
1.221000e-001
 1.2310000E-001
1.241000e-001
 1.2510000E-001
1.261000e-001
 1.2710000E-001
1.281000e-001
 1.2910000E-001
1.301000e-001
 1.3110000E-001
1.321000e-001
 1.3310000E-001
1.341000e-001
 1.3510000E-001
1.361000e-001
 1.3710000E-001
1.381000e-001
 1.3910000E-001
1.401000e-001
 1.4110000E-001
1.421000e-001
 1.4310000E-001
1.441000e-001
 1.4510000E-001
1.461000e-001
 1.4710000E-001
1.481000e-001
 1.4910000E-001
1.501000e-001
 1.5110000E-001
1.521000e-001
 1.5310000E-001
1.541000e-001
 1.5510000E-001
1.561000e-001
 1.5710000E-001
1.581000e-001
 1.5910000E-001
1.601000e-001
 1.6110000E-001
1.621000e-001
 1.6310000E-001
1.641000e-001
 1.6510000E-001
1.661000e-001
 1.6710000E-001
1.681000e-001
 1.6910000E-001
1.701000e-001
 1.7110000E-001
1.721000e-001
 1.7310000E-001
1.741000e-001
 1.7510000E-001
1.761000e-001
 1.7710000E-001
1.781000e-001
 1.7910000E-001
1.801000e-001
 1.8110000E-001
1.821000e-001
 1.8310000E-001
1.841000e-001
 1.8510000E-001
1.861000e-001
 1.8710000E-001
1.881000e-001
 1.8910000E-001
1.901000e-001
 1.9110000E-001
1.921000e-001
 1.9310000E-001
1.941000e-001
 1.9510000E-001
1.961000e-001
 1.9710000E-001
1.981000e-001
 1.9910000E-001
2.001000e-001
 2.0110000E-001
2.021000e-001
 2.0310000E-001
2.041000e-001
 2.0510000E-001
2.061000e-001
 2.0710000E-001
2.081000e-001
 2.0910000E-001
2.101000e-001
 2.1110000E-001
2.121000e-001
 2.1310000E-001
2.141000e-001
 2.1510000E-001
2.161000e-001
 2.1710000E-001
2.181000e-001
 2.1910000E-001
2.201000e-001
 2.2110000E-001
2.221000e-001
 2.2310000E-001
2.241000e-001
 2.2510000E-001
2.261000e-001
 2.2710000E-001
2.281000e-001
 2.2910000E-001
2.301000e-001
 2.3110000E-001
2.321000e-001
 2.3310000E-001
2.341000e-001
 2.3510000E-001
2.361000e-001
 2.3710000E-001
2.381000e-001
 2.3910000E-001
2.401000e-001
 2.4110000E-001
2.421000e-001
 2.4310000E-001
2.441000e-001
 2.4510000E-001
2.461000e-001
 2.4710000E-001
2.481000e-001
 2.4910000E-001
2.501000e-001
 2.5110000E-001
2.521000e-001
 2.5310000E-001
2.541000e-001
 2.5510000E-001
2.561000e-001
 2.5710000E-001
2.581000e-001
 2.5910000E-001
2.601000e-001
 2.6110000E-001
2.621000e-001
 2.6310000E-001
2.641000e-001
 2.6510000E-001
2.661000e-001
 2.6710000E-001
2.681000e-001
 2.6910000E-001
2.701000e-001
 2.7110000E-001
2.721000e-001
 2.7310000E-001
2.741000e-001
 2.7510000E-001
2.761000e-001
 2.7710000E-001
2.781000e-001
 2.7910000E-001
2.801000e-001
 2.8110000E-001
2.821000e-001
 2.8310000E-001
2.841000e-001
 2.8510000E-001
2.861000e-001
 2.8710000E-001
2.881000e-001
 2.8910000E-001
2.901000e-001
 2.9110000E-001
2.921000e-001
 2.9310000E-001
2.941000e-001
 2.9510000E-001
2.961000e-001
 2.9710000E-001
2.981000e-001
 2.9910000E-001
3.001000e-001
 3.0110000E-001
3.021000e-001
 3.0310000E-001
3.041000e-001
 3.0510000E-001
3.061000e-001
 3.0710000E-001
3.081000e-001
 3.0910000E-001
3.101000e-001
 3.1110000E-001
3.121000e-001
 3.1310000E-001
3.141000e-001
 3.1510000E-001
3.161000e-001
 3.1710000E-001
3.181000e-001
 3.1910000E-001
3.201000e-001
 3.2110000E-001
3.221000e-001
 3.2310000E-001
3.241000e-001
 3.2510000E-001
3.261000e-001
 3.2710000E-001
3.281000e-001
 3.2910000E-001
3.301000e-001
 3.3110000E-001
3.321000e-001
 3.3310000E-001
3.341000e-001
 3.3510000E-001
3.361000e-001
 3.3710000E-001
3.381000e-001
 3.3910000E-001
3.401000e-001
 3.4110000E-001
3.421000e-001
 3.4310000E-001
3.441000e-001
 3.4510000E-001
3.461000e-001
 3.4710000E-001
3.481000e-001
 3.4910000E-001
3.501000e-001
 3.5110000E-001
3.521000e-001
 3.5310000E-001
3.541000e-001
 3.5510000E-001
3.561000e-001
 3.5710000E-001
3.581000e-001
 3.5910000E-001
3.601000e-001
 3.6110000E-001
3.621000e-001
 3.6310000E-001
3.641000e-001
 3.6510000E-001
3.661000e-001
 3.6710000E-001
3.681000e-001
 3.6910000E-001
3.701000e-001
 3.7110000E-001
3.721000e-001
 3.7310000E-001
3.741000e-001
 3.7510000E-001
3.761000e-001
 3.7710000E-001
3.781000e-001
 3.7910000E-001
3.801000e-001
 3.8110000E-001
3.821000e-001
 3.8310000E-001
3.841000e-001
 3.8510000E-001
3.861000e-001
 3.8710000E-001
3.881000e-001
 3.8910000E-001
3.901000e-001
 3.9110000E-001
3.921000e-001
 3.9310000E-001
3.941000e-001
 3.9510000E-001
3.961000e-001
 3.9710000E-001
3.981000e-001
 3.9910000E-001
4.001000e-001
 4.0110000E-001
4.021000e-001
 4.0310000E-001
4.041000e-001
 4.0510000E-001
4.061000e-001
 4.0710000E-001
4.081000e-001
 4.0910000E-001
4.101000e-001
 4.1110000E-001
4.121000e-001
 4.1310000E-001
4.141000e-001
 4.1510000E-001
4.161000e-001
 4.1710000E-001
4.181000e-001
 4.1910000E-001
4.201000e-001
 4.2110000E-001
4.221000e-001
 4.2310000E-001
4.241000e-001
 4.2510000E-001
4.261000e-001
 4.2710000E-001
4.281000e-001
 4.2910000E-001
4.301000e-001
 4.3110000E-001
4.321000e-001
 4.3310000E-001
4.341000e-001
 4.3510000E-001
4.361000e-001
 4.3710000E-001
4.381000e-001
 4.3910000E-001
4.401000e-001
 4.4110000E-001
4.421000e-001
 4.4310000E-001
4.441000e-001
 4.4510000E-001
4.461000e-001
 4.4710000E-001
4.481000e-001
 4.4910000E-001
4.501000e-001
 4.5110000E-001
4.521000e-001
 4.5310000E-001
4.541000e-001
 4.5510000E-001
4.561000e-001
 4.5710000E-001
4.581000e-001
 4.5910000E-001
4.601000e-001
 4.6110000E-001
4.621000e-001
 4.6310000E-001
4.641000e-001
 4.6510000E-001
4.661000e-001
 4.6710000E-001
4.681000e-001
 4.6910000E-001
4.701000e-001
 4.7110000E-001
4.721000e-001
 4.7310000E-001
4.741000e-001
 4.7510000E-001
4.761000e-001
 4.7710000E-001
4.781000e-001
 4.7910000E-001
4.801000e-001
 4.8110000E-001
4.821000e-001
 4.8310000E-001
4.841000e-001
 4.8510000E-001
4.861000e-001
 4.8710000E-001
4.881000e-001
 4.8910000E-001
4.901000e-001
 4.9110000E-001
4.921000e-001
 4.9310000E-001
4.941000e-001
 4.9510000E-001
4.961000e-001
 4.9710000E-001
4.981000e-001
 4.9910000E-001
5.001000e-001
 5.0110000E-001
5.021000e-001
 5.0310000E-001
5.041000e-001
 5.0510000E-001
5.061000e-001
 5.0710000E-001
5.081000e-001
 5.0910000E-001
5.101000e-001
 5.1110000E-001
5.121000e-001
 5.1310000E-001
5.141000e-001
 5.1510000E-001
5.161000e-001
 5.1710000E-001
5.181000e-001
 5.1910000E-001
5.201000e-001
 5.2110000E-001
5.221000e-001
 5.2310000E-001
5.241000e-001
 5.2510000E-001
5.261000e-001
 5.2710000E-001
5.281000e-001
 5.2910000E-001
5.301000e-001
 5.3110000E-001
5.321000e-001
 5.3310000E-001
5.341000e-001
 5.3510000E-001
5.361000e-001
 5.3710000E-001
5.381000e-001
 5.3910000E-001
5.401000e-001
 5.4110000E-001
5.421000e-001
 5.4310000E-001
5.441000e-001
 5.4510000E-001
5.461000e-001
 5.4710000E-001
5.481000e-001
 5.4910000E-001
5.501000e-001
 5.5110000E-001
5.521000e-001
 5.5310000E-001
5.541000e-001
 5.5510000E-001
5.561000e-001
 5.5710000E-001
5.581000e-001
 5.5910000E-001
5.601000e-001
 5.6110000E-001
5.621000e-001
 5.6310000E-001
5.641000e-001
 5.6510000E-001
5.661000e-001
 5.6710000E-001
5.681000e-001
 5.6910000E-001
5.701000e-001
 5.7110000E-001
5.721000e-001
 5.7310000E-001
5.741000e-001
 5.7510000E-001
5.761000e-001
 5.7710000E-001
5.781000e-001
 5.7910000E-001
5.801000e-001
 5.8110000E-001
5.821000e-001
 5.8310000E-001
5.841000e-001
 5.8510000E-001
5.861000e-001
 5.8710000E-001
5.881000e-001
 5.8910000E-001
5.901000e-001
 5.9110000E-001
5.921000e-001
 5.9310000E-001
5.941000e-001
 5.9510000E-001
5.961000e-001
 5.9710000E-001
5.981000e-001
 5.9910000E-001
6.001000e-001
 6.0110000E-001
6.021000e-001
 6.0310000E-001
6.041000e-001
 6.0510000E-001
6.061000e-001
 6.0710000E-001
6.081000e-001
 6.0910000E-001
6.101000e-001
 6.1110000E-001
6.121000e-001
 6.1310000E-001
6.141000e-001
 6.1510000E-001
6.161000e-001
 6.1710000E-001
6.181000e-001
 6.1910000E-001
6.201000e-001
 6.2110000E-001
6.221000e-001
 6.2310000E-001
6.241000e-001
 6.2510000E-001
6.261000e-001
 6.2710000E-001
6.281000e-001
 6.2910000E-001
6.301000e-001
 6.3110000E-001
6.321000e-001
 6.3310000E-001
6.341000e-001
 6.3510000E-001
6.361000e-001
 6.3710000E-001
6.381000e-001
 6.3910000E-001
6.401000e-001
 6.4110000E-001
6.421000e-001
 6.4310000E-001
6.441000e-001
 6.4510000E-001
6.461000e-001
 6.4710000E-001
6.481000e-001
 6.4910000E-001
6.501000e-001
 6.5110000E-001
6.521000e-001
 6.5310000E-001
6.541000e-001
 6.5510000E-001
6.561000e-001
 6.5710000E-001
6.581000e-001
 6.5910000E-001
6.601000e-001
 6.6110000E-001
6.621000e-001
 6.6310000E-001
6.641000e-001
 6.6510000E-001
6.661000e-001
 6.6710000E-001
6.681000e-001
 6.6910000E-001
6.701000e-001
 6.7110000E-001
6.721000e-001
 6.7310000E-001
6.741000e-001
 6.7510000E-001
6.761000e-001
 6.7710000E-001
6.781000e-001
 6.7910000E-001
6.801000e-001
 6.8110000E-001
6.821000e-001
 6.8310000E-001
6.841000e-001
 6.8510000E-001
6.861000e-001
 6.8710000E-001
6.881000e-001
 6.8910000E-001
6.901000e-001
 6.9110000E-001
6.921000e-001
 6.9310000E-001
6.941000e-001
 6.9510000E-001
6.961000e-001
 6.9710000E-001
6.981000e-001
 6.9910000E-001
7.001000e-001
 7.0110000E-001
7.021000e-001
 7.0310000E-001
7.041000e-001
 7.0510000E-001
7.061000e-001
 7.0710000E-001
7.081000e-001
 7.0910000E-001
7.101000e-001
 7.1110000E-001
7.121000e-001
 7.1310000E-001
7.141000e-001
 7.1510000E-001
7.161000e-001
 7.1710000E-001
7.181000e-001
 7.1910000E-001
7.201000e-001
 7.2110000E-001
7.221000e-001
 7.2310000E-001
7.241000e-001
 7.2510000E-001
7.261000e-001
 7.2710000E-001
7.281000e-001
 7.2910000E-001
7.301000e-001
 7.3110000E-001
7.321000e-001
 7.3310000E-001
7.341000e-001
 7.3510000E-001
7.361000e-001
 7.3710000E-001
7.381000e-001
 7.3910000E-001
7.401000e-001
 7.4110000E-001
7.421000e-001
 7.4310000E-001
7.441000e-001
 7.4510000E-001
7.461000e-001
 7.4710000E-001
7.481000e-001
 7.4910000E-001
7.501000e-001
 7.5110000E-001
7.521000e-001
 7.5310000E-001
7.541000e-001
 7.5510000E-001
7.561000e-001
 7.5710000E-001
7.581000e-001
 7.5910000E-001
7.601000e-001
 7.6110000E-001
7.621000e-001
 7.6310000E-001
7.641000e-001
 7.6510000E-001
7.661000e-001
 7.6710000E-001
7.681000e-001
 7.6910000E-001
7.701000e-001
 7.7110000E-001
7.721000e-001
 7.7310000E-001
7.741000e-001
 7.7510000E-001
7.761000e-001
 7.7710000E-001
7.781000e-001
 7.7910000E-001
7.801000e-001
 7.8110000E-001
7.821000e-001
 7.8310000E-001
7.841000e-001
 7.8510000E-001
7.861000e-001
 7.8710000E-001
7.881000e-001
 7.8910000E-001
7.901000e-001
 7.9110000E-001
7.921000e-001
 7.9310000E-001
7.941000e-001
 7.9510000E-001
7.961000e-001
 7.9710000E-001
7.981000e-001
 7.9910000E-001
8.001000e-001
 8.0110000E-001
8.021000e-001
 8.0310000E-001
8.041000e-001
 8.0510000E-001
8.061000e-001
 8.0710000E-001
8.081000e-001
 8.0910000E-001
8.101000e-001
 8.1110000E-001
8.121000e-001
 8.1310000E-001
8.141000e-001
 8.1510000E-001
8.161000e-001
 8.1710000E-001
8.181000e-001
 8.1910000E-001
8.201000e-001
 8.2110000E-001
8.221000e-001
 8.2310000E-001
8.241000e-001
 8.2510000E-001
8.261000e-001
 8.2710000E-001
8.281000e-001
 8.2910000E-001
8.301000e-001
 8.3110000E-001
8.321000e-001
 8.3310000E-001
8.341000e-001
 8.3510000E-001
8.361000e-001
 8.3710000E-001
8.381000e-001
 8.3910000E-001
8.401000e-001
 8.4110000E-001
8.421000e-001
 8.4310000E-001
8.441000e-001
 8.4510000E-001
8.461000e-001
 8.4710000E-001
8.481000e-001
 8.4910000E-001
8.501000e-001
 8.5110000E-001
8.521000e-001
 8.5310000E-001
8.541000e-001
 8.5510000E-001
8.561000e-001
 8.5710000E-001
8.581000e-001
 8.5910000E-001
8.601000e-001
 8.6110000E-001
8.621000e-001
 8.6310000E-001
8.641000e-001
 8.6510000E-001
8.661000e-001
 8.6710000E-001
8.681000e-001
 8.6910000E-001
8.701000e-001
 8.7110000E-001
8.721000e-001
 8.7310000E-001
8.741000e-001
 8.7510000E-001
8.761000e-001
 8.7710000E-001
8.781000e-001
 8.7910000E-001
8.801000e-001
 8.8110000E-001
8.821000e-001
 8.8310000E-001
8.841000e-001
 8.8510000E-001
8.861000e-001
 8.8710000E-001
8.881000e-001
 8.8910000E-001
8.901000e-001
 8.9110000E-001
8.921000e-001
 8.9310000E-001
8.941000e-001
 8.9510000E-001
8.961000e-001
 8.9710000E-001
8.981000e-001
 8.9910000E-001
9.001000e-001
 9.0110000E-001
9.021000e-001
 9.0310000E-001
9.041000e-001
 9.0510000E-001
9.061000e-001
 9.0710000E-001
9.081000e-001
 9.0910000E-001
9.101000e-001
 9.1110000E-001
9.121000e-001
 9.1310000E-001
9.141000e-001
 9.1510000E-001
9.161000e-001
 9.1710000E-001
9.181000e-001
 9.1910000E-001
9.201000e-001
 9.2110000E-001
9.221000e-001
 9.2310000E-001
9.241000e-001
 9.2510000E-001
9.261000e-001
 9.2710000E-001
9.281000e-001
 9.2910000E-001
9.301000e-001
 9.3110000E-001
9.321000e-001
 9.3310000E-001
9.341000e-001
 9.3510000E-001
9.361000e-001
 9.3710000E-001
9.381000e-001
 9.3910000E-001
9.401000e-001
 9.4110000E-001
9.421000e-001
 9.4310000E-001
9.441000e-001
 9.4510000E-001
9.461000e-001
 9.4710000E-001
9.481000e-001
 9.4910000E-001
9.501000e-001
 9.5110000E-001
9.521000e-001
 9.5310000E-001
9.541000e-001
 9.5510000E-001
9.561000e-001
 9.5710000E-001
9.581000e-001
 9.5910000E-001
9.601000e-001
 9.6110000E-001
9.621000e-001
 9.6310000E-001
9.641000e-001
 9.6510000E-001
9.661000e-001
 9.6710000E-001
9.681000e-001
 9.6910000E-001
9.701000e-001
 9.7110000E-001
9.721000e-001
 9.7310000E-001
9.741000e-001
 9.7510000E-001
9.761000e-001
 9.7710000E-001
9.781000e-001
 9.7910000E-001
9.801000e-001
 9.8110000E-001
9.821000e-001
 9.8310000E-001
9.841000e-001
 9.8510000E-001
9.861000e-001
 9.8710000E-001
9.881000e-001
 9.8910000E-001
9.901000e-001
 9.9110000E-001
9.921000e-001
 9.9310000E-001
9.941000e-001
 9.9510000E-001
9.961000e-001
 9.9710000E-001
9.981000e-001
 9.9910000E-001
1.000100e+000
 1.0011000E+000
1.002100e+000
 1.0031000E+000
1.004100e+000
 1.0051000E+000
1.006100e+000
 1.0071000E+000
1.008100e+000
 1.0091000E+000
1.010100e+000
 1.0111000E+000
1.012100e+000
 1.0131000E+000
1.014100e+000
 1.0151000E+000
1.016100e+000
 1.0171000E+000
1.018100e+000
 1.0191000E+000
1.020100e+000
 1.0211000E+000
1.022100e+000
 1.0231000E+000
1.024100e+000
 1.0251000E+000
1.026100e+000
 1.0271000E+000
1.028100e+000
 1.0291000E+000
1.030100e+000
 1.0311000E+000
1.032100e+000
 1.0331000E+000
1.034100e+000
 1.0351000E+000
1.036100e+000
 1.0371000E+000
1.038100e+000
 1.0391000E+000
1.040100e+000
 1.0411000E+000
1.042100e+000
 1.0431000E+000
1.044100e+000
 1.0451000E+000
1.046100e+000
 1.0471000E+000
1.048100e+000
 1.0491000E+000
1.050100e+000
 1.0511000E+000
1.052100e+000
 1.0531000E+000
1.054100e+000
 1.0551000E+000
1.056100e+000
 1.0571000E+000
1.058100e+000
 1.0591000E+000
1.060100e+000
 1.0611000E+000
1.062100e+000
 1.0631000E+000
1.064100e+000
 1.0651000E+000
1.066100e+000
 1.0671000E+000
1.068100e+000
 1.0691000E+000
1.070100e+000
 1.0711000E+000
1.072100e+000
 1.0731000E+000
1.074100e+000
 1.0751000E+000
1.076100e+000
 1.0771000E+000
1.078100e+000
 1.0791000E+000
1.080100e+000
 1.0811000E+000
1.082100e+000
 1.0831000E+000
1.084100e+000
 1.0851000E+000
1.086100e+000
 1.0871000E+000
1.088100e+000
 1.0891000E+000
1.090100e+000
 1.0911000E+000
1.092100e+000
 1.0931000E+000
1.094100e+000
 1.0951000E+000
1.096100e+000
 1.0971000E+000
1.098100e+000
 1.0991000E+000
1.100100e+000
 1.1011000E+000
1.102100e+000
 1.1031000E+000
1.104100e+000
 1.1051000E+000
1.106100e+000
 1.1071000E+000
1.108100e+000
 1.1091000E+000
1.110100e+000
 1.1111000E+000
1.112100e+000
 1.1131000E+000
1.114100e+000
 1.1151000E+000
1.116100e+000
 1.1171000E+000
1.118100e+000
 1.1191000E+000
1.120100e+000
 1.1211000E+000
1.122100e+000
 1.1231000E+000
1.124100e+000
 1.1251000E+000
1.126100e+000
 1.1271000E+000
1.128100e+000
 1.1291000E+000
1.130100e+000
 1.1311000E+000
1.132100e+000
 1.1331000E+000
1.134100e+000
 1.1351000E+000
1.136100e+000
 1.1371000E+000
1.138100e+000
 1.1391000E+000
1.140100e+000
 1.1411000E+000
1.142100e+000
 1.1431000E+000
1.144100e+000
 1.1451000E+000
1.146100e+000
 1.1471000E+000
1.148100e+000
 1.1491000E+000
1.150100e+000
 1.1511000E+000
1.152100e+000
 1.1531000E+000
1.154100e+000
 1.1551000E+000
1.156100e+000
 1.1571000E+000
1.158100e+000
 1.1591000E+000
1.160100e+000
 1.1611000E+000
1.162100e+000
 1.1631000E+000
1.164100e+000
 1.1651000E+000
1.166100e+000
 1.1671000E+000
1.168100e+000
 1.1691000E+000
1.170100e+000
 1.1711000E+000
1.172100e+000
 1.1731000E+000
1.174100e+000
 1.1751000E+000
1.176100e+000
 1.1771000E+000
1.178100e+000
 1.1791000E+000
1.180100e+000
 1.1811000E+000
1.182100e+000
 1.1831000E+000
1.184100e+000
 1.1851000E+000
1.186100e+000
 1.1871000E+000
1.188100e+000
 1.1891000E+000
1.190100e+000
 1.1911000E+000
1.192100e+000
 1.1931000E+000
1.194100e+000
 1.1951000E+000
1.196100e+000
 1.1971000E+000
1.198100e+000
 1.1991000E+000
1.200100e+000
 1.2011000E+000
1.202100e+000
 1.2031000E+000
1.204100e+000
 1.2051000E+000
1.206100e+000
 1.2071000E+000
1.208100e+000
 1.2091000E+000
1.210100e+000
 1.2111000E+000
1.212100e+000
 1.2131000E+000
1.214100e+000
 1.2151000E+000
1.216100e+000
 1.2171000E+000
1.218100e+000
 1.2191000E+000
1.220100e+000
 1.2211000E+000
1.222100e+000
 1.2231000E+000
1.224100e+000
 1.2251000E+000
1.226100e+000
 1.2271000E+000
1.228100e+000
 1.2291000E+000
1.230100e+000
 1.2311000E+000
1.232100e+000
 1.2331000E+000
1.234100e+000
 1.2351000E+000
1.236100e+000
 1.2371000E+000
1.238100e+000
 1.2391000E+000
1.240100e+000
 1.2411000E+000
1.242100e+000
 1.2431000E+000
1.244100e+000
 1.2451000E+000
1.246100e+000
 1.2471000E+000
1.248100e+000
 1.2491000E+000
1.250100e+000
 1.2511000E+000
1.252100e+000
 1.2531000E+000
1.254100e+000
 1.2551000E+000
1.256100e+000
 1.2571000E+000
1.258100e+000
 1.2591000E+000
1.260100e+000
 1.2611000E+000
1.262100e+000
 1.2631000E+000
1.264100e+000
 1.2651000E+000
1.266100e+000
 1.2671000E+000
1.268100e+000
 1.2691000E+000
1.270100e+000
 1.2711000E+000
1.272100e+000
 1.2731000E+000
1.274100e+000
 1.2751000E+000
1.276100e+000
 1.2771000E+000
1.278100e+000
 1.2791000E+000
1.280100e+000
 1.2811000E+000
1.282100e+000
 1.2831000E+000
1.284100e+000
 1.2851000E+000
1.286100e+000
 1.2871000E+000
1.288100e+000
 1.2891000E+000
1.290100e+000
 1.2911000E+000
1.292100e+000
 1.2931000E+000
1.294100e+000
 1.2951000E+000
1.296100e+000
 1.2971000E+000
1.298100e+000
 1.2991000E+000
1.300100e+000
 1.3011000E+000
1.302100e+000
 1.3031000E+000
1.304100e+000
 1.3051000E+000
1.306100e+000
 1.3071000E+000
1.308100e+000
 1.3091000E+000
1.310100e+000
 1.3111000E+000
1.312100e+000
 1.3131000E+000
1.314100e+000
 1.3151000E+000
1.316100e+000
 1.3171000E+000
1.318100e+000
 1.3191000E+000
1.320100e+000
 1.3211000E+000
1.322100e+000
 1.3231000E+000
1.324100e+000
 1.3251000E+000
1.326100e+000
 1.3271000E+000
1.328100e+000
 1.3291000E+000
1.330100e+000
 1.3311000E+000
1.332100e+000
 1.3331000E+000
1.334100e+000
 1.3351000E+000
1.336100e+000
 1.3371000E+000
1.338100e+000
 1.3391000E+000
1.340100e+000
 1.3411000E+000
1.342100e+000
 1.3431000E+000
1.344100e+000
 1.3451000E+000
1.346100e+000
 1.3471000E+000
1.348100e+000
 1.3491000E+000
1.350100e+000
 1.3511000E+000
1.352100e+000
 1.3531000E+000
1.354100e+000
 1.3551000E+000
1.356100e+000
 1.3571000E+000
1.358100e+000
 1.3591000E+000
1.360100e+000
 1.3611000E+000
1.362100e+000
 1.3631000E+000
1.364100e+000
 1.3651000E+000
1.366100e+000
 1.3671000E+000
1.368100e+000
 1.3691000E+000
1.370100e+000
 1.3711000E+000
1.372100e+000
 1.3731000E+000
1.374100e+000
 1.3751000E+000
1.376100e+000
 1.3771000E+000
1.378100e+000
 1.3791000E+000
1.380100e+000
 1.3811000E+000
1.382100e+000
 1.3831000E+000
1.384100e+000
 1.3851000E+000
1.386100e+000
 1.3871000E+000
1.388100e+000
 1.3891000E+000
1.390100e+000
 1.3911000E+000
1.392100e+000
 1.3931000E+000
1.394100e+000
 1.3951000E+000
1.396100e+000
 1.3971000E+000
1.398100e+000
 1.3991000E+000
1.400100e+000
 1.4011000E+000
1.402100e+000
 1.4031000E+000
1.404100e+000
 1.4051000E+000
1.406100e+000
 1.4071000E+000
1.408100e+000
 1.4091000E+000
1.410100e+000
 1.4111000E+000
1.412100e+000
 1.4131000E+000
1.414100e+000
 1.4151000E+000
1.416100e+000
 1.4171000E+000
1.418100e+000
 1.4191000E+000
1.420100e+000
 1.4211000E+000
1.422100e+000
 1.4231000E+000
1.424100e+000
 1.4251000E+000
1.426100e+000
 1.4271000E+000
1.428100e+000
 1.4291000E+000
1.430100e+000
 1.4311000E+000
1.432100e+000
 1.4331000E+000
1.434100e+000
 1.4351000E+000
1.436100e+000
 1.4371000E+000
1.438100e+000
 1.4391000E+000
1.440100e+000
 1.4411000E+000
1.442100e+000
 1.4431000E+000
1.444100e+000
 1.4451000E+000
1.446100e+000
 1.4471000E+000
1.448100e+000
 1.4491000E+000
1.450100e+000
 1.4511000E+000
1.452100e+000
 1.4531000E+000
1.454100e+000
 1.4551000E+000
1.456100e+000
 1.4571000E+000
1.458100e+000
 1.4591000E+000
1.460100e+000
 1.4611000E+000
1.462100e+000
 1.4631000E+000
1.464100e+000
 1.4651000E+000
1.466100e+000
 1.4671000E+000
1.468100e+000
 1.4691000E+000
1.470100e+000
 1.4711000E+000
1.472100e+000
 1.4731000E+000
1.474100e+000
 1.4751000E+000
1.476100e+000
 1.4771000E+000
1.478100e+000
 1.4791000E+000
1.480100e+000
 1.4811000E+000
1.482100e+000
 1.4831000E+000
1.484100e+000
 1.4851000E+000
1.486100e+000
 1.4871000E+000
1.488100e+000
 1.4891000E+000
1.490100e+000
 1.4911000E+000
1.492100e+000
 1.4931000E+000
1.494100e+000
 1.4951000E+000
1.496100e+000
 1.4971000E+000
1.498100e+000
 1.4991000E+000
1.500100e+000
 1.5011000E+000
1.502100e+000
 1.5031000E+000
1.504100e+000
 1.5051000E+000
1.506100e+000
 1.5071000E+000
1.508100e+000
 1.5091000E+000
1.510100e+000
 1.5111000E+000
1.512100e+000
 1.5131000E+000
1.514100e+000
 1.5151000E+000
1.516100e+000
 1.5171000E+000
1.518100e+000
 1.5191000E+000
1.520100e+000
 1.5211000E+000
1.522100e+000
 1.5231000E+000
1.524100e+000
 1.5251000E+000
1.526100e+000
 1.5271000E+000
1.528100e+000
 1.5291000E+000
1.530100e+000
 1.5311000E+000
1.532100e+000
 1.5331000E+000
1.534100e+000
 1.5351000E+000
1.536100e+000
 1.5371000E+000
1.538100e+000
 1.5391000E+000
1.540100e+000
 1.5411000E+000
1.542100e+000
 1.5431000E+000
1.544100e+000
 1.5451000E+000
1.546100e+000
 1.5471000E+000
1.548100e+000
 1.5491000E+000
1.550100e+000
 1.5511000E+000
1.552100e+000
 1.5531000E+000
1.554100e+000
 1.5551000E+000
1.556100e+000
 1.5571000E+000
1.558100e+000
 1.5591000E+000
1.560100e+000
 1.5611000E+000
1.562100e+000
 1.5631000E+000
1.564100e+000
 1.5651000E+000
1.566100e+000
 1.5671000E+000
1.568100e+000
 1.5691000E+000
1.570100e+000
 1.5711000E+000
1.572100e+000
 1.5731000E+000
1.574100e+000
 1.5751000E+000
1.576100e+000
 1.5771000E+000
1.578100e+000
 1.5791000E+000
1.580100e+000
 1.5811000E+000
1.582100e+000
 1.5831000E+000
1.584100e+000
 1.5851000E+000
1.586100e+000
 1.5871000E+000
1.588100e+000
 1.5891000E+000
1.590100e+000
 1.5911000E+000
1.592100e+000
 1.5931000E+000
1.594100e+000
 1.5951000E+000
1.596100e+000
 1.5971000E+000
1.598100e+000
 1.5991000E+000
1.600100e+000
 1.6011000E+000
1.602100e+000
 1.6031000E+000
1.604100e+000
 1.6051000E+000
1.606100e+000
 1.6071000E+000
1.608100e+000
 1.6091000E+000
1.610100e+000
 1.6111000E+000
1.612100e+000
 1.6131000E+000
1.614100e+000
 1.6151000E+000
1.616100e+000
 1.6171000E+000
1.618100e+000
 1.6191000E+000
1.620100e+000
 1.6211000E+000
1.622100e+000
 1.6231000E+000
1.624100e+000
 1.6251000E+000
1.626100e+000
 1.6271000E+000
1.628100e+000
 1.6291000E+000
1.630100e+000
 1.6311000E+000
1.632100e+000
 1.6331000E+000
1.634100e+000
 1.6351000E+000
1.636100e+000
 1.6371000E+000
1.638100e+000
 1.6391000E+000
1.640100e+000
 1.6411000E+000
1.642100e+000
 1.6431000E+000
1.644100e+000
 1.6451000E+000
1.646100e+000
 1.6471000E+000
1.648100e+000
 1.6491000E+000
1.650100e+000
 1.6511000E+000
1.652100e+000
 1.6531000E+000
1.654100e+000
 1.6551000E+000
1.656100e+000
 1.6571000E+000
1.658100e+000
 1.6591000E+000
1.660100e+000
 1.6611000E+000
1.662100e+000
 1.6631000E+000
1.664100e+000
 1.6651000E+000
1.666100e+000
 1.6671000E+000
1.668100e+000
 1.6691000E+000
1.670100e+000
 1.6711000E+000
1.672100e+000
 1.6731000E+000
1.674100e+000
 1.6751000E+000
1.676100e+000
 1.6771000E+000
1.678100e+000
 1.6791000E+000
1.680100e+000
 1.6811000E+000
1.682100e+000
 1.6831000E+000
1.684100e+000
 1.6851000E+000
1.686100e+000
 1.6871000E+000
1.688100e+000
 1.6891000E+000
1.690100e+000
 1.6911000E+000
1.692100e+000
 1.6931000E+000
1.694100e+000
 1.6951000E+000
1.696100e+000
 1.6971000E+000
1.698100e+000
 1.6991000E+000
1.700100e+000
 1.7011000E+000
1.702100e+000
 1.7031000E+000
1.704100e+000
 1.7051000E+000
1.706100e+000
 1.7071000E+000
1.708100e+000
 1.7091000E+000
1.710100e+000
 1.7111000E+000
1.712100e+000
 1.7131000E+000
1.714100e+000
 1.7151000E+000
1.716100e+000
 1.7171000E+000
1.718100e+000
 1.7191000E+000
1.720100e+000
 1.7211000E+000
1.722100e+000
 1.7231000E+000
1.724100e+000
 1.7251000E+000
1.726100e+000
 1.7271000E+000
1.728100e+000
 1.7291000E+000
1.730100e+000
 1.7311000E+000
1.732100e+000
 1.7331000E+000
1.734100e+000
 1.7351000E+000
1.736100e+000
 1.7371000E+000
1.738100e+000
 1.7391000E+000
1.740100e+000
 1.7411000E+000
1.742100e+000
 1.7431000E+000
1.744100e+000
 1.7451000E+000
1.746100e+000
 1.7471000E+000
1.748100e+000
 1.7491000E+000
1.750100e+000
 1.7511000E+000
1.752100e+000
 1.7531000E+000
1.754100e+000
 1.7551000E+000
1.756100e+000
 1.7571000E+000
1.758100e+000
 1.7591000E+000
1.760100e+000
 1.7611000E+000
1.762100e+000
 1.7631000E+000
1.764100e+000
 1.7651000E+000
1.766100e+000
 1.7671000E+000
1.768100e+000
 1.7691000E+000
1.770100e+000
 1.7711000E+000
1.772100e+000
 1.7731000E+000
1.774100e+000
 1.7751000E+000
1.776100e+000
 1.7771000E+000
1.778100e+000
 1.7791000E+000
1.780100e+000
 1.7811000E+000
1.782100e+000
 1.7831000E+000
1.784100e+000
 1.7851000E+000
1.786100e+000
 1.7871000E+000
1.788100e+000
 1.7891000E+000
1.790100e+000
 1.7911000E+000
1.792100e+000
 1.7931000E+000
1.794100e+000
 1.7951000E+000
1.796100e+000
 1.7971000E+000
1.798100e+000
 1.7991000E+000
1.800100e+000
 1.8011000E+000
1.802100e+000
 1.8031000E+000
1.804100e+000
 1.8051000E+000
1.806100e+000
 1.8071000E+000
1.808100e+000
 1.8091000E+000
1.810100e+000
 1.8111000E+000
1.812100e+000
 1.8131000E+000
1.814100e+000
 1.8151000E+000
1.816100e+000
 1.8171000E+000
1.818100e+000
 1.8191000E+000
1.820100e+000
 1.8211000E+000
1.822100e+000
 1.8231000E+000
1.824100e+000
 1.8251000E+000
1.826100e+000
 1.8271000E+000
1.828100e+000
 1.8291000E+000
1.830100e+000
 1.8311000E+000
1.832100e+000
 1.8331000E+000
1.834100e+000
 1.8351000E+000
1.836100e+000
 1.8371000E+000
1.838100e+000
 1.8391000E+000
1.840100e+000
 1.8411000E+000
1.842100e+000
 1.8431000E+000
1.844100e+000
 1.8451000E+000
1.846100e+000
 1.8471000E+000
1.848100e+000
 1.8491000E+000
1.850100e+000
 1.8511000E+000
1.852100e+000
 1.8531000E+000
1.854100e+000
 1.8551000E+000
1.856100e+000
 1.8571000E+000
1.858100e+000
 1.8591000E+000
1.860100e+000
 1.8611000E+000
1.862100e+000
 1.8631000E+000
1.864100e+000
 1.8651000E+000
1.866100e+000
 1.8671000E+000
1.868100e+000
 1.8691000E+000
1.870100e+000
 1.8711000E+000
1.872100e+000
 1.8731000E+000
1.874100e+000
 1.8751000E+000
1.876100e+000
 1.8771000E+000
1.878100e+000
 1.8791000E+000
1.880100e+000
 1.8811000E+000
1.882100e+000
 1.8831000E+000
1.884100e+000
 1.8851000E+000
1.886100e+000
 1.8871000E+000
1.888100e+000
 1.8891000E+000
1.890100e+000
 1.8911000E+000
1.892100e+000
 1.8931000E+000
1.894100e+000
 1.8951000E+000
1.896100e+000
 1.8971000E+000
1.898100e+000
 1.8991000E+000
1.900100e+000
 1.9011000E+000
1.902100e+000
 1.9031000E+000
1.904100e+000
 1.9051000E+000
1.906100e+000
 1.9071000E+000
1.908100e+000
 1.9091000E+000
1.910100e+000
 1.9111000E+000
1.912100e+000
 1.9131000E+000
1.914100e+000
 1.9151000E+000
1.916100e+000
 1.9171000E+000
1.918100e+000
 1.9191000E+000
1.920100e+000
 1.9211000E+000
1.922100e+000
 1.9231000E+000
1.924100e+000
 1.9251000E+000
1.926100e+000
 1.9271000E+000
1.928100e+000
 1.9291000E+000
1.930100e+000
 1.9311000E+000
1.932100e+000
 1.9331000E+000
1.934100e+000
 1.9351000E+000
1.936100e+000
 1.9371000E+000
1.938100e+000
 1.9391000E+000
1.940100e+000
 1.9411000E+000
1.942100e+000
 1.9431000E+000
1.944100e+000
 1.9451000E+000
1.946100e+000
 1.9471000E+000
1.948100e+000
 1.9491000E+000
1.950100e+000
 1.9511000E+000
1.952100e+000
 1.9531000E+000
1.954100e+000
 1.9551000E+000
1.956100e+000
 1.9571000E+000
1.958100e+000
 1.9591000E+000
1.960100e+000
 1.9611000E+000
1.962100e+000
 1.9631000E+000
1.964100e+000
 1.9651000E+000
1.966100e+000
 1.9671000E+000
1.968100e+000
 1.9691000E+000
1.970100e+000
 1.9711000E+000
1.972100e+000
 1.9731000E+000
1.974100e+000
 1.9751000E+000
1.976100e+000
 1.9771000E+000
1.978100e+000
 1.9791000E+000
1.980100e+000
 1.9811000E+000
1.982100e+000
 1.9831000E+000
1.984100e+000
 1.9851000E+000
1.986100e+000
 1.9871000E+000
1.988100e+000
 1.9891000E+000
1.990100e+000
 1.9911000E+000
1.992100e+000
 1.9931000E+000
1.994100e+000
 1.9951000E+000
1.996100e+000
 1.9971000E+000
1.998100e+000
 1.9991000E+000
2.000100e+000
 2.0011000E+000
2.002100e+000
 2.0031000E+000
2.004100e+000
 2.0051000E+000
2.006100e+000
 2.0071000E+000
2.008100e+000
 2.0091000E+000
2.010100e+000
 2.0111000E+000
2.012100e+000
 2.0131000E+000
2.014100e+000
 2.0151000E+000
2.016100e+000
 2.0171000E+000
2.018100e+000
 2.0191000E+000
2.020100e+000
 2.0211000E+000
2.022100e+000
 2.0231000E+000
2.024100e+000
 2.0251000E+000
2.026100e+000
 2.0271000E+000
2.028100e+000
 2.0291000E+000
2.030100e+000
 2.0311000E+000
2.032100e+000
 2.0331000E+000
2.034100e+000
 2.0351000E+000
2.036100e+000
 2.0371000E+000
2.038100e+000
 2.0391000E+000
2.040100e+000
 2.0411000E+000
2.042100e+000
 2.0431000E+000
2.044100e+000
 2.0451000E+000
2.046100e+000
 2.0471000E+000
2.048100e+000
 2.0491000E+000
2.050100e+000
 2.0511000E+000
2.052100e+000
 2.0531000E+000
2.054100e+000
 2.0551000E+000
2.056100e+000
 2.0571000E+000
2.058100e+000
 2.0591000E+000
2.060100e+000
 2.0611000E+000
2.062100e+000
 2.0631000E+000
2.064100e+000
 2.0651000E+000
2.066100e+000
 2.0671000E+000
2.068100e+000
 2.0691000E+000
2.070100e+000
 2.0711000E+000
2.072100e+000
 2.0731000E+000
2.074100e+000
 2.0751000E+000
2.076100e+000
 2.0771000E+000
2.078100e+000
 2.0791000E+000
2.080100e+000
 2.0811000E+000
2.082100e+000
 2.0831000E+000
2.084100e+000
 2.0851000E+000
2.086100e+000
 2.0871000E+000
2.088100e+000
 2.0891000E+000
2.090100e+000
 2.0911000E+000
2.092100e+000
 2.0931000E+000
2.094100e+000
 2.0951000E+000
2.096100e+000
 2.0971000E+000
2.098100e+000
 2.0991000E+000
2.100100e+000
 2.1011000E+000
2.102100e+000
 2.1031000E+000
2.104100e+000
 2.1051000E+000
2.106100e+000
 2.1071000E+000
2.108100e+000
 2.1091000E+000
2.110100e+000
 2.1111000E+000
2.112100e+000
 2.1131000E+000
2.114100e+000
 2.1151000E+000
2.116100e+000
 2.1171000E+000
2.118100e+000
 2.1191000E+000
2.120100e+000
 2.1211000E+000
2.122100e+000
 2.1231000E+000
2.124100e+000
 2.1251000E+000
2.126100e+000
 2.1271000E+000
2.128100e+000
 2.1291000E+000
2.130100e+000
 2.1311000E+000
2.132100e+000
 2.1331000E+000
2.134100e+000
 2.1351000E+000
2.136100e+000
 2.1371000E+000
2.138100e+000
 2.1391000E+000
2.140100e+000
 2.1411000E+000
2.142100e+000
 2.1431000E+000
2.144100e+000
 2.1451000E+000
2.146100e+000
 2.1471000E+000
2.148100e+000
 2.1491000E+000
2.150100e+000
 2.1511000E+000
2.152100e+000
 2.1531000E+000
2.154100e+000
 2.1551000E+000
2.156100e+000
 2.1571000E+000
2.158100e+000
 2.1591000E+000
2.160100e+000
 2.1611000E+000
2.162100e+000
 2.1631000E+000
2.164100e+000
 2.1651000E+000
2.166100e+000
 2.1671000E+000
2.168100e+000
 2.1691000E+000
2.170100e+000
 2.1711000E+000
2.172100e+000
 2.1731000E+000
2.174100e+000
 2.1751000E+000
2.176100e+000
 2.1771000E+000
2.178100e+000
 2.1791000E+000
2.180100e+000
 2.1811000E+000
2.182100e+000
 2.1831000E+000
2.184100e+000
 2.1851000E+000
2.186100e+000
 2.1871000E+000
2.188100e+000
 2.1891000E+000
2.190100e+000
 2.1911000E+000
2.192100e+000
 2.1931000E+000
2.194100e+000
 2.1951000E+000
2.196100e+000
 2.1971000E+000
2.198100e+000
 2.1991000E+000
2.200100e+000
 2.2011000E+000
2.202100e+000
 2.2031000E+000
2.204100e+000
 2.2051000E+000
2.206100e+000
 2.2071000E+000
2.208100e+000
 2.2091000E+000
2.210100e+000
 2.2111000E+000
2.212100e+000
 2.2131000E+000
2.214100e+000
 2.2151000E+000
2.216100e+000
 2.2171000E+000
2.218100e+000
 2.2191000E+000
2.220100e+000
 2.2211000E+000
2.222100e+000
 2.2231000E+000
2.224100e+000
 2.2251000E+000
2.226100e+000
 2.2271000E+000
2.228100e+000
 2.2291000E+000
2.230100e+000
 2.2311000E+000
2.232100e+000
 2.2331000E+000
2.234100e+000
 2.2351000E+000
2.236100e+000
 2.2371000E+000
2.238100e+000
 2.2391000E+000
2.240100e+000
 2.2411000E+000
2.242100e+000
 2.2431000E+000
2.244100e+000
 2.2451000E+000
2.246100e+000
 2.2471000E+000
2.248100e+000
 2.2491000E+000
2.250100e+000
 2.2511000E+000
2.252100e+000
 2.2531000E+000
2.254100e+000
 2.2551000E+000
2.256100e+000
 2.2571000E+000
2.258100e+000
 2.2591000E+000
2.260100e+000
 2.2611000E+000
2.262100e+000
 2.2631000E+000
2.264100e+000
 2.2651000E+000
2.266100e+000
 2.2671000E+000
2.268100e+000
 2.2691000E+000
2.270100e+000
 2.2711000E+000
2.272100e+000
 2.2731000E+000
2.274100e+000
 2.2751000E+000
2.276100e+000
 2.2771000E+000
2.278100e+000
 2.2791000E+000
2.280100e+000
 2.2811000E+000
2.282100e+000
 2.2831000E+000
2.284100e+000
 2.2851000E+000
2.286100e+000
 2.2871000E+000
2.288100e+000
 2.2891000E+000
2.290100e+000
 2.2911000E+000
2.292100e+000
 2.2931000E+000
2.294100e+000
 2.2951000E+000
2.296100e+000
 2.2971000E+000
2.298100e+000
 2.2991000E+000
2.300100e+000
 2.3011000E+000
2.302100e+000
 2.3031000E+000
2.304100e+000
 2.3051000E+000
2.306100e+000
 2.3071000E+000
2.308100e+000
 2.3091000E+000
2.310100e+000
 2.3111000E+000
2.312100e+000
 2.3131000E+000
2.314100e+000
 2.3151000E+000
2.316100e+000
 2.3171000E+000
2.318100e+000
 2.3191000E+000
2.320100e+000
 2.3211000E+000
2.322100e+000
 2.3231000E+000
2.324100e+000
 2.3251000E+000
2.326100e+000
 2.3271000E+000
2.328100e+000
 2.3291000E+000
2.330100e+000
 2.3311000E+000
2.332100e+000
 2.3331000E+000
2.334100e+000
 2.3351000E+000
2.336100e+000
 2.3371000E+000
2.338100e+000
 2.3391000E+000
2.340100e+000
 2.3411000E+000
2.342100e+000
 2.3431000E+000
2.344100e+000
 2.3451000E+000
2.346100e+000
 2.3471000E+000
2.348100e+000
 2.3491000E+000
2.350100e+000
 2.3511000E+000
2.352100e+000
 2.3531000E+000
2.354100e+000
 2.3551000E+000
2.356100e+000
 2.3571000E+000
2.358100e+000
 2.3591000E+000
2.360100e+000
 2.3611000E+000
2.362100e+000
 2.3631000E+000
2.364100e+000
 2.3651000E+000
2.366100e+000
 2.3671000E+000
2.368100e+000
 2.3691000E+000
2.370100e+000
 2.3711000E+000
2.372100e+000
 2.3731000E+000
2.374100e+000
 2.3751000E+000
2.376100e+000
 2.3771000E+000
2.378100e+000
 2.3791000E+000
2.380100e+000
 2.3811000E+000
2.382100e+000
 2.3831000E+000
2.384100e+000
 2.3851000E+000
2.386100e+000
 2.3871000E+000
2.388100e+000
 2.3891000E+000
2.390100e+000
 2.3911000E+000
2.392100e+000
 2.3931000E+000
2.394100e+000
 2.3951000E+000
2.396100e+000
 2.3971000E+000
2.398100e+000
 2.3991000E+000
2.400100e+000
 2.4011000E+000
2.402100e+000
 2.4031000E+000
2.404100e+000
 2.4051000E+000
2.406100e+000
 2.4071000E+000
2.408100e+000
 2.4091000E+000
2.410100e+000
 2.4111000E+000
2.412100e+000
 2.4131000E+000
2.414100e+000
 2.4151000E+000
2.416100e+000
 2.4171000E+000
2.418100e+000
 2.4191000E+000
2.420100e+000
 2.4211000E+000
2.422100e+000
 2.4231000E+000
2.424100e+000
 2.4251000E+000
2.426100e+000
 2.4271000E+000
2.428100e+000
 2.4291000E+000
2.430100e+000
 2.4311000E+000
2.432100e+000
 2.4331000E+000
2.434100e+000
 2.4351000E+000
2.436100e+000
 2.4371000E+000
2.438100e+000
 2.4391000E+000
2.440100e+000
 2.4411000E+000
2.442100e+000
 2.4431000E+000
2.444100e+000
 2.4451000E+000
2.446100e+000
 2.4471000E+000
2.448100e+000
 2.4491000E+000
2.450100e+000
 2.4511000E+000
2.452100e+000
 2.4531000E+000
2.454100e+000
 2.4551000E+000
2.456100e+000
 2.4571000E+000
2.458100e+000
 2.4591000E+000
2.460100e+000
 2.4611000E+000
2.462100e+000
 2.4631000E+000
2.464100e+000
 2.4651000E+000
2.466100e+000
 2.4671000E+000
2.468100e+000
 2.4691000E+000
2.470100e+000
 2.4711000E+000
2.472100e+000
 2.4731000E+000
2.474100e+000
 2.4751000E+000
2.476100e+000
 2.4771000E+000
2.478100e+000
 2.4791000E+000
2.480100e+000
 2.4811000E+000
2.482100e+000
 2.4831000E+000
2.484100e+000
 2.4851000E+000
2.486100e+000
 2.4871000E+000
2.488100e+000
 2.4891000E+000
2.490100e+000
 2.4911000E+000
2.492100e+000
 2.4931000E+000
2.494100e+000
 2.4951000E+000
2.496100e+000
 2.4971000E+000
2.498100e+000
 2.4991000E+000
2.500100e+000
 2.5011000E+000
2.502100e+000
 2.5031000E+000
2.504100e+000
 2.5051000E+000
2.506100e+000
 2.5071000E+000
2.508100e+000
 2.5091000E+000
2.510100e+000
 2.5111000E+000
2.512100e+000
 2.5131000E+000
2.514100e+000
 2.5151000E+000
2.516100e+000
 2.5171000E+000
2.518100e+000
 2.5191000E+000
2.520100e+000
 2.5211000E+000
2.522100e+000
 2.5231000E+000
2.524100e+000
 2.5251000E+000
2.526100e+000
 2.5271000E+000
2.528100e+000
 2.5291000E+000
2.530100e+000
 2.5311000E+000
2.532100e+000
 2.5331000E+000
2.534100e+000
 2.5351000E+000
2.536100e+000
 2.5371000E+000
2.538100e+000
 2.5391000E+000
2.540100e+000
 2.5411000E+000
2.542100e+000
 2.5431000E+000
2.544100e+000
 2.5451000E+000
2.546100e+000
 2.5471000E+000
2.548100e+000
 2.5491000E+000
2.550100e+000
 2.5511000E+000
2.552100e+000
 2.5531000E+000
2.554100e+000
 2.5551000E+000
2.556100e+000
 2.5571000E+000
2.558100e+000
 2.5591000E+000
2.560100e+000
 2.5611000E+000
2.562100e+000
 2.5631000E+000
2.564100e+000
 2.5651000E+000
2.566100e+000
 2.5671000E+000
2.568100e+000
 2.5691000E+000
2.570100e+000
 2.5711000E+000
2.572100e+000
 2.5731000E+000
2.574100e+000
 2.5751000E+000
2.576100e+000
 2.5771000E+000
2.578100e+000
 2.5791000E+000
2.580100e+000
 2.5811000E+000
2.582100e+000
 2.5831000E+000
2.584100e+000
 2.5851000E+000
2.586100e+000
 2.5871000E+000
2.588100e+000
 2.5891000E+000
2.590100e+000
 2.5911000E+000
2.592100e+000
 2.5931000E+000
2.594100e+000
 2.5951000E+000
2.596100e+000
 2.5971000E+000
2.598100e+000
 2.5991000E+000
2.600100e+000
 2.6011000E+000
2.602100e+000
 2.6031000E+000
2.604100e+000
 2.6051000E+000
2.606100e+000
 2.6071000E+000
2.608100e+000
 2.6091000E+000
2.610100e+000
 2.6111000E+000
2.612100e+000
 2.6131000E+000
2.614100e+000
 2.6151000E+000
2.616100e+000
 2.6171000E+000
2.618100e+000
 2.6191000E+000
2.620100e+000
 2.6211000E+000
2.622100e+000
 2.6231000E+000
2.624100e+000
 2.6251000E+000
2.626100e+000
 2.6271000E+000
2.628100e+000
 2.6291000E+000
2.630100e+000
 2.6311000E+000
2.632100e+000
 2.6331000E+000
2.634100e+000
 2.6351000E+000
2.636100e+000
 2.6371000E+000
2.638100e+000
 2.6391000E+000
2.640100e+000
 2.6411000E+000
2.642100e+000
 2.6431000E+000
2.644100e+000
 2.6451000E+000
2.646100e+000
 2.6471000E+000
2.648100e+000
 2.6491000E+000
2.650100e+000
 2.6511000E+000
2.652100e+000
 2.6531000E+000
2.654100e+000
 2.6551000E+000
2.656100e+000
 2.6571000E+000
2.658100e+000
 2.6591000E+000
2.660100e+000
 2.6611000E+000
2.662100e+000
 2.6631000E+000
2.664100e+000
 2.6651000E+000
2.666100e+000
 2.6671000E+000
2.668100e+000
 2.6691000E+000
2.670100e+000
 2.6711000E+000
2.672100e+000
 2.6731000E+000
2.674100e+000
 2.6751000E+000
2.676100e+000
 2.6771000E+000
2.678100e+000
 2.6791000E+000
2.680100e+000
 2.6811000E+000
2.682100e+000
 2.6831000E+000
2.684100e+000
 2.6851000E+000
2.686100e+000
 2.6871000E+000
2.688100e+000
 2.6891000E+000
2.690100e+000
 2.6911000E+000
2.692100e+000
 2.6931000E+000
2.694100e+000
 2.6951000E+000
2.696100e+000
 2.6971000E+000
2.698100e+000
 2.6991000E+000
2.700100e+000
 2.7011000E+000
2.702100e+000
 2.7031000E+000
2.704100e+000
 2.7051000E+000
2.706100e+000
 2.7071000E+000
2.708100e+000
 2.7091000E+000
2.710100e+000
 2.7111000E+000
2.712100e+000
 2.7131000E+000
2.714100e+000
 2.7151000E+000
2.716100e+000
 2.7171000E+000
2.718100e+000
 2.7191000E+000
2.720100e+000
 2.7211000E+000
2.722100e+000
 2.7231000E+000
2.724100e+000
 2.7251000E+000
2.726100e+000
 2.7271000E+000
2.728100e+000
 2.7291000E+000
2.730100e+000
 2.7311000E+000
2.732100e+000
 2.7331000E+000
2.734100e+000
 2.7351000E+000
2.736100e+000
 2.7371000E+000
2.738100e+000
 2.7391000E+000
2.740100e+000
 2.7411000E+000
2.742100e+000
 2.7431000E+000
2.744100e+000
 2.7451000E+000
2.746100e+000
 2.7471000E+000
2.748100e+000
 2.7491000E+000
2.750100e+000
 2.7511000E+000
2.752100e+000
 2.7531000E+000
2.754100e+000
 2.7551000E+000
2.756100e+000
 2.7571000E+000
2.758100e+000
 2.7591000E+000
2.760100e+000
 2.7611000E+000
2.762100e+000
 2.7631000E+000
2.764100e+000
 2.7651000E+000
2.766100e+000
 2.7671000E+000
2.768100e+000
 2.7691000E+000
2.770100e+000
 2.7711000E+000
2.772100e+000
 2.7731000E+000
2.774100e+000
 2.7751000E+000
2.776100e+000
 2.7771000E+000
2.778100e+000
 2.7791000E+000
2.780100e+000
 2.7811000E+000
2.782100e+000
 2.7831000E+000
2.784100e+000
 2.7851000E+000
2.786100e+000
 2.7871000E+000
2.788100e+000
 2.7891000E+000
2.790100e+000
 2.7911000E+000
2.792100e+000
 2.7931000E+000
2.794100e+000
 2.7951000E+000
