-8.7884557E-002
-7.4680132E-002
-2.4338031E-002
1.1907849E-002
3.9960973E-002
6.4507378E-002
8.4042618E-002
2.2057053E-002
-5.3854492E-002
-5.8102926E-002
-5.8036397E-001
-1.8006713E+000
-4.3059284E+000
-8.0290024E+000
-1.2648561E+001
-1.7785947E+001
-2.3203346E+001
-2.8790246E+001
-3.4782286E+001
-4.1310851E+001
-4.8014013E+001
-5.4775953E+001
-6.1748757E+001
-6.8770564E+001
-7.5594478E+001
-8.2524448E+001
-8.9501186E+001
-9.6472019E+001
-1.0343302E+002
-1.1036355E+002
-1.1720811E+002
-1.2401132E+002
-1.3076172E+002
-1.3745752E+002
-1.4401250E+002
-1.5022037E+002
-1.5610093E+002
-1.6155414E+002
-1.6645512E+002
-1.7064589E+002
-1.7396206E+002
-1.7617096E+002
-1.7704995E+002
-1.7633468E+002
-1.7377297E+002
-1.6910026E+002
-1.6214086E+002
-1.5278919E+002
-1.4114022E+002
-1.2736164E+002
-1.1198066E+002
-9.5630215E+001
-7.9084494E+001
-6.3309157E+001
-4.9040553E+001
-3.6930746E+001
-2.7305162E+001
-2.0447096E+001
-1.6117487E+001
-1.3737749E+001
-1.2879998E+001
-1.2556848E+001
-1.1781288E+001
-9.3068300E+000
-1.7523563E+000
5.5747163E+000
1.5754551E+001
2.5289005E+001
3.3855455E+001
4.1878847E+001
4.9112925E+001
5.5311626E+001
6.0306470E+001
6.3980128E+001
6.6376402E+001
6.7624437E+001
6.8064168E+001
6.7846461E+001
6.7181668E+001
6.6184572E+001
6.4968702E+001
6.3610702E+001
6.1989485E+001
6.0057860E+001
5.8558943E+001
5.7058576E+001
5.5611118E+001
5.4159015E+001
5.2816314E+001
5.1450689E+001
5.0214819E+001
4.8927938E+001
4.7809627E+001
4.6649803E+001
4.5549942E+001
4.4513301E+001
4.3537986E+001
4.2623927E+001
4.1579759E+001
4.0969013E+001
4.1066535E+001
3.7851653E+001
3.8166652E+001
3.8391685E+001
3.7032456E+001
3.6329405E+001
3.5696175E+001
3.5059116E+001
3.4436033E+001
3.3862816E+001
3.3265219E+001
3.2729504E+001
3.2188681E+001
3.1646096E+001
3.1167117E+001
3.0652830E+001
3.0248557E+001
2.9942668E+001
2.9393129E+001
2.8813466E+001
2.8337550E+001
2.8011133E+001
2.7641385E+001
2.7264470E+001
2.6885223E+001
2.6507388E+001
2.6167451E+001
2.5815770E+001
2.5477799E+001
2.5155556E+001
2.4840552E+001
2.4521382E+001
2.4218204E+001
2.3931396E+001
2.3644250E+001
2.3344740E+001
2.3087243E+001
2.2807371E+001
2.2555076E+001
2.2283458E+001
2.2047689E+001
2.1799981E+001
2.1551955E+001
2.1332345E+001
2.1084894E+001
2.0859135E+001
2.0659855E+001
2.0423205E+001
2.0226210E+001
2.0014998E+001
1.9806172E+001
1.9621612E+001
1.9420936E+001
1.9230955E+001
1.9032152E+001
1.8868168E+001
1.8671585E+001
1.8501516E+001
1.8334504E+001
1.8152628E+001
1.7985945E+001
1.7837003E+001
1.7664531E+001
1.7502848E+001
1.7362333E+001
1.7195315E+001
1.7048986E+001
1.6914637E+001
1.6759050E+001
1.6614162E+001
1.6474773E+001
1.6336088E+001
1.6206732E+001
1.6081753E+001
1.5926274E+001
1.5807587E+001
1.5665221E+001
1.5529396E+001
1.5488482E+001
1.5284970E+001
1.5210545E+001
1.5075853E+001
1.4973209E+001
1.4856616E+001
1.4727377E+001
1.4610332E+001
1.4492167E+001
1.4368909E+001
1.4255209E+001
1.4155201E+001
1.4072230E+001
1.3984740E+001
1.3921584E+001
1.3845315E+001
1.3760418E+001
1.3664526E+001
1.3552529E+001
1.3452732E+001
1.3342211E+001
1.3239811E+001
1.3133888E+001
1.3052371E+001
1.2965210E+001
1.2876483E+001
1.2806708E+001
1.2724944E+001
1.2640532E+001
1.2565961E+001
1.2479769E+001
1.2406563E+001
1.2323680E+001
1.2239709E+001
1.2164747E+001
1.2083335E+001
1.2010846E+001
1.1930985E+001
1.1860531E+001
1.1783324E+001
1.1713328E+001
1.1634778E+001
1.1572062E+001
1.1499466E+001
1.1435551E+001
1.1365904E+001
1.1303524E+001
1.1237051E+001
1.1176418E+001
1.1112835E+001
1.1050966E+001
1.0994090E+001
1.0934023E+001
1.0876837E+001
1.0819447E+001
1.0761782E+001
1.0707130E+001
1.0651759E+001
1.0597186E+001
1.0543497E+001
1.0488614E+001
1.0435071E+001
1.0382066E+001
1.0329370E+001
1.0277585E+001
1.0224963E+001
1.0172696E+001
1.0120796E+001
1.0069222E+001
1.0018032E+001
9.9663935E+000
9.9157297E+000
9.8656931E+000
9.8159645E+000
9.7653480E+000
9.7151603E+000
9.6669743E+000
9.6184045E+000
9.5695855E+000
9.5187234E+000
9.4724890E+000
9.4261098E+000
9.3766306E+000
9.3303249E+000
9.2859660E+000
9.2399977E+000
9.1956929E+000
9.1489531E+000
9.1006183E+000
9.0634227E+000
9.0053164E+000
8.9958337E+000
8.9380134E+000
8.8785162E+000
8.8417867E+000
8.8058918E+000
8.7650756E+000
8.7189512E+000
8.6829585E+000
8.6386590E+000
8.6029749E+000
8.5609134E+000
8.5227545E+000
8.4865853E+000
8.4461231E+000
8.4116024E+000
8.3791276E+000
8.3405863E+000
8.3039797E+000
8.2687276E+000
8.2315040E+000
8.1929054E+000
8.1557416E+000
8.1201651E+000
8.0840370E+000
8.0531278E+000
8.0316579E+000
8.0169199E+000
8.0100015E+000
8.0114844E+000
8.0181482E+000
8.0365939E+000
8.0621824E+000
8.0882895E+000
8.1054799E+000
8.1103898E+000
8.1217550E+000
8.1513788E+000
8.1189971E+000
8.0672146E+000
8.0164252E+000
7.9621929E+000
7.9048124E+000
7.8250614E+000
7.7448274E+000
7.6698816E+000
7.6001712E+000
7.5405549E+000
7.4856111E+000
7.4346234E+000
7.3881582E+000
7.3463708E+000
7.3091844E+000
7.2774136E+000
7.2487485E+000
7.2217705E+000
7.1967576E+000
7.1721922E+000
7.1464768E+000
7.1191677E+000
7.0900454E+000
7.0570665E+000
7.0206952E+000
6.9816855E+000
6.9405199E+000
6.8978995E+000
6.8544719E+000
6.8108119E+000
6.7674618E+000
6.7250147E+000
6.6839540E+000
6.6444480E+000
6.6062206E+000
6.5692134E+000
6.5334707E+000
6.4989439E+000
6.4651705E+000
6.4335925E+000
6.4028843E+000
6.3666062E+000
6.3348669E+000
6.3124155E+000
6.2938533E+000
6.2671654E+000
6.2344467E+000
6.2050948E+000
6.1774523E+000
6.1503610E+000
6.1234309E+000
6.0968283E+000
6.0700398E+000
6.0426165E+000
6.0150042E+000
5.9874731E+000
5.9601949E+000
5.9332566E+000
5.9066922E+000
5.8804718E+000
5.8544167E+000
5.8285755E+000
5.8030510E+000
5.7778470E+000
5.7529699E+000
5.7284123E+000
5.7040689E+000
5.6798935E+000
5.6558731E+000
5.6319626E+000
5.6081572E+000
5.5845023E+000
5.5609852E+000
5.5376112E+000
5.5144647E+000
5.4914985E+000
5.4686303E+000
5.4459061E+000
5.4233481E+000
5.4009588E+000
5.3788078E+000
5.3569393E+000
5.3352884E+000
5.3138058E+000
5.2924448E+000
5.2712233E+000
5.2501719E+000
5.2293545E+000
5.2087833E+000
5.1884272E+000
5.1679864E+000
5.1475889E+000
5.1284533E+000
5.1096763E+000
5.0894179E+000
5.0689266E+000
5.0491532E+000
5.0297411E+000
5.0105313E+000
4.9914396E+000
4.9724468E+000
4.9535471E+000
4.9347613E+000
4.9160926E+000
4.8975139E+000
4.8790378E+000
4.8606957E+000
4.8424224E+000
4.8241697E+000
4.8060677E+000
4.7880885E+000
4.7698475E+000
4.7518315E+000
4.7352799E+000
4.7187962E+000
4.7005451E+000
4.6819078E+000
4.6639522E+000
4.6464486E+000
4.6292392E+000
4.6121387E+000
4.5951209E+000
4.5782398E+000
4.5615089E+000
4.5449281E+000
4.5282629E+000
4.5113571E+000
4.4954022E+000
4.4809699E+000
4.4657113E+000
4.4487930E+000
4.4320716E+000
4.4160830E+000
4.4004067E+000
4.3849435E+000
4.3697055E+000
4.3545439E+000
4.3391441E+000
4.3241263E+000
4.3105721E+000
4.2971543E+000
4.2819610E+000
4.2660586E+000
4.2508081E+000
4.2360997E+000
4.2217318E+000
4.2073113E+000
4.1925736E+000
4.1784847E+000
4.1656590E+000
4.1522986E+000
4.1372389E+000
4.1220146E+000
4.1076291E+000
4.0935109E+000
4.0793379E+000
4.0659028E+000
4.0535923E+000
4.0407131E+000
4.0262258E+000
4.0115420E+000
3.9976477E+000
3.9840650E+000
3.9704470E+000
3.9574773E+000
3.9456891E+000
3.9337422E+000
3.9203333E+000
3.9062463E+000
3.8924552E+000
3.8794548E+000
3.8678460E+000
3.8566232E+000
3.8439748E+000
3.8303919E+000
3.8173677E+000
3.8049108E+000
3.7924439E+000
3.7800582E+000
3.7685972E+000
3.7580172E+000
3.7467010E+000
3.7341435E+000
3.7213595E+000
3.7089397E+000
3.6973527E+000
3.6869438E+000
3.6766286E+000
3.6650655E+000
3.6526961E+000
3.6405260E+000
3.6288477E+000
3.6182359E+000
3.6084909E+000
3.5978460E+000
3.5858378E+000
3.5741608E+000
3.5638140E+000
3.5536913E+000
3.5425932E+000
3.5308623E+000
3.5192764E+000
3.5080657E+000
3.4977712E+000
3.4883357E+000
3.4782677E+000
3.4669052E+000
3.4555754E+000
3.4455554E+000
3.4360955E+000
3.4256240E+000
3.4143309E+000
3.4038570E+000
3.3945311E+000
3.3849764E+000
3.3743460E+000
3.3635176E+000
3.3537329E+000
3.3446968E+000
3.3351190E+000
3.3247988E+000
3.3143601E+000
3.3041452E+000
3.2943938E+000
3.2854167E+000
3.2768893E+000
3.2676135E+000
3.2574398E+000
3.2475502E+000
3.2386593E+000
3.2301132E+000
3.2208247E+000
3.2109005E+000
3.2013646E+000
3.1925131E+000
3.1839398E+000
3.1752696E+000
3.1663968E+000
3.1570644E+000
3.1473056E+000
3.1379074E+000
3.1293280E+000
3.1210808E+000
3.1122545E+000
3.1028796E+000
3.0938397E+000
3.0854967E+000
3.0773473E+000
3.0686701E+000
3.0595553E+000
3.0508028E+000
3.0426739E+000
3.0347125E+000
3.0263413E+000
3.0176367E+000
3.0091814E+000
3.0011568E+000
2.9933555E+000
2.9855130E+000
2.9775930E+000
2.9694849E+000
2.9611550E+000
2.9528280E+000
2.9448345E+000
2.9371638E+000
2.9295550E+000
2.9218929E+000
2.9141464E+000
2.9062552E+000
2.8982368E+000
2.8903611E+000
2.8827975E+000
2.8754407E+000
2.8679641E+000
2.8603128E+000
2.8526515E+000
2.8451475E+000
2.8377885E+000
2.8304650E+000
2.8231382E+000
2.8158153E+000
2.8085100E+000
2.8012229E+000
2.7939441E+000
2.7866663E+000
2.7793987E+000
2.7721823E+000
2.7650279E+000
2.7579164E+000
2.7508161E+000
2.7437246E+000
2.7366495E+000
2.7295963E+000
2.7225658E+000
2.7155617E+000
2.7085850E+000
2.7016391E+000
2.6947316E+000
2.6878621E+000
2.6810113E+000
2.6741607E+000
2.6673211E+000
2.6605823E+000
2.6539861E+000
2.6474892E+000
2.6409374E+000
2.6342974E+000
2.6276245E+000
2.6210179E+000
2.6144867E+000
2.6080123E+000
2.6015764E+000
2.5951730E+000
2.5887533E+000
2.5822899E+000
2.5758176E+000
2.5695147E+000
2.5634375E+000
2.5574835E+000
2.5513518E+000
2.5449893E+000
2.5385095E+000
2.5321187E+000
2.5258375E+000
2.5196333E+000
2.5134670E+000
2.5073343E+000
2.5012056E+000
2.4950566E+000
2.4888974E+000
2.4828396E+000
2.4769492E+000
2.4711974E+000
2.4653775E+000
2.4594001E+000
2.4532958E+000
2.4472237E+000
2.4412356E+000
2.4353229E+000
2.4294521E+000
2.4236143E+000
2.4178150E+000
2.4120727E+000
2.4063909E+000
2.4007335E+000
2.3949992E+000
2.3891710E+000
2.3833857E+000
2.3779873E+000
2.3730265E+000
2.3682343E+000
2.3629812E+000
2.3571802E+000
2.3510531E+000
2.3451038E+000
2.3394013E+000
2.3338895E+000
2.3284400E+000
2.3230345E+000
2.3176617E+000
2.3122942E+000
2.3069280E+000
2.3015685E+000
2.2962312E+000
2.2909184E+000
2.2856329E+000
2.2803835E+000
2.2751719E+000
2.2699886E+000
2.2647972E+000
2.2595890E+000
2.2543811E+000
2.2492565E+000
2.2442407E+000
2.2393125E+000
2.2343346E+000
2.2292512E+000
2.2240733E+000
2.2189033E+000
2.2137982E+000
2.2087571E+000
2.2037597E+000
2.1987899E+000
2.1938470E+000
2.1889257E+000
2.1840198E+000
2.1791290E+000
2.1742606E+000
2.1694276E+000
2.1646312E+000
2.1598557E+000
2.1550573E+000
2.1502280E+000
2.1454010E+000
2.1407453E+000
2.1363138E+000
2.1320481E+000
2.1273746E+000
2.1219665E+000
2.1158571E+000
2.1098803E+000
2.1048969E+000
2.1009392E+000
2.0975727E+000
2.0939499E+000
2.0899735E+000
2.0856827E+000
2.0812341E+000
2.0766686E+000
2.0720018E+000
2.0673816E+000
2.0628913E+000
2.0585292E+000
2.0542292E+000
2.0499114E+000
2.0455711E+000
2.0412163E+000
2.0368694E+000
2.0325344E+000
2.0282106E+000
2.0238929E+000
2.0195791E+000
2.0152696E+000
2.0109783E+000
2.0067206E+000
2.0024971E+000
1.9982866E+000
1.9940267E+000
1.9897059E+000
1.9853467E+000
1.9811580E+000
1.9772536E+000
1.9736254E+000
1.9697972E+000
1.9650402E+000
1.9592962E+000
1.9528850E+000
1.9473721E+000
1.9432361E+000
1.9404319E+000
1.9380519E+000
1.9352040E+000
1.9318521E+000
1.9280774E+000
1.9241446E+000
1.9201088E+000
1.9159856E+000
1.9120008E+000
1.9083256E+000
1.9049629E+000
1.9015827E+000
1.8972838E+000
1.8919163E+000
1.8855917E+000
1.8797264E+000
1.8753146E+000
1.8723712E+000
1.8704200E+000
1.8681437E+000
1.8653163E+000
1.8619548E+000
1.8582896E+000
1.8545010E+000
1.8505945E+000
1.8466595E+000
1.8430071E+000
1.8397040E+000
1.8367207E+000
1.8333380E+000
1.8288017E+000
1.8230799E+000
1.8165322E+000
1.8110979E+000
1.8074299E+000
1.8055086E+000
1.8042543E+000
1.8018274E+000
1.7980520E+000
1.7930523E+000
1.7881670E+000
1.7842321E+000
1.7812569E+000
1.7789758E+000
1.7764560E+000
1.7734923E+000
1.7700935E+000
1.7665681E+000
1.7633318E+000
1.7604130E+000
1.7577205E+000
1.7543566E+000
1.7498099E+000
1.7440783E+000
1.7376554E+000
1.7323972E+000
1.7287383E+000
1.7266638E+000
1.7254900E+000
1.7240864E+000
1.7223473E+000
1.7202440E+000
1.7172895E+000
1.7130880E+000
1.7076321E+000
1.7012019E+000
1.6956589E+000
1.6917675E+000
1.6895245E+000
1.6885259E+000
1.6874435E+000
1.6860025E+000
1.6842008E+000
1.6817292E+000
1.6780274E+000
1.6730402E+000
1.6668232E+000
1.6607422E+000
1.6562685E+000
1.6534702E+000
1.6522507E+000
1.6514605E+000
1.6503174E+000
1.6488077E+000
1.6468513E+000
1.6438534E+000
1.6395519E+000
1.6339496E+000
1.6274672E+000
1.6221089E+000
1.6184717E+000
1.6165500E+000
1.6159258E+000
1.6151999E+000
1.6140784E+000
1.6125620E+000
1.6104290E+000
1.6071153E+000
1.6025362E+000
1.5967016E+000
1.5904431E+000
1.5854482E+000
1.5819180E+000
1.5798421E+000
1.5787241E+000
1.5777079E+000
1.5767081E+000
1.5757146E+000
1.5741153E+000
1.5709549E+000
1.5661550E+000
1.5597487E+000
1.5532447E+000
1.5488794E+000
1.5468279E+000
1.5470508E+000
1.5477964E+000
1.5464606E+000
1.5428376E+000
1.5369607E+000
1.5305064E+000
1.5261123E+000
1.5240047E+000
1.5241593E+000
1.5250646E+000
1.5240611E+000
1.5208834E+000
1.5155455E+000
1.5092336E+000
1.5044184E+000
1.5014055E+000
1.5001884E+000
1.5002316E+000
1.5001318E+000
1.4996613E+000
1.4988211E+000
1.4973828E+000
1.4945286E+000
1.4900797E+000
1.4840411E+000
1.4769333E+000
1.4714309E+000
1.4683907E+000
1.4678059E+000
1.4692985E+000
1.4698430E+000
1.4679719E+000
1.4636823E+000
1.4571600E+000
1.4510324E+000
1.4472885E+000
1.4459710E+000
1.4470133E+000
1.4483329E+000
1.4473653E+000
1.4439584E+000
1.4381269E+000
1.4312644E+000
1.4263645E+000
1.4238106E+000
1.4235961E+000
1.4250799E+000
1.4255940E+000
1.4244421E+000
1.4216291E+000
1.4172692E+000
1.4123715E+000
1.4074774E+000
1.4025921E+000
1.3977426E+000
1.3936721E+000
1.3911954E+000
1.3903498E+000
1.3911308E+000
1.3931780E+000
1.3942236E+000
1.3933828E+000
1.3906587E+000
1.3860605E+000
1.3803749E+000
1.3753328E+000
1.3711641E+000
1.3678662E+000
1.3654063E+000
1.3631718E+000
1.3605994E+000
1.3576690E+000
1.3543816E+000
1.3508950E+000
1.3482619E+000
1.3469120E+000
1.3468431E+000
1.3480514E+000
1.3498700E+000
1.3503394E+000
1.3491035E+000
1.3461669E+000
1.3415490E+000
1.3360705E+000
1.3309599E+000
1.3263172E+000
1.3221412E+000
1.3184544E+000
1.3156749E+000
1.3141596E+000
1.3139169E+000
1.3149435E+000
1.3170249E+000
1.3182869E+000
1.3177535E+000
1.3154208E+000
1.3112935E+000
1.3056993E+000
1.3003839E+000
1.2959318E+000
1.2923412E+000
1.2896097E+000
1.2875430E+000
1.2854323E+000
1.2831151E+000
1.2805919E+000
1.2778635E+000
1.2751474E+000
1.2730418E+000
1.2716474E+000
1.2709625E+000
1.2709832E+000
1.2712465E+000
1.2707043E+000
1.2692139E+000
1.2667776E+000
1.2634001E+000
1.2594117E+000
1.2554834E+000
1.2516967E+000
1.2480513E+000
1.2445494E+000
1.2415465E+000
1.2397511E+000
1.2392444E+000
1.2400233E+000
1.2420792E+000
1.2444959E+000
1.2453399E+000
1.2443687E+000
1.2415870E+000
1.2370013E+000
1.2313046E+000
1.2261870E+000
1.2219007E+000
1.2184438E+000
1.2158140E+000
1.2138293E+000
1.2119276E+000
1.2100003E+000
1.2080473E+000
1.2060687E+000
1.2040674E+000
1.2020552E+000
1.2000354E+000
1.1980081E+000
1.1959732E+000
1.1939401E+000
1.1919714E+000
1.1900929E+000
1.1883044E+000
1.1866059E+000
1.1849775E+000
1.1831807E+000
1.1810564E+000
1.1786023E+000
1.1758193E+000
1.1727316E+000
1.1700472E+000
1.1685781E+000
1.1683664E+000
1.1694092E+000
1.1716988E+000
1.1743650E+000
1.1755203E+000
1.1749204E+000
1.1725694E+000
1.1684714E+000
1.1629732E+000
1.1577191E+000
1.1531989E+000
1.1494112E+000
1.1463542E+000
1.1439977E+000
1.1419737E+000
1.1400269E+000
1.1381522E+000
1.1363494E+000
1.1346178E+000
1.1329235E+000
1.1312101E+000
1.1294724E+000
1.1277103E+000
1.1259239E+000
1.1241190E+000
1.1223225E+000
1.1205423E+000
1.1187785E+000
1.1170310E+000
1.1152993E+000
1.1135737E+000
1.1118455E+000
1.1101145E+000
1.1083808E+000
1.1066442E+000
1.1049079E+000
1.1031805E+000
1.1014634E+000
1.0997568E+000
1.0980604E+000
1.0963735E+000
1.0946848E+000
1.0929868E+000
1.0912795E+000
1.0895628E+000
1.0878368E+000
1.0861030E+000
1.0843651E+000
1.0826236E+000
1.0808785E+000
1.0791300E+000
1.0773796E+000
1.0756508E+000
1.0739601E+000
1.0723078E+000
1.0706938E+000
1.0691181E+000
1.0675544E+000
1.0659174E+000
1.0641896E+000
1.0623713E+000
1.0604626E+000
1.0584717E+000
1.0566089E+000
1.0551008E+000
1.0539580E+000
1.0531796E+000
1.0527649E+000
1.0526221E+000
1.0521611E+000
1.0511479E+000
1.0495829E+000
1.0474675E+000
1.0448035E+000
1.0418161E+000
1.0390372E+000
1.0365431E+000
1.0343333E+000
1.0324072E+000
1.0307588E+000
1.0292503E+000
1.0277375E+000
1.0262136E+000
1.0246787E+000
1.0231328E+000
1.0215767E+000
1.0200177E+000
1.0184595E+000
1.0169023E+000
1.0153459E+000
1.0137905E+000
1.0122399E+000
1.0107110E+000
1.0092083E+000
1.0077316E+000
1.0062809E+000
1.0048561E+000
1.0034281E+000
1.0019293E+000
1.0003501E+000
9.9869077E-001
9.9695135E-001
9.9513477E-001
9.9339033E-001
9.9194054E-001
9.9080302E-001
9.8997714E-001
9.8946229E-001
9.8923158E-001
9.8860748E-001
9.8687076E-001
9.8398871E-001
9.7996358E-001
9.7479760E-001
9.6857349E-001
9.6265400E-001
9.5817160E-001
9.5515807E-001
9.5361060E-001
9.5352637E-001
9.5485396E-001
9.5693767E-001
9.5930927E-001
9.6195810E-001
9.6488359E-001
9.6808521E-001
9.7144276E-001
9.7347928E-001
9.7320240E-001
9.7059802E-001
9.6567065E-001
9.5842476E-001
9.4906445E-001
9.4018813E-001
9.3360769E-001
9.2935593E-001
9.2742847E-001
9.2782102E-001
9.3042162E-001
9.3352720E-001
9.3578232E-001
9.3715088E-001
9.3763455E-001
9.3723497E-001
9.3597369E-001
9.3430932E-001
9.3269940E-001
9.3116369E-001
9.2970204E-001
9.2831432E-001
9.2699979E-001
9.2573143E-001
9.2447207E-001
9.2321898E-001
9.2197215E-001
9.2073158E-001
9.1949709E-001
9.1824311E-001
9.1691528E-001
9.1550676E-001
9.1401772E-001
9.1244829E-001
9.1079861E-001
9.0914092E-001
9.0774681E-001
9.0667973E-001
9.0593911E-001
9.0552435E-001
9.0543486E-001
9.0554761E-001
9.0491378E-001
9.0309201E-001
9.0008192E-001
8.9588567E-001
8.9050534E-001
8.8400787E-001
8.7779762E-001
8.7322839E-001
8.7035257E-001
8.6916720E-001
8.6966933E-001
8.7185246E-001
8.7498981E-001
8.7748068E-001
8.7911228E-001
8.7988611E-001
8.7980368E-001
8.7886650E-001
8.7719574E-001
8.7553452E-001
8.7416667E-001
8.7309225E-001
8.7231073E-001
8.7182162E-001
8.7160488E-001
8.7113991E-001
8.6986415E-001
8.6775091E-001
8.6480162E-001
8.6101774E-001
8.5640070E-001
8.5133117E-001
8.4713560E-001
8.4410197E-001
8.4222831E-001
8.4151266E-001
8.4195307E-001
8.4349548E-001
8.4529926E-001
8.4668676E-001
8.4763932E-001
8.4815767E-001
8.4824256E-001
8.4789471E-001
8.4710639E-001
8.4585169E-001
8.4412613E-001
8.4193051E-001
8.3926563E-001
8.3613225E-001
8.3256224E-001
8.2915799E-001
8.2646367E-001
8.2449774E-001
8.2325901E-001
8.2274628E-001
8.2295834E-001
8.2374526E-001
8.2442992E-001
8.2482048E-001
8.2491741E-001
8.2472120E-001
8.2423232E-001
8.2345173E-001
8.2240708E-001
8.2114052E-001
8.1965595E-001
8.1795372E-001
8.1603420E-001
8.1389773E-001
8.1155614E-001
8.0913860E-001
8.0672613E-001
8.0431997E-001
8.0192009E-001
7.9952648E-001
7.9713913E-001
7.9483452E-001
7.9294108E-001
7.9154634E-001
7.9064949E-001
7.9024976E-001
7.9034636E-001
7.9093701E-001
7.9181015E-001
7.9253939E-001
7.9307362E-001
7.9341312E-001
7.9355823E-001
7.9350923E-001
7.9325999E-001
7.9262450E-001
7.9139336E-001
7.8955631E-001
7.8711428E-001
7.8406823E-001
7.8041909E-001
7.7623618E-001
7.7242452E-001
7.6962334E-001
7.6784459E-001
7.6708669E-001
7.6734807E-001
7.6862718E-001
7.7076372E-001
7.7245746E-001
7.7307380E-001
7.7261006E-001
7.7106790E-001
7.6844898E-001
7.6475496E-001
7.6022485E-001
7.5629436E-001
7.5349868E-001
7.5183701E-001
7.5130764E-001
7.5190886E-001
7.5363899E-001
7.5618896E-001
7.5798247E-001
7.5851746E-001
7.5779562E-001
7.5581886E-001
7.5258906E-001
7.4810810E-001
7.4272150E-001
7.3812940E-001
7.3485460E-001
7.3289529E-001
7.3224954E-001
7.3291543E-001
7.3489104E-001
7.3787334E-001
7.4022947E-001
7.4141037E-001
7.4141738E-001
7.4025221E-001
7.3791661E-001
7.3441230E-001
7.2993986E-001
7.2584979E-001
7.2270199E-001
7.2049692E-001
7.1923319E-001
7.1890946E-001
7.1952438E-001
7.2100259E-001
7.2260962E-001
7.2392633E-001
7.2494822E-001
7.2567573E-001
7.2610927E-001
7.2624927E-001
7.2608712E-001
7.2546008E-001
7.2422705E-001
7.2238419E-001
7.1993238E-001
7.1687249E-001
7.1320539E-001
7.0894347E-001
7.0469286E-001
7.0134427E-001
6.9896774E-001
6.9756192E-001
6.9712545E-001
6.9765697E-001
6.9915480E-001
7.0126423E-001
7.0295992E-001
7.0405787E-001
7.0455890E-001
7.0446385E-001
7.0377357E-001
7.0248889E-001
7.0064501E-001
6.9848084E-001
6.9609758E-001
6.9349590E-001
6.9067610E-001
6.8763847E-001
6.8438329E-001
6.8093351E-001
6.7783993E-001
6.7566948E-001
6.7444695E-001
6.7417106E-001
6.7484053E-001
6.7645410E-001
6.7900996E-001
6.8201676E-001
6.8406910E-001
6.8491817E-001
6.8456560E-001
6.8301304E-001
6.8026213E-001
6.7631448E-001
6.7130646E-001
6.6667123E-001
6.6327179E-001
6.6111838E-001
6.6020935E-001
6.6054306E-001
6.6211787E-001
6.6492727E-001
6.6821877E-001
6.7043629E-001
6.7138818E-001
6.7107613E-001
6.6950184E-001
6.6666700E-001
6.6257328E-001
6.5737965E-001
6.5262128E-001
6.4916289E-001
6.4701251E-001
6.4616844E-001
6.4662899E-001
6.4839247E-001
6.5145530E-001
6.5511281E-001
6.5761354E-001
6.5869104E-001
6.5834717E-001
6.5658380E-001
6.5340279E-001
6.4880599E-001
6.4288027E-001
6.3712492E-001
6.3281936E-001
6.3000290E-001
6.2867365E-001
6.2882973E-001
6.3046929E-001
6.3359043E-001
6.3782782E-001
6.4129390E-001
6.4337971E-001
6.4408672E-001
6.4341670E-001
6.4137141E-001
6.3795262E-001
6.3316678E-001
6.2779239E-001
6.2346454E-001
6.2038852E-001
6.1856278E-001
6.1798575E-001
6.1865590E-001
6.2057167E-001
6.2368880E-001
6.2693460E-001
6.2918627E-001
6.3039203E-001
6.3055317E-001
6.2967101E-001
6.2774687E-001
6.2478205E-001
6.2085523E-001
6.1677673E-001
6.1302869E-001
6.0961711E-001
6.0654156E-001
6.0380161E-001
6.0139685E-001
5.9932688E-001
5.9762997E-001
5.9653940E-001
5.9614179E-001
5.9643645E-001
5.9742256E-001
5.9909930E-001
6.0146583E-001
6.0452131E-001
6.0796599E-001
6.1054640E-001
6.1193535E-001
6.1213428E-001
6.1114465E-001
6.0896791E-001
6.0560550E-001
6.0105893E-001
5.9579770E-001
5.9139983E-001
5.8819609E-001
5.8618506E-001
5.8536533E-001
5.8573551E-001
5.8729420E-001
5.9003980E-001
5.9350205E-001
5.9621396E-001
5.9789061E-001
5.9853322E-001
5.9814303E-001
5.9672127E-001
5.9426918E-001
5.9078801E-001
5.8655089E-001
5.8246804E-001
5.7872912E-001
5.7533372E-001
5.7228143E-001
5.6957185E-001
5.6720456E-001
5.6517919E-001
5.6355512E-001
5.6257923E-001
5.6231470E-001
5.6276073E-001
5.6391652E-001
5.6578127E-001
5.6835417E-001
5.7163441E-001
5.7540934E-001
5.7841899E-001
5.8020069E-001
5.8075512E-001
5.8008371E-001
5.7818789E-001
5.7506905E-001
5.7072860E-001
5.6530796E-001
5.6025059E-001
5.5640533E-001
5.5378172E-001
5.5237840E-001
5.5219401E-001
5.5322720E-001
5.5547663E-001
5.5890033E-001
5.6248370E-001
5.6516731E-001
5.6690236E-001
5.6768990E-001
5.6753101E-001
5.6642676E-001
5.6437823E-001
5.6138857E-001
5.5782722E-001
5.5448097E-001
5.5145063E-001
5.4873582E-001
5.4633621E-001
5.4425142E-001
5.4248112E-001
5.4102496E-001
5.3983123E-001
5.3862091E-001
5.3729996E-001
5.3586840E-001
5.3432637E-001
5.3267396E-001
5.3091131E-001
5.2903852E-001
5.2707680E-001
5.2544560E-001
5.2453023E-001
5.2434429E-001
5.2488701E-001
5.2615764E-001
5.2815539E-001
5.3087951E-001
5.3432876E-001
5.3809683E-001
5.4102896E-001
5.4292199E-001
5.4377704E-001
5.4359523E-001
5.4237769E-001
5.4012554E-001
5.3683990E-001
5.3258800E-001
5.2819842E-001
5.2423436E-001
5.2070615E-001
5.1761329E-001
5.1495535E-001
5.1273184E-001
5.1094233E-001
5.0958633E-001
5.0864701E-001
5.0807896E-001
5.0787418E-001
5.0803230E-001
5.0855296E-001
5.0943577E-001
5.1068038E-001
5.1228640E-001
5.1422112E-001
5.1590813E-001
5.1685211E-001
5.1703765E-001
5.1646552E-001
5.1513651E-001
5.1305141E-001
5.1021097E-001
5.0661596E-001
5.0251383E-001
4.9910238E-001
4.9674366E-001
4.9543668E-001
4.9518039E-001
4.9597377E-001
4.9781577E-001
5.0070533E-001
5.0463485E-001
5.0889633E-001
5.1216084E-001
5.1428274E-001
5.1526321E-001
5.1510341E-001
5.1380451E-001
5.1136769E-001
5.0779410E-001
5.0313069E-001
4.9827267E-001
4.9403376E-001
4.9044296E-001
4.8749964E-001
4.8520314E-001
4.8355282E-001
4.8254806E-001
4.8218823E-001
4.8240107E-001
4.8257849E-001
4.8241430E-001
4.8190651E-001
4.8105545E-001
4.7986143E-001
4.7832480E-001
4.7644588E-001
4.7422498E-001
4.7182666E-001
4.7007051E-001
4.6921093E-001
4.6924716E-001
4.7017837E-001
4.7200372E-001
4.7472234E-001
4.7833340E-001
4.8283598E-001
4.8781260E-001
4.9179410E-001
4.9445795E-001
4.9580542E-001
4.9583783E-001
4.9455647E-001
4.9196264E-001
4.8805762E-001
4.8284286E-001
4.7677497E-001
4.7129442E-001
4.6668449E-001
4.6294430E-001
4.6007305E-001
4.5806991E-001
4.5693408E-001
4.5666476E-001
4.5726085E-001
4.5842852E-001
4.5933526E-001
4.5983465E-001
4.5992706E-001
4.5961286E-001
4.5889243E-001
4.5776615E-001
4.5623437E-001
4.5429815E-001
4.5224903E-001
4.5083146E-001
4.5016209E-001
4.5024026E-001
4.5106529E-001
4.5263651E-001
4.5495324E-001
4.5801479E-001
4.6181847E-001
4.6586851E-001
4.6902310E-001
4.7112271E-001
4.7216832E-001
4.7216092E-001
4.7110150E-001
4.6899106E-001
4.6583057E-001
4.6162403E-001
4.5685199E-001
4.5251438E-001
4.4873571E-001
4.4551544E-001
4.4285307E-001
4.4074809E-001
4.3920001E-001
4.3820833E-001
4.3777069E-001
4.3768322E-001
4.3756177E-001
4.3736378E-001
4.3708933E-001
4.3673847E-001
4.3631127E-001
4.3580781E-001
4.3522814E-001
4.3457212E-001
4.3382262E-001
4.3295030E-001
4.3195237E-001
4.3082895E-001
4.2958014E-001
4.2820604E-001
4.2670676E-001
4.2508240E-001
4.2333803E-001
4.2177383E-001
4.2085637E-001
4.2062543E-001
4.2108043E-001
4.2222080E-001
4.2404595E-001
4.2655530E-001
4.2974826E-001
4.3361012E-001
4.3746997E-001
4.4037925E-001
4.4226692E-001
4.4313385E-001
4.4298096E-001
4.4180915E-001
4.3961931E-001
4.3641234E-001
4.3220575E-001
4.2763584E-001
4.2352196E-001
4.1991779E-001
4.1682288E-001
4.1423680E-001
4.1215911E-001
4.1058939E-001
4.0952721E-001
4.0896577E-001
4.0870435E-001
4.0850743E-001
4.0836151E-001
4.0826655E-001
4.0822250E-001
4.0822933E-001
4.0828699E-001
4.0839544E-001
4.0855107E-001
4.0866041E-001
4.0862336E-001
4.0843513E-001
4.0809585E-001
4.0760563E-001
4.0696461E-001
4.0617290E-001
4.0523062E-001
4.0413980E-001
4.0294250E-001
4.0167983E-001
4.0035357E-001
3.9896376E-001
3.9751045E-001
3.9599368E-001
3.9441351E-001
3.9276998E-001
3.9108253E-001
3.8971768E-001
3.8900240E-001
3.8894767E-001
3.8955296E-001
3.9081778E-001
3.9274160E-001
3.9532389E-001
3.9856414E-001
4.0240891E-001
4.0599370E-001
4.0861436E-001
4.1025110E-001
4.1090474E-001
4.1057607E-001
4.0926591E-001
4.0697505E-001
4.0370428E-001
3.9950924E-001
3.9517083E-001
3.9126974E-001
3.8781941E-001
3.8481948E-001
3.8226959E-001
3.8016939E-001
3.7851852E-001
3.7731664E-001
3.7655430E-001
3.7611735E-001
3.7592828E-001
3.7598540E-001
3.7628855E-001
3.7683753E-001
3.7763216E-001
3.7867225E-001
3.7995762E-001
3.8144424E-001
3.8264922E-001
3.8327359E-001
3.8331332E-001
3.8276886E-001
3.8164066E-001
3.7992916E-001
3.7763480E-001
3.7475801E-001
3.7138963E-001
3.6841300E-001
3.6632672E-001
3.6513577E-001
3.6483951E-001
3.6543727E-001
3.6692841E-001
3.6931225E-001
3.7258815E-001
3.7662360E-001
3.8027091E-001
3.8293983E-001
3.8462621E-001
3.8533082E-001
3.8505440E-001
3.8379770E-001
3.8156148E-001
3.7834648E-001
3.7425873E-001
3.7011826E-001
3.6630904E-001
3.6283300E-001
3.5968990E-001
3.5687948E-001
3.5440148E-001
3.5225566E-001
3.5044178E-001
3.4899292E-001
3.4814129E-001
3.4798554E-001
3.4852555E-001
3.4976085E-001
3.5169093E-001
3.5431531E-001
3.5763349E-001
3.6164495E-001
3.6613545E-001
3.6976337E-001
3.7201022E-001
3.7287591E-001
3.7236145E-001
3.7046786E-001
3.6719618E-001
3.6254740E-001
3.5652249E-001
3.4946099E-001
3.4327894E-001
3.3864844E-001
3.3556913E-001
3.3403994E-001
3.3405984E-001
3.3562779E-001
3.3874274E-001
3.4340364E-001
3.4922669E-001
3.5425645E-001
3.5787108E-001
3.6007131E-001
3.6085813E-001
3.6023257E-001
3.5819564E-001
3.5474836E-001
3.4989170E-001
3.4400826E-001
3.3886009E-001
3.3495450E-001
3.3229067E-001
3.3086777E-001
3.3068496E-001
3.3174142E-001
3.3403634E-001
3.3756888E-001
3.4197668E-001
3.4574950E-001
3.4849379E-001
3.5021023E-001
3.5089954E-001
3.5056243E-001
3.4919963E-001
3.4681185E-001
3.4339980E-001
3.3920135E-001
3.3511366E-001
3.3134845E-001
3.2790547E-001
3.2478451E-001
3.2198534E-001
3.1950773E-001
3.1735148E-001
3.1551638E-001
3.1409520E-001
3.1340614E-001
3.1351687E-001
3.1442688E-001
3.1613568E-001
3.1864275E-001
3.2194758E-001
3.2604964E-001
3.3094816E-001
3.3617234E-001
3.4026111E-001
3.4293240E-001
3.4418718E-001
3.4402640E-001
3.4245103E-001
3.3946206E-001
3.3506042E-001
3.2924778E-001
3.2266149E-001
3.1709768E-001
3.1287008E-001
3.0997783E-001
3.0842009E-001
3.0819602E-001
3.0930480E-001
3.1174561E-001
3.1551625E-001
3.2001510E-001
3.2369970E-001
3.2632660E-001
3.2789647E-001
3.2841000E-001
3.2786789E-001
3.2627082E-001
3.2361948E-001
3.1991604E-001
3.1555755E-001
3.1147144E-001
3.0778986E-001
3.0451252E-001
3.0163917E-001
2.9916954E-001
2.9710340E-001
2.9544049E-001
2.9418071E-001
2.9335007E-001
2.9300430E-001
2.9315033E-001
2.9378787E-001
2.9491663E-001
2.9653632E-001
2.9864665E-001
3.0124730E-001
3.0433515E-001
3.0755955E-001
3.1023680E-001
3.1228820E-001
3.1371414E-001
3.1451501E-001
3.1469119E-001
3.1424309E-001
3.1317110E-001
3.1147745E-001
3.0933141E-001
3.0703500E-001
3.0461955E-001
3.0208514E-001
2.9943182E-001
2.9665966E-001
2.9376872E-001
2.9075906E-001
2.8763585E-001
2.8475731E-001
2.8270972E-001
2.8154692E-001
2.8126840E-001
2.8187365E-001
2.8336219E-001
2.8573351E-001
2.8898709E-001
2.9310827E-001
2.9731494E-001
3.0043286E-001
3.0236590E-001
3.0311476E-001
3.0268015E-001
3.0106280E-001
2.9826341E-001
2.9428267E-001
2.8914264E-001
2.8379955E-001
2.7957227E-001
2.7655651E-001
2.7475161E-001
2.7415688E-001
2.7477167E-001
2.7659529E-001
2.7962709E-001
2.8383977E-001
2.8825117E-001
2.9161623E-001
2.9385528E-001
2.9496896E-001
2.9495794E-001
2.9382287E-001
2.9156442E-001
2.8818324E-001
2.8370678E-001
2.7896468E-001
2.7492457E-001
2.7164077E-001
2.6911285E-001
2.6734039E-001
2.6632299E-001
2.6606022E-001
2.6655171E-001
2.6778426E-001
2.6942234E-001
2.7110576E-001
2.7281676E-001
2.7455532E-001
2.7632142E-001
2.7811504E-001
2.7993617E-001
2.8178477E-001
2.8364246E-001
2.8509510E-001
2.8573345E-001
2.8554054E-001
2.8451684E-001
2.8266283E-001
2.7997897E-001
2.7646572E-001
2.7212351E-001
2.6700432E-001
2.6211506E-001
2.5837171E-001
2.5580710E-001
2.5442059E-001
2.5421159E-001
2.5517950E-001
2.5732371E-001
2.6064361E-001
2.6506643E-001
2.6935970E-001
2.7249091E-001
2.7442873E-001
2.7517382E-001
2.7472683E-001
2.7308841E-001
2.7025921E-001
2.6623986E-001
2.6111171E-001
2.5608889E-001
2.5210835E-001
2.4919381E-001
2.4734472E-001
2.4656056E-001
2.4684079E-001
2.4818489E-001
2.5059233E-001
2.5399670E-001
2.5752099E-001
2.6054214E-001
2.6304711E-001
2.6503616E-001
2.6650954E-001
2.6746753E-001
2.6791040E-001
2.6783843E-001
2.6725869E-001
2.6625189E-001
2.6487091E-001
2.6311684E-001
2.6098988E-001
2.5849021E-001
2.5561803E-001
2.5237351E-001
2.4875682E-001
2.4483437E-001
2.4130798E-001
2.3859968E-001
2.3671486E-001
2.3565313E-001
2.3541408E-001
2.3599734E-001
2.3740252E-001
2.3962922E-001
2.4260512E-001
2.4564587E-001
2.4837304E-001
2.5078277E-001
2.5287521E-001
2.5465051E-001
2.5610884E-001
2.5725034E-001
2.5807518E-001
2.5855981E-001
2.5850127E-001
2.5779660E-001
2.5644532E-001
2.5444776E-001
2.5180424E-001
2.4851508E-001
2.4458059E-001
2.4000105E-001
2.3492298E-001
2.3047844E-001
2.2719520E-001
2.2507569E-001
2.2411937E-001
2.2432572E-001
2.2569421E-001
2.2822433E-001
2.3191552E-001
2.3655179E-001
2.4062186E-001
2.4347942E-001
2.4512260E-001
2.4555198E-001
2.4476817E-001
2.4277174E-001
2.3956330E-001
2.3514340E-001
2.2974113E-001
2.2481189E-001
2.2092607E-001
2.1808452E-001
2.1628677E-001
2.1553236E-001
2.1582084E-001
2.1715176E-001
2.1952466E-001
2.2278910E-001
2.2607641E-001
2.2907489E-001
2.3178423E-001
2.3420457E-001
2.3633603E-001
2.3817873E-001
2.3973282E-001
2.4099841E-001
2.4190906E-001
2.4211372E-001
2.4149741E-001
2.4006045E-001
2.3780323E-001
2.3472613E-001
2.3082954E-001
2.2611380E-001
2.2057927E-001
2.1454139E-001
2.0951537E-001
2.0595547E-001
2.0386114E-001
2.0323179E-001
2.0406681E-001
2.0636559E-001
2.1012755E-001
2.1535203E-001
2.2156291E-001
2.2667447E-001
2.3011568E-001
2.3188728E-001
2.3199003E-001
2.3042469E-001
2.2719205E-001
2.2229283E-001
2.1572776E-001
2.0808538E-001
2.0172016E-001
1.9722069E-001
1.9458619E-001
1.9381594E-001
1.9490919E-001
1.9786521E-001
2.0268327E-001
2.0936257E-001
2.1720205E-001
2.2364068E-001
2.2809388E-001
2.3056253E-001
2.3104753E-001
2.2954978E-001
2.2607020E-001
2.2060967E-001
2.1316917E-001
2.0448428E-001
1.9701118E-001
1.9126172E-001
1.8723517E-001
1.8493086E-001
1.8434813E-001
1.8548636E-001
1.8834488E-001
1.9292278E-001
1.9872113E-001
2.0421596E-001
2.0911718E-001
2.1342500E-001
2.1713965E-001
2.2026135E-001
2.2279036E-001
2.2472693E-001
2.2607119E-001
2.2672684E-001
2.2642382E-001
2.2511556E-001
2.2280253E-001
2.1948517E-001
2.1516390E-001
2.0983913E-001
2.0351125E-001
1.9618220E-001
1.8855864E-001
1.8245471E-001
1.7815701E-001
1.7566484E-001
1.7497757E-001
1.7609455E-001
1.7901515E-001
1.8373872E-001
1.9026112E-001
1.9762972E-001
2.0359879E-001
2.0784524E-001
2.1036975E-001
2.1117303E-001
2.1025582E-001
2.0761882E-001
2.0326274E-001
1.9719338E-001
1.9036670E-001
1.8485487E-001
1.8092870E-001
1.7858758E-001
1.7783093E-001
1.7865819E-001
1.8106879E-001
1.8506214E-001
1.9063002E-001
1.9674876E-001
2.0137543E-001
2.0426790E-001
2.0542688E-001
2.0485307E-001
2.0254717E-001
1.9850989E-001
1.9274190E-001
1.8525489E-001
1.7716277E-001
1.7051481E-001
1.6553083E-001
1.6221024E-001
1.6055247E-001
1.6055697E-001
1.6222322E-001
1.6555068E-001
1.7052889E-001
1.7638773E-001
1.8181972E-001
1.8669803E-001
1.9102282E-001
1.9479426E-001
1.9801256E-001
2.0067790E-001
2.0279051E-001
2.0434683E-001
2.0511338E-001
2.0472377E-001
2.0314639E-001
2.0038173E-001
1.9643025E-001
1.9129240E-001
1.8496861E-001
1.7745924E-001
1.6879228E-001
1.6036304E-001
1.5419496E-001
1.5044612E-001
1.4911574E-001
1.5020310E-001
1.5370747E-001
1.5962809E-001
1.6796415E-001
1.7866464E-001
1.8963136E-001
1.9805021E-001
2.0372475E-001
2.0665603E-001
2.0684516E-001
2.0429327E-001
1.9900146E-001
1.9097080E-001
1.8026144E-001
1.6895794E-001
1.5964807E-001
1.5249250E-001
1.4749049E-001
1.4464134E-001
1.4394442E-001
1.4539910E-001
1.4900475E-001
1.5471857E-001
1.6127478E-001
1.6721807E-001
1.7246821E-001
1.7702540E-001
1.8088984E-001
1.8406176E-001
1.8654140E-001
1.8832901E-001
1.8941901E-001
1.8966096E-001
1.8889464E-001
1.8711264E-001
1.8431531E-001
1.8050304E-001
1.7567616E-001
1.6983501E-001
1.6297988E-001
1.5517127E-001
1.4776310E-001
1.4209158E-001
1.3821295E-001
1.3612667E-001
1.3583225E-001
1.3732920E-001
1.4061701E-001
1.4569519E-001
1.5248224E-001
1.5938321E-001
1.6493906E-001
1.6909644E-001
1.7185577E-001
1.7321751E-001
1.7318216E-001
1.7175019E-001
1.6892209E-001
1.6476661E-001
1.6047210E-001
1.5704588E-001
1.5451958E-001
1.5289290E-001
1.5216557E-001
1.5233730E-001
1.5340782E-001
1.5537685E-001
1.5819387E-001
1.6108276E-001
1.6343374E-001
1.6523056E-001
1.6647341E-001
1.6716245E-001
1.6729787E-001
1.6687986E-001
1.6590861E-001
1.6442360E-001
1.6296685E-001
1.6193298E-001
1.6133078E-001
1.6116012E-001
1.6142084E-001
1.6211283E-001
1.6323592E-001
1.6478998E-001
1.6669601E-001
1.6799719E-001
1.6805706E-001
1.6686451E-001
1.6441997E-001
1.6072384E-001
1.5577649E-001
1.4957830E-001
1.4212959E-001
1.3360147E-001
1.2582796E-001
1.1992339E-001
1.1590298E-001
1.1376625E-001
1.1351276E-001
1.1514209E-001
1.1865380E-001
1.2404743E-001
1.3112598E-001
1.3801368E-001
1.4367027E-001
1.4808492E-001
1.5125799E-001
1.5318981E-001
1.5388077E-001
1.5333125E-001
1.5154162E-001
1.4864520E-001
1.4577498E-001
1.4350393E-001
1.4183630E-001
1.4077193E-001
1.4031064E-001
1.4045225E-001
1.4119660E-001
1.4254352E-001
1.4441447E-001
1.4621132E-001
1.4765859E-001
1.4875490E-001
1.4950036E-001
1.4989507E-001
1.4993914E-001
1.4963267E-001
1.4897577E-001
1.4802810E-001
1.4719796E-001
1.4665642E-001
1.4640399E-001
1.4644058E-001
1.4676611E-001
1.4738049E-001
1.4828364E-001
1.4947546E-001
1.5082969E-001
1.5156817E-001
1.5139479E-001
1.5030926E-001
1.4831185E-001
1.4540282E-001
1.4158243E-001
1.3685091E-001
1.3120850E-001
1.2491086E-001
1.1937890E-001
1.1510339E-001
1.1208447E-001
1.1032184E-001
1.0981523E-001
1.1056435E-001
1.1256893E-001
1.1582867E-001
1.2014194E-001
1.2449741E-001
1.2857834E-001
1.3238467E-001
1.3591646E-001
1.3917375E-001
1.4215660E-001
1.4486508E-001
1.4729926E-001
1.4932565E-001
1.5033819E-001
1.5016528E-001
1.4880726E-001
1.4626450E-001
1.4253732E-001
1.3762606E-001
1.3153099E-001
1.2425240E-001
1.1624667E-001
1.0938732E-001
1.0415486E-001
1.0054892E-001
9.8569147E-002
9.8215198E-002
9.9486757E-002
1.0238350E-001
1.0690508E-001
1.1261574E-001
1.1789713E-001
1.2237347E-001
1.2604494E-001
1.2891170E-001
1.3097396E-001
1.3223190E-001
1.3268576E-001
1.3233575E-001
1.3135616E-001
1.3033284E-001
1.2938886E-001
1.2852420E-001
1.2773884E-001
1.2703276E-001
1.2640593E-001
1.2585835E-001
1.2538998E-001
1.2501835E-001
1.2479684E-001
1.2473557E-001
1.2483449E-001
1.2509357E-001
1.2551277E-001
1.2609205E-001
1.2683136E-001
1.2773038E-001
1.2858015E-001
1.2880237E-001
1.2829796E-001
1.2706709E-001
1.2510997E-001
1.2242676E-001
1.1901762E-001
1.1488273E-001
1.1002339E-001
1.0490065E-001
1.0067419E-001
9.7523317E-002
9.5447815E-002
9.4447464E-002
9.4522058E-002
9.5671394E-002
9.7895264E-002
1.0119155E-001
1.0510407E-001
1.0858824E-001
1.1149848E-001
1.1383493E-001
1.1559769E-001
1.1678690E-001
1.1740269E-001
1.1744518E-001
1.1691580E-001
1.1601756E-001
1.1517439E-001
1.1443942E-001
1.1381261E-001
1.1329393E-001
1.1288337E-001
1.1258089E-001
1.1238648E-001
1.1229960E-001
1.1226253E-001
1.1216525E-001
1.1199540E-001
1.1175300E-001
1.1143807E-001
1.1105061E-001
1.1059065E-001
1.1005821E-001
1.0945433E-001
1.0886635E-001
1.0844657E-001
1.0821023E-001
1.0815731E-001
1.0828776E-001
1.0860154E-001
1.0909861E-001
1.0977894E-001
1.1063780E-001
1.1137131E-001
1.1149461E-001
1.1096443E-001
1.0978092E-001
1.0794423E-001
1.0545448E-001
1.0231182E-001
9.8516357E-002
9.4080198E-002
8.9621035E-002
8.6041691E-002
8.3413626E-002
8.1736667E-002
8.1010654E-002
8.1235429E-002
8.2410839E-002
8.4536725E-002
8.7598703E-002
9.1002981E-002
9.3953830E-002
9.6395607E-002
9.8328399E-002
9.9752300E-002
1.0066741E-001
1.0107382E-001
1.0097164E-001
1.0036849E-001
9.9523282E-002
9.8754338E-002
9.8081189E-002
9.7503816E-002
9.7022200E-002
9.6636322E-002
9.6346163E-002
9.6151705E-002
9.6050504E-002
9.5972426E-002
9.5838329E-002
9.5643984E-002
9.5389403E-002
9.5074597E-002
9.4699578E-002
9.4264356E-002
9.3768944E-002
9.3217389E-002
9.2708842E-002
9.2346034E-002
9.2133699E-002
9.2071809E-002
9.2160335E-002
9.2399251E-002
9.2788528E-002
9.3328138E-002
9.4002044E-002
9.4472755E-002
9.4419098E-002
9.3828414E-002
9.2700803E-002
9.1036364E-002
8.8835191E-002
8.6097372E-002
8.2822991E-002
7.9049023E-002
7.5449498E-002
7.2613530E-002
7.0560837E-002
6.9291301E-002
6.8804811E-002
6.9101257E-002
7.0180530E-002
7.2042520E-002
7.4647252E-002
7.7358994E-002
7.9667566E-002
8.1558636E-002
8.3032266E-002
8.4088522E-002
8.4727471E-002
8.4949184E-002
8.4753730E-002
8.4160520E-002
8.3440771E-002
8.2794296E-002
8.2225728E-002
8.1735056E-002
8.1322267E-002
8.0987346E-002
8.0730282E-002
8.0551062E-002
8.0443935E-002
8.0337760E-002
8.0184448E-002
7.9983101E-002
7.9733725E-002
7.9436328E-002
7.9090919E-002
7.8697504E-002
7.8256091E-002
7.7775094E-002
7.7347132E-002
7.7029603E-002
7.6823347E-002
7.6728347E-002
7.6744586E-002
7.6872046E-002
7.7110711E-002
7.7460564E-002
7.7890705E-002
7.8097457E-002
7.7908370E-002
7.7321522E-002
7.6336974E-002
7.4954785E-002
7.3175013E-002
7.0997712E-002
6.8422931E-002
6.5518203E-002
6.2878228E-002
6.0812270E-002
5.9322901E-002
5.8410048E-002
5.8073644E-002
5.8313619E-002
5.9129907E-002
6.0522438E-002
6.2419821E-002
6.4257297E-002
6.5766283E-002
6.6945181E-002
6.7794032E-002
6.8312880E-002
6.8501769E-002
6.8360744E-002
6.7889850E-002
6.7133134E-002
6.6404670E-002
6.5840958E-002
6.5442533E-002
6.5209374E-002
6.5141458E-002
6.5238765E-002
6.5501271E-002
6.5928957E-002
6.6461167E-002
6.6707098E-002
6.6511796E-002
6.5874928E-002
6.4796554E-002
6.3276727E-002
6.1315503E-002
5.8912929E-002
5.6069050E-002
5.3013855E-002
5.1088497E-002
5.0777714E-002
5.2082002E-002
5.5001193E-002
5.9535098E-002
6.5683500E-002
7.3446141E-002
8.2822702E-002
9.3296362E-002
1.0213674E-001
1.0844528E-001
1.1222190E-001
1.1346715E-001
1.1218158E-001
1.0836576E-001
1.0202023E-001
9.3145445E-002
8.2308003E-002
7.2222961E-002
6.3702786E-002
5.6747305E-002
5.1356257E-002
4.7529426E-002
4.5266635E-002
4.4567730E-002
4.5432568E-002
4.7560349E-002
4.9642125E-002
5.1321839E-002
5.2599520E-002
5.3475207E-002
5.3948942E-002
5.4020767E-002
5.3690725E-002
5.2958860E-002
5.1928134E-002
5.1005454E-002
5.0291343E-002
4.9785779E-002
4.9488740E-002
4.9400206E-002
4.9520157E-002
4.9848570E-002
5.0385424E-002
5.1068616E-002
5.1675139E-002
5.2154950E-002
5.2508059E-002
5.2734482E-002
5.2834231E-002
5.2807319E-002
5.2653761E-002
5.2373575E-002
5.1995344E-002
5.1612372E-002
5.1243675E-002
5.0889251E-002
5.0549098E-002
5.0223214E-002
4.9911599E-002
4.9614250E-002
4.9331165E-002
4.9060615E-002
4.8797468E-002
4.8540771E-002
4.8290525E-002
4.8046729E-002
4.7809382E-002
4.7578484E-002
4.7354033E-002
4.7136011E-002
4.6912768E-002
4.6652749E-002
4.6350665E-002
4.6006521E-002
4.5620320E-002
4.5192066E-002
4.4721762E-002
4.4209412E-002
4.3655083E-002
4.3081804E-002
4.2546493E-002
4.2057787E-002
4.1615682E-002
4.1220174E-002
4.0871258E-002
4.0568932E-002
4.0313190E-002
4.0103949E-002
3.9923249E-002
3.9730515E-002
3.9520180E-002
3.9292244E-002
3.9046708E-002
3.8783575E-002
3.8502844E-002
3.8204519E-002
3.7888634E-002
3.7560580E-002
3.7231498E-002
3.6902766E-002
3.6574384E-002
3.6246353E-002
3.5918671E-002
3.5591340E-002
3.5264357E-002
3.4937771E-002
3.4616731E-002
3.4310993E-002
3.4021645E-002
3.3748684E-002
3.3492110E-002
3.3251920E-002
3.3028115E-002
3.2820692E-002
3.2629339E-002
3.2428010E-002
3.2171462E-002
3.1855174E-002
3.1479151E-002
3.1043395E-002
3.0547910E-002
2.9992700E-002
2.9377767E-002
2.8704735E-002
2.8078776E-002
2.7667645E-002
2.7486331E-002
2.7534820E-002
2.7813100E-002
2.8321159E-002
2.9058982E-002
3.0026555E-002
3.1217758E-002
3.2316156E-002
3.2858074E-002
3.2806634E-002
3.2161875E-002
3.0923834E-002
2.9092547E-002
2.6668044E-002
2.3650348E-002
2.0059593E-002
1.6746608E-002
1.4858134E-002
1.4475082E-002
1.5597409E-002
1.8225065E-002
2.2357989E-002
2.7996092E-002
3.5139250E-002
4.3749426E-002
5.2497462E-002
5.9735397E-002
6.5360750E-002
6.9373671E-002
7.1774354E-002
7.2563016E-002
7.1739887E-002
6.9305198E-002
6.5259165E-002
5.9601980E-002
5.2333795E-002
4.3454708E-002
3.2964756E-002
2.0863895E-002
7.1519906E-003
-8.1711621E-003
-2.5105703E-002
