-8.1110528E-002
-8.9024245E-002
-9.2253549E-002
-9.0291612E-002
-8.3345401E-002
-7.1079955E-002
-5.7066250E-002
-3.6733249E-002
-2.8161346E-002
-1.4030854E-002
-4.4653329E-003
7.4520182E-003
1.1687122E-002
1.8808163E-002
3.1124506E-002
3.4296983E-002
4.0623198E-002
4.8740032E-002
5.1546435E-002
6.6093001E-002
6.8262546E-002
6.5482293E-002
8.2350274E-002
8.3623669E-002
9.0724647E-002
8.4417090E-002
7.1589508E-002
7.3233304E-002
2.5122702E-002
-6.5790758E-003
-3.0854329E-002
-7.1681546E-002
-5.4970914E-002
-7.6807525E-002
-3.6815371E-002
-1.1730221E-002
-7.3109314E-003
1.4514880E-002
-3.5753431E-002
-1.3900188E-001
-2.6489039E-001
-3.8799979E-001
-5.9049217E-001
-7.5235551E-001
-1.0534647E+000
-1.4345655E+000
-1.9615065E+000
-2.6047019E+000
-3.4656844E+000
-4.4438713E+000
-5.6148430E+000
-6.9873412E+000
-8.5317737E+000
-1.0282847E+001
-1.2151424E+001
-1.4209728E+001
-1.6401533E+001
-1.8694678E+001
-2.1070301E+001
-2.3651925E+001
-2.6215221E+001
-2.8695311E+001
-3.1141010E+001
-3.3548080E+001
-3.5910765E+001
-3.8229172E+001
-4.0468492E+001
-4.2626488E+001
-4.4684817E+001
-4.6617375E+001
-4.8466893E+001
-5.0226729E+001
-5.1904257E+001
-5.3504392E+001
-5.5042258E+001
-5.6511826E+001
-5.7915426E+001
-5.9328830E+001
-6.0657826E+001
-6.1880395E+001
-6.3033703E+001
-6.4094516E+001
-6.5178238E+001
-6.6531384E+001
-6.7663463E+001
-6.8805768E+001
-6.9962789E+001
-7.1138531E+001
-7.2342222E+001
-7.3565007E+001
-7.4822414E+001
-7.6107142E+001
-7.7421567E+001
-7.8769275E+001
-8.0145134E+001
-8.1554833E+001
-8.2990015E+001
-8.4458576E+001
-8.5961374E+001
-8.7493898E+001
-8.9060247E+001
-9.0655685E+001
-9.2286363E+001
-9.3954338E+001
-9.5648806E+001
-9.7377507E+001
-9.9148537E+001
-1.0094824E+002
-1.0278991E+002
-1.0467158E+002
-1.0659428E+002
-1.0855958E+002
-1.1056777E+002
-1.1261536E+002
-1.1469797E+002
-1.1682490E+002
-1.1898811E+002
-1.2120140E+002
-1.2345239E+002
-1.2576563E+002
-1.2817107E+002
-1.3062294E+002
-1.3301370E+002
-1.3534504E+002
-1.3762597E+002
-1.3984795E+002
-1.4200668E+002
-1.4411769E+002
-1.4637495E+002
-1.4838919E+002
-1.5034940E+002
-1.5225444E+002
-1.5410885E+002
-1.5591401E+002
-1.5766898E+002
-1.5937368E+002
-1.6102807E+002
-1.6263592E+002
-1.6419454E+002
-1.6570566E+002
-1.6716651E+002
-1.6858051E+002
-1.6995129E+002
-1.7127270E+002
-1.7254823E+002
-1.7377755E+002
-1.7495891E+002
-1.7609663E+002
-1.7718973E+002
-1.7824412E+002
-1.7925589E+002
-1.8022200E+002
-1.8114269E+002
-1.8201682E+002
-1.8285056E+002
-1.8364744E+002
-1.8440387E+002
-1.8512367E+002
-1.8580665E+002
-1.8645116E+002
-1.8712551E+002
-1.8763764E+002
-1.8811980E+002
-1.8858014E+002
-1.8900903E+002
-1.8941039E+002
-1.8978277E+002
-1.9012748E+002
-1.9044467E+002
-1.9073256E+002
-1.9098943E+002
-1.9121139E+002
-1.9139832E+002
-1.9154919E+002
-1.9166663E+002
-1.9174797E+002
-1.9179388E+002
-1.9180467E+002
-1.9177371E+002
-1.9170266E+002
-1.9159098E+002
-1.9143430E+002
-1.9123040E+002
-1.9097955E+002
-1.9068275E+002
-1.9034849E+002
-1.8997111E+002
-1.8955150E+002
-1.8908136E+002
-1.8855768E+002
-1.8798044E+002
-1.8735128E+002
-1.8667063E+002
-1.8593717E+002
-1.8515347E+002
-1.8431696E+002
-1.8342833E+002
-1.8248448E+002
-1.8148726E+002
-1.8043796E+002
-1.7933431E+002
-1.7817591E+002
-1.7695935E+002
-1.7568745E+002
-1.7435644E+002
-1.7297313E+002
-1.7153780E+002
-1.7005115E+002
-1.6851313E+002
-1.6692150E+002
-1.6527920E+002
-1.6357964E+002
-1.6183671E+002
-1.6004867E+002
-1.5822012E+002
-1.5634660E+002
-1.5443101E+002
-1.5246827E+002
-1.5046133E+002
-1.4841011E+002
-1.4631496E+002
-1.4417907E+002
-1.4200277E+002
-1.3980280E+002
-1.3758621E+002
-1.3535068E+002
-1.3309407E+002
-1.3080575E+002
-1.2848374E+002
-1.2613307E+002
-1.2376927E+002
-1.2140791E+002
-1.1904842E+002
-1.1668978E+002
-1.1431432E+002
-1.1192143E+002
-1.0950946E+002
-1.0709218E+002
-1.0469277E+002
-1.0231835E+002
-9.9756104E+001
-9.7146194E+001
-9.4528952E+001
-9.1902326E+001
-8.9277883E+001
-8.6690639E+001
-8.4149642E+001
-8.1654825E+001
-7.9202823E+001
-7.6788789E+001
-7.4414623E+001
-7.2076586E+001
-6.9756374E+001
-6.7450034E+001
-6.5159708E+001
-6.2915718E+001
-6.0748816E+001
-5.8666363E+001
-5.6660142E+001
-5.4694584E+001
-5.2752877E+001
-5.0835047E+001
-4.8950480E+001
-4.7126451E+001
-4.5371452E+001
-4.3683145E+001
-4.2058861E+001
-4.0490190E+001
-3.8976270E+001
-3.7518017E+001
-3.6103557E+001
-3.4722510E+001
-3.3374067E+001
-3.2059172E+001
-3.0797326E+001
-2.9605255E+001
-2.8484634E+001
-2.7433654E+001
-2.6449588E+001
-2.5529415E+001
-2.4672477E+001
-2.3876517E+001
-2.3102104E+001
-2.2307751E+001
-2.1490272E+001
-2.0651010E+001
-1.9843788E+001
-1.9158121E+001
-1.8601696E+001
-1.8172061E+001
-1.7834409E+001
-1.7467824E+001
-1.7050093E+001
-1.6579779E+001
-1.6068058E+001
-1.5596141E+001
-1.5211088E+001
-1.4909801E+001
-1.4693880E+001
-1.4525503E+001
-1.4345244E+001
-1.4145787E+001
-1.3928479E+001
-1.3699680E+001
-1.3503709E+001
-1.3363575E+001
-1.3278637E+001
-1.3248770E+001
-1.3251639E+001
-1.3227717E+001
-1.3169086E+001
-1.3075097E+001
-1.2945751E+001
-1.2816719E+001
-1.2733369E+001
-1.2697697E+001
-1.2710582E+001
-1.2768097E+001
-1.2825830E+001
-1.2842642E+001
-1.2817159E+001
-1.2749900E+001
-1.2642586E+001
-1.2533533E+001
-1.2456399E+001
-1.2410468E+001
-1.2396975E+001
-1.2413909E+001
-1.2425524E+001
-1.2387532E+001
-1.2297783E+001
-1.2157975E+001
-1.1967894E+001
-1.1749644E+001
-1.1552147E+001
-1.1381077E+001
-1.1238284E+001
-1.1120903E+001
-1.1020663E+001
-1.0866751E+001
-1.0628389E+001
-1.0306159E+001
-9.9021585E+000
-9.4164575E+000
-8.9117323E+000
-8.4981099E+000
-8.1866996E+000
-7.9739946E+000
-7.8617789E+000
-7.8300530E+000
-7.5990917E+000
-6.9520696E+000
-5.8840209E+000
-4.4043207E+000
-2.5176993E+000
-3.0380379E-001
1.5428561E+000
2.6541053E+000
3.0345265E+000
2.6966001E+000
1.8545056E+000
1.2958801E+000
1.2232988E+000
1.6539630E+000
2.5888431E+000
3.7190061E+000
4.7310227E+000
5.6085686E+000
6.3460921E+000
7.0046606E+000
7.6972470E+000
8.4381867E+000
9.2264137E+000
1.0049163E+001
1.0870254E+001
1.1687218E+001
1.2501908E+001
1.3478844E+001
1.4804094E+001
1.6070184E+001
1.7113204E+001
1.7928996E+001
1.8528388E+001
1.9137935E+001
1.9914504E+001
2.0863772E+001
2.1948295E+001
2.2985908E+001
2.3926986E+001
2.4772398E+001
2.5594878E+001
2.6444138E+001
2.7321737E+001
2.8211885E+001
2.9100791E+001
2.9986703E+001
3.0876517E+001
3.1776198E+001
3.2686425E+001
3.3604459E+001
3.4528862E+001
3.5457987E+001
3.6385240E+001
3.7308236E+001
3.8227908E+001
3.9145771E+001
4.0059954E+001
4.0974335E+001
4.1887127E+001
4.2800432E+001
4.3716692E+001
4.4630301E+001
4.5536535E+001
4.6434342E+001
4.7329143E+001
4.8221435E+001
4.9105016E+001
4.9977876E+001
5.0838642E+001
5.1688500E+001
5.2528711E+001
5.3363558E+001
5.4181963E+001
5.4963047E+001
5.5718802E+001
5.6484726E+001
5.7250624E+001
5.7981816E+001
5.8682889E+001
5.9379901E+001
6.0066285E+001
6.0724715E+001
6.1347018E+001
6.1927389E+001
6.2480886E+001
6.3029605E+001
6.3570064E+001
6.4094582E+001
6.4547452E+001
6.4917074E+001
6.5312442E+001
6.5738638E+001
6.6107007E+001
6.6417191E+001
6.6690414E+001
6.6935311E+001
6.7154913E+001
6.7355491E+001
6.7532112E+001
6.7678007E+001
6.7804382E+001
6.7921653E+001
6.8004865E+001
6.8052085E+001
6.8082547E+001
6.8098592E+001
6.8097402E+001
6.8062017E+001
6.7995096E+001
6.7903763E+001
6.7805227E+001
6.7710537E+001
6.7620913E+001
6.7462143E+001
6.7244333E+001
6.7078746E+001
6.6912405E+001
6.6702774E+001
6.6450532E+001
6.6231256E+001
6.6018179E+001
6.5708303E+001
6.5442142E+001
6.5187296E+001
6.4847318E+001
6.4574310E+001
6.4279378E+001
6.3909788E+001
6.3607370E+001
6.3268832E+001
6.2899478E+001
6.2566967E+001
6.2209770E+001
6.1465870E+001
6.0832707E+001
6.0447302E+001
6.0117945E+001
5.9662897E+001
5.9334195E+001
5.8875026E+001
5.8537685E+001
5.8074717E+001
5.7732135E+001
5.7255074E+001
5.6887817E+001
5.6421955E+001
5.6071934E+001
5.5610299E+001
5.5265957E+001
5.4784731E+001
5.4414760E+001
5.3931847E+001
5.3529530E+001
5.3173974E+001
5.2716399E+001
5.2342865E+001
5.1863044E+001
5.1493068E+001
5.1028362E+001
5.0716277E+001
5.0205941E+001
4.9857615E+001
4.9378770E+001
4.8894554E+001
4.8527108E+001
4.8123696E+001
4.7757728E+001
4.7346610E+001
4.6872954E+001
4.6496453E+001
4.6092254E+001
4.5641804E+001
4.5298599E+001
4.4906016E+001
4.4470396E+001
4.4136611E+001
4.3763012E+001
4.3346407E+001
4.3020851E+001
4.2644561E+001
4.2297647E+001
4.1679683E+001
4.1531753E+001
4.1028093E+001
4.0729382E+001
4.1419097E+001
4.1665412E+001
4.0506493E+001
3.8710603E+001
3.7435671E+001
3.7450845E+001
3.8118361E+001
3.8713166E+001
3.8634998E+001
3.8036807E+001
3.7284372E+001
3.6854919E+001
3.6501254E+001
3.6290721E+001
3.6025504E+001
3.5664944E+001
3.5351503E+001
3.5090231E+001
3.4752722E+001
3.4463104E+001
3.4211742E+001
3.3897371E+001
3.3644480E+001
3.3316591E+001
3.3029253E+001
3.2795745E+001
3.2475617E+001
3.2237745E+001
3.1924831E+001
3.1653793E+001
3.1415267E+001
3.1160319E+001
3.0836705E+001
3.0614176E+001
3.0362978E+001
3.0186314E+001
3.0055255E+001
2.9795716E+001
2.9479422E+001
2.9117636E+001
2.8814076E+001
2.8502404E+001
2.8277681E+001
2.8111015E+001
2.7877574E+001
2.7661128E+001
2.7470447E+001
2.7204852E+001
2.6969149E+001
2.6770904E+001
2.6516859E+001
2.6296869E+001
2.6098812E+001
2.5858671E+001
2.5667282E+001
2.5426839E+001
2.5239523E+001
2.5000927E+001
2.4821548E+001
2.4589135E+001
2.4407639E+001
2.4184477E+001
2.4007900E+001
2.3782009E+001
2.3610109E+001
2.3390975E+001
2.3195529E+001
2.3025239E+001
2.2812795E+001
2.2644126E+001
2.2436972E+001
2.2250573E+001
2.2083359E+001
2.1885061E+001
2.1720211E+001
2.1521008E+001
2.1364604E+001
2.1168924E+001
2.0992899E+001
2.0817900E+001
2.0667726E+001
2.0478121E+001
2.0305189E+001
2.0158752E+001
1.9974579E+001
1.9807363E+001
1.9662318E+001
1.9484429E+001
1.9339175E+001
1.9162595E+001
1.9003320E+001
1.8865084E+001
1.8693575E+001
1.8538620E+001
1.8402833E+001
1.8236025E+001
1.8085689E+001
1.7937521E+001
1.7805264E+001
1.7642655E+001
1.7496933E+001
1.7367763E+001
1.7211450E+001
1.7069539E+001
1.6945227E+001
1.6797427E+001
1.6654803E+001
1.6518284E+001
1.6382588E+001
1.6248986E+001
1.6128238E+001
1.5983716E+001
1.5834339E+001
1.5734064E+001
1.5531013E+001
1.5546920E+001
1.5324316E+001
1.5259162E+001
1.5131446E+001
1.5029448E+001
1.4925230E+001
1.4810351E+001
1.4686606E+001
1.4579592E+001
1.4463135E+001
1.4346334E+001
1.4239186E+001
1.4145292E+001
1.4065872E+001
1.3981561E+001
1.3921184E+001
1.3847242E+001
1.3764942E+001
1.3673141E+001
1.3563249E+001
1.3466285E+001
1.3357607E+001
1.3257938E+001
1.3151176E+001
1.3068179E+001
1.2985100E+001
1.2893936E+001
1.2823197E+001
1.2746323E+001
1.2658805E+001
1.2586670E+001
1.2499637E+001
1.2425078E+001
1.2345398E+001
1.2258056E+001
1.2183829E+001
1.2100099E+001
1.2027798E+001
1.1945791E+001
1.1874759E+001
1.1795468E+001
1.1725066E+001
1.1643900E+001
1.1579359E+001
1.1505197E+001
1.1439273E+001
1.1367752E+001
1.1303241E+001
1.1234721E+001
1.1171981E+001
1.1105833E+001
1.1042298E+001
1.0983024E+001
1.0920128E+001
1.0861158E+001
1.0800352E+001
1.0740854E+001
1.0683780E+001
1.0624902E+001
1.0568601E+001
1.0510614E+001
1.0453300E+001
1.0396968E+001
1.0340624E+001
1.0285367E+001
1.0229204E+001
1.0173202E+001
1.0117519E+001
1.0062119E+001
1.0006923E+001
9.9512632E+000
9.8968790E+000
9.8427145E+000
9.7885391E+000
9.7331029E+000
9.6802852E+000
9.6271986E+000
9.5739696E+000
9.5183465E+000
9.4675739E+000
9.4159215E+000
9.3615575E+000
9.3119115E+000
9.2619394E+000
9.2113002E+000
9.1618129E+000
9.1061716E+000
9.0639218E+000
9.0031441E+000
8.9891728E+000
8.9129517E+000
8.8612640E+000
8.8202422E+000
8.7776426E+000
8.7250084E+000
8.6831673E+000
8.6337762E+000
8.5929457E+000
8.5438800E+000
8.5040542E+000
8.4580645E+000
8.4167606E+000
8.3792725E+000
8.3350974E+000
8.2934831E+000
8.2520592E+000
8.2077033E+000
8.1638212E+000
8.1222414E+000
8.0804407E+000
8.0463375E+000
8.0245561E+000
8.0114670E+000
8.0109466E+000
8.0180879E+000
8.0403931E+000
8.0713218E+000
8.0988366E+000
8.1097498E+000
8.1199385E+000
8.1495461E+000
8.1007816E+000
8.0391571E+000
7.9726942E+000
7.9008567E+000
7.8005202E+000
7.7032665E+000
7.6125892E+000
7.5359503E+000
7.4669879E+000
7.4045001E+000
7.3493901E+000
7.3018533E+000
7.2623078E+000
7.2262796E+000
7.1932409E+000
7.1604250E+000
7.1249293E+000
7.0859976E+000
7.0403794E+000
6.9890659E+000
6.9334172E+000
6.8749863E+000
6.8153309E+000
6.7558742E+000
6.6980752E+000
6.6428725E+000
6.5899266E+000
6.5391434E+000
6.4904475E+000
6.4438717E+000
6.3994620E+000
6.3491552E+000
6.3134089E+000
6.2839173E+000
6.2390782E+000
6.1961919E+000
6.1561001E+000
6.1164216E+000
6.0768842E+000
6.0361126E+000
5.9948103E+000
5.9537624E+000
5.9132914E+000
5.8733957E+000
5.8337536E+000
5.7945885E+000
5.7559930E+000
5.7179384E+000
5.6801709E+000
5.6425775E+000
5.6050672E+000
5.5677190E+000
5.5305593E+000
5.4937264E+000
5.4570333E+000
5.4205539E+000
5.3843827E+000
5.3487176E+000
5.3134106E+000
5.2782920E+000
5.2434443E+000
5.2090628E+000
5.1749439E+000
5.1410059E+000
5.1089310E+000
5.0744606E+000
5.0406728E+000
5.0076348E+000
4.9748053E+000
4.9421063E+000
4.9095809E+000
4.8771964E+000
4.8449819E+000
4.8127962E+000
4.7807113E+000
4.7487044E+000
4.7188550E+000
4.6858381E+000
4.6533894E+000
4.6219657E+000
4.5907880E+000
4.5599040E+000
4.5291136E+000
4.4985362E+000
4.4706726E+000
4.4395244E+000
4.4091663E+000
4.3797911E+000
4.3507673E+000
4.3220199E+000
4.2956840E+000
4.2657901E+000
4.2366048E+000
4.2083837E+000
4.1801587E+000
4.1540037E+000
4.1243799E+000
4.0957138E+000
4.0680199E+000
4.0423470E+000
4.0132450E+000
3.9850834E+000
3.9580147E+000
3.9331994E+000
3.9049988E+000
3.8775866E+000
3.8532980E+000
3.8257907E+000
3.7991309E+000
3.7734097E+000
3.7498940E+000
3.7232714E+000
3.6974919E+000
3.6745904E+000
3.6485787E+000
3.6233314E+000
3.6007520E+000
3.5752181E+000
3.5520082E+000
3.5265834E+000
3.5018373E+000
3.4795164E+000
3.4545037E+000
3.4318730E+000
3.4072735E+000
3.3849913E+000
3.3607984E+000
3.3388308E+000
3.3150363E+000
3.2919318E+000
3.2709039E+000
3.2477076E+000
3.2264893E+000
3.2035966E+000
3.1823900E+000
3.1608288E+000
3.1379020E+000
3.1169723E+000
3.0947651E+000
3.0740366E+000
3.0521972E+000
3.0318121E+000
3.0105805E+000
2.9905513E+000
2.9703888E+000
2.9494825E+000
2.9297274E+000
2.9098599E+000
2.8895162E+000
2.8701029E+000
2.8503105E+000
2.8309597E+000
2.8117051E+000
2.7924390E+000
2.7731757E+000
2.7541214E+000
2.7351109E+000
2.7161544E+000
2.6973111E+000
2.6785982E+000
2.6600165E+000
2.6419464E+000
2.6236109E+000
2.6055115E+000
2.5875569E+000
2.5696299E+000
2.5524404E+000
2.5343700E+000
2.5165453E+000
2.4989448E+000
2.4814219E+000
2.4644958E+000
2.4469504E+000
2.4296199E+000
2.4125990E+000
2.3957527E+000
2.3790066E+000
2.3638135E+000
2.3462825E+000
2.3294025E+000
2.3130803E+000
2.2967886E+000
2.2806291E+000
2.2646371E+000
2.2486918E+000
2.2331654E+000
2.2171585E+000
2.2013735E+000
2.1858206E+000
2.1703962E+000
2.1551132E+000
2.1399905E+000
2.1249994E+000
2.1070061E+000
2.0942488E+000
2.0805167E+000
2.0654888E+000
2.0510793E+000
2.0366899E+000
2.0222815E+000
2.0079159E+000
1.9936277E+000
1.9794171E+000
1.9652908E+000
1.9466746E+000
1.9358334E+000
1.9234298E+000
1.9097750E+000
1.8961957E+000
1.8774987E+000
1.8675078E+000
1.8556619E+000
1.8423597E+000
1.8291612E+000
1.8102843E+000
1.8011048E+000
1.7860208E+000
1.7754185E+000
1.7636420E+000
1.7509773E+000
1.7318324E+000
1.7238130E+000
1.7133587E+000
1.6942020E+000
1.6868049E+000
1.6767401E+000
1.6574309E+000
1.6503929E+000
1.6405390E+000
1.6210722E+000
1.6145687E+000
1.6050864E+000
1.5853596E+000
1.5775259E+000
1.5692786E+000
1.5498640E+000
1.5445791E+000
1.5269821E+000
1.5220759E+000
1.5044381E+000
1.4997379E+000
1.4913330E+000
1.4708094E+000
1.4668577E+000
1.4489883E+000
1.4452224E+000
1.4267026E+000
1.4238640E+000
1.4079663E+000
1.3920980E+000
1.3918116E+000
1.3733478E+000
1.3593873E+000
1.3480278E+000
1.3479925E+000
1.3287828E+000
1.3151048E+000
1.3157862E+000
1.2966032E+000
1.2831007E+000
1.2725107E+000
1.2686776E+000
1.2527173E+000
1.2405439E+000
1.2428448E+000
1.2232501E+000
1.2100263E+000
1.1998226E+000
1.1897149E+000
1.1796323E+000
1.1696791E+000
1.1730715E+000
1.1531666E+000
1.1391110E+000
1.1296601E+000
1.1201056E+000
1.1106808E+000
1.1012753E+000
1.0919587E+000
1.0824307E+000
1.0729239E+000
1.0636615E+000
1.0545778E+000
1.0497357E+000
1.0365190E+000
1.0263749E+000
1.0174739E+000
1.0086246E+000
9.9985637E-001
9.9115140E-001
9.8245341E-001
9.5748620E-001
9.6197307E-001
9.6770884E-001
9.3316290E-001
9.3578027E-001
9.3118358E-001
9.2297427E-001
9.1482194E-001
9.0671198E-001
8.9871056E-001
8.7281452E-001
8.7817933E-001
8.7373206E-001
8.6570866E-001
8.4465852E-001
8.4701054E-001
8.4184057E-001
8.2539753E-001
8.2439779E-001
8.1845010E-001
8.0391392E-001
7.9164100E-001
7.9295299E-001
7.8736743E-001
7.6947000E-001
7.7031024E-001
7.5395248E-001
7.5518748E-001
7.3543822E-001
7.3893294E-001
7.2206721E-001
7.2463331E-001
7.1982931E-001
6.9987956E-001
7.0327107E-001
6.9206599E-001
6.7625874E-001
6.8176323E-001
6.6330760E-001
6.6813468E-001
6.4942811E-001
6.5482874E-001
6.3241169E-001
6.4062925E-001
6.2146138E-001
6.2798903E-001
6.0821305E-001
5.9867845E-001
6.0874737E-001
5.8879194E-001
5.9576666E-001
5.7475520E-001
5.6525256E-001
5.7704526E-001
5.5583548E-001
5.6507096E-001
5.4852937E-001
5.3435031E-001
5.2717656E-001
5.4073368E-001
5.1858818E-001
5.0942721E-001
5.1388784E-001
4.9840574E-001
5.1173583E-001
4.8866392E-001
4.7978954E-001
4.7310331E-001
4.9152959E-001
4.6318390E-001
4.5833504E-001
4.5333955E-001
4.6876954E-001
4.4529046E-001
4.3659120E-001
4.2957144E-001
4.2400901E-001
4.3978985E-001
4.1694420E-001
4.0840446E-001
4.0736607E-001
3.9807262E-001
3.9220775E-001
4.0764218E-001
3.8531171E-001
3.7725820E-001
3.8055993E-001
3.6786828E-001
3.8210941E-001
3.6020423E-001
3.5232983E-001
3.6762913E-001
3.3909785E-001
3.5618800E-001
3.3494605E-001
3.4750321E-001
3.2595386E-001
3.1863480E-001
3.3942622E-001
3.1296470E-001
3.2490429E-001
3.0351610E-001
2.9623573E-001
3.1229650E-001
2.9983795E-001
2.8450055E-001
2.9905843E-001
2.7824987E-001
2.9137897E-001
2.7055564E-001
2.7554641E-001
2.8098346E-001
2.5807767E-001
2.7118754E-001
2.5044034E-001
2.6391046E-001
2.5898975E-001
2.3822112E-001
2.5231913E-001
2.5175925E-001
2.2791617E-001
2.4148916E-001
2.1957474E-001
2.3349002E-001
2.3488277E-001
2.0808575E-001
2.2645603E-001
1.9998319E-001
2.2450384E-001
1.9074420E-001
2.1481343E-001
2.1666868E-001
1.8094081E-001
2.0545444E-001
1.8310782E-001
1.9942797E-001
1.6635938E-001
1.9183800E-001
1.9399222E-001
1.5751907E-001
1.9802077E-001
1.5273526E-001
1.7690067E-001
1.7913855E-001
1.4169461E-001
1.6801614E-001
1.5545388E-001
1.6497680E-001
1.6263151E-001
1.5920552E-001
1.1972559E-001
1.4777486E-001
1.4260939E-001
1.4844363E-001
1.4742891E-001
1.4498009E-001
1.1437756E-001
1.3520767E-001
1.4226578E-001
1.0395729E-001
1.2614797E-001
1.2805686E-001
1.2558773E-001
1.2302732E-001
9.8100944E-002
1.1338196E-001
1.1376632E-001
1.1129130E-001
1.0883501E-001
1.0647883E-001
8.4315630E-002
9.7554007E-002
9.7537816E-002
9.5030784E-002
9.2594714E-002
9.0217743E-002
7.1575854E-002
8.2123467E-002
8.1832149E-002
7.9480654E-002
7.7089606E-002
7.4687352E-002
6.0185419E-002
6.6835386E-002
6.5732614E-002
6.3148553E-002
6.0758638E-002
1.0508331E-001
5.6330388E-002
5.2153199E-002
5.0182640E-002
5.2306634E-002
5.0624296E-002
4.8095973E-002
4.5540854E-002
4.1441977E-002
3.9041853E-002
3.6327273E-002
3.3615262E-002
3.0985731E-002
2.8453646E-002
2.9487811E-002
2.1970092E-002
6.5596078E-002
2.1360322E-002
