        1601
 -2.000000000000000E-002
 -1.997500000000000E-002
 -1.995000000000000E-002
 -1.992500000000000E-002
 -1.990000000000000E-002
 -1.987500000000000E-002
 -1.985000000000000E-002
 -1.982500000000000E-002
 -1.979999999999999E-002
 -1.977499999999999E-002
 -1.974999999999999E-002
 -1.972499999999999E-002
 -1.969999999999999E-002
 -1.967499999999999E-002
 -1.964999999999999E-002
 -1.962499999999999E-002
 -1.959999999999999E-002
 -1.957499999999999E-002
 -1.954999999999999E-002
 -1.952499999999999E-002
 -1.949999999999999E-002
 -1.947499999999999E-002
 -1.944999999999998E-002
 -1.942499999999998E-002
 -1.939999999999998E-002
 -1.937499999999998E-002
 -1.934999999999998E-002
 -1.932499999999998E-002
 -1.929999999999998E-002
 -1.927499999999998E-002
 -1.924999999999998E-002
 -1.922499999999998E-002
 -1.919999999999998E-002
 -1.917499999999998E-002
 -1.914999999999998E-002
 -1.912499999999998E-002
 -1.909999999999997E-002
 -1.907499999999997E-002
 -1.904999999999997E-002
 -1.902499999999997E-002
 -1.899999999999997E-002
 -1.897499999999997E-002
 -1.894999999999997E-002
 -1.892499999999997E-002
 -1.889999999999997E-002
 -1.887499999999997E-002
 -1.884999999999997E-002
 -1.882499999999997E-002
 -1.879999999999997E-002
 -1.877499999999997E-002
 -1.874999999999996E-002
 -1.872499999999996E-002
 -1.869999999999996E-002
 -1.867499999999996E-002
 -1.864999999999996E-002
 -1.862499999999996E-002
 -1.859999999999996E-002
 -1.857499999999996E-002
 -1.854999999999996E-002
 -1.852499999999996E-002
 -1.849999999999996E-002
 -1.847499999999996E-002
 -1.844999999999996E-002
 -1.842499999999996E-002
 -1.839999999999995E-002
 -1.837499999999995E-002
 -1.834999999999995E-002
 -1.832499999999995E-002
 -1.829999999999995E-002
 -1.827499999999995E-002
 -1.824999999999995E-002
 -1.822499999999995E-002
 -1.819999999999995E-002
 -1.817499999999995E-002
 -1.814999999999995E-002
 -1.812499999999995E-002
 -1.809999999999995E-002
 -1.807499999999995E-002
 -1.804999999999994E-002
 -1.802499999999994E-002
 -1.799999999999994E-002
 -1.797499999999994E-002
 -1.794999999999994E-002
 -1.792499999999994E-002
 -1.789999999999994E-002
 -1.787499999999994E-002
 -1.784999999999994E-002
 -1.782499999999994E-002
 -1.779999999999994E-002
 -1.777499999999994E-002
 -1.774999999999994E-002
 -1.772499999999994E-002
 -1.769999999999993E-002
 -1.767499999999993E-002
 -1.764999999999993E-002
 -1.762499999999993E-002
 -1.759999999999993E-002
 -1.757499999999993E-002
 -1.754999999999993E-002
 -1.752499999999993E-002
 -1.749999999999993E-002
 -1.747499999999993E-002
 -1.744999999999993E-002
 -1.742499999999993E-002
 -1.739999999999993E-002
 -1.737499999999993E-002
 -1.734999999999992E-002
 -1.732499999999992E-002
 -1.729999999999992E-002
 -1.727499999999992E-002
 -1.724999999999992E-002
 -1.722499999999992E-002
 -1.719999999999992E-002
 -1.717499999999992E-002
 -1.714999999999992E-002
 -1.712499999999992E-002
 -1.709999999999992E-002
 -1.707499999999992E-002
 -1.704999999999992E-002
 -1.702499999999992E-002
 -1.699999999999991E-002
 -1.697499999999991E-002
 -1.694999999999991E-002
 -1.692499999999991E-002
 -1.689999999999991E-002
 -1.687499999999991E-002
 -1.684999999999991E-002
 -1.682499999999991E-002
 -1.679999999999991E-002
 -1.677499999999991E-002
 -1.674999999999991E-002
 -1.672499999999991E-002
 -1.669999999999991E-002
 -1.667499999999991E-002
 -1.664999999999990E-002
 -1.662499999999990E-002
 -1.659999999999990E-002
 -1.657499999999990E-002
 -1.654999999999990E-002
 -1.652499999999990E-002
 -1.649999999999990E-002
 -1.647499999999990E-002
 -1.644999999999990E-002
 -1.642499999999990E-002
 -1.639999999999990E-002
 -1.637499999999990E-002
 -1.634999999999990E-002
 -1.632499999999990E-002
 -1.629999999999989E-002
 -1.627499999999989E-002
 -1.624999999999989E-002
 -1.622499999999989E-002
 -1.619999999999989E-002
 -1.617499999999989E-002
 -1.614999999999989E-002
 -1.612499999999989E-002
 -1.609999999999989E-002
 -1.607499999999989E-002
 -1.604999999999989E-002
 -1.602499999999989E-002
 -1.599999999999989E-002
 -1.597499999999989E-002
 -1.594999999999988E-002
 -1.592499999999988E-002
 -1.589999999999988E-002
 -1.587499999999988E-002
 -1.584999999999988E-002
 -1.582499999999988E-002
 -1.579999999999988E-002
 -1.577499999999988E-002
 -1.574999999999988E-002
 -1.572499999999988E-002
 -1.569999999999988E-002
 -1.567499999999988E-002
 -1.564999999999988E-002
 -1.562499999999988E-002
 -1.559999999999987E-002
 -1.557499999999987E-002
 -1.554999999999987E-002
 -1.552499999999987E-002
 -1.549999999999987E-002
 -1.547499999999987E-002
 -1.544999999999987E-002
 -1.542499999999987E-002
 -1.539999999999987E-002
 -1.537499999999987E-002
 -1.534999999999987E-002
 -1.532499999999987E-002
 -1.529999999999987E-002
 -1.527499999999987E-002
 -1.524999999999986E-002
 -1.522499999999986E-002
 -1.519999999999986E-002
 -1.517499999999986E-002
 -1.514999999999986E-002
 -1.512499999999986E-002
 -1.509999999999986E-002
 -1.507499999999986E-002
 -1.504999999999986E-002
 -1.502499999999986E-002
 -1.499999999999986E-002
 -1.497499999999986E-002
 -1.494999999999986E-002
 -1.492499999999986E-002
 -1.489999999999985E-002
 -1.487499999999985E-002
 -1.484999999999985E-002
 -1.482499999999985E-002
 -1.479999999999985E-002
 -1.477499999999985E-002
 -1.474999999999985E-002
 -1.472499999999985E-002
 -1.469999999999985E-002
 -1.467499999999985E-002
 -1.464999999999985E-002
 -1.462499999999985E-002
 -1.459999999999985E-002
 -1.457499999999985E-002
 -1.454999999999984E-002
 -1.452499999999984E-002
 -1.449999999999984E-002
 -1.447499999999984E-002
 -1.444999999999984E-002
 -1.442499999999984E-002
 -1.439999999999984E-002
 -1.437499999999984E-002
 -1.434999999999984E-002
 -1.432499999999984E-002
 -1.429999999999984E-002
 -1.427499999999984E-002
 -1.424999999999984E-002
 -1.422499999999983E-002
 -1.419999999999983E-002
 -1.417499999999983E-002
 -1.414999999999983E-002
 -1.412499999999983E-002
 -1.409999999999983E-002
 -1.407499999999983E-002
 -1.404999999999983E-002
 -1.402499999999983E-002
 -1.399999999999983E-002
 -1.397499999999983E-002
 -1.394999999999983E-002
 -1.392499999999983E-002
 -1.389999999999983E-002
 -1.387499999999982E-002
 -1.384999999999982E-002
 -1.382499999999982E-002
 -1.379999999999982E-002
 -1.377499999999982E-002
 -1.374999999999982E-002
 -1.372499999999982E-002
 -1.369999999999982E-002
 -1.367499999999982E-002
 -1.364999999999982E-002
 -1.362499999999982E-002
 -1.359999999999982E-002
 -1.357499999999982E-002
 -1.354999999999982E-002
 -1.352499999999981E-002
 -1.349999999999981E-002
 -1.347499999999981E-002
 -1.344999999999981E-002
 -1.342499999999981E-002
 -1.339999999999981E-002
 -1.337499999999981E-002
 -1.334999999999981E-002
 -1.332499999999981E-002
 -1.329999999999981E-002
 -1.327499999999981E-002
 -1.324999999999981E-002
 -1.322499999999981E-002
 -1.319999999999981E-002
 -1.317499999999980E-002
 -1.314999999999980E-002
 -1.312499999999980E-002
 -1.309999999999980E-002
 -1.307499999999980E-002
 -1.304999999999980E-002
 -1.302499999999980E-002
 -1.299999999999980E-002
 -1.297499999999980E-002
 -1.294999999999980E-002
 -1.292499999999980E-002
 -1.289999999999980E-002
 -1.287499999999980E-002
 -1.284999999999980E-002
 -1.282499999999979E-002
 -1.279999999999979E-002
 -1.277499999999979E-002
 -1.274999999999979E-002
 -1.272499999999979E-002
 -1.269999999999979E-002
 -1.267499999999979E-002
 -1.264999999999979E-002
 -1.262499999999979E-002
 -1.259999999999979E-002
 -1.257499999999979E-002
 -1.254999999999979E-002
 -1.252499999999979E-002
 -1.249999999999979E-002
 -1.247499999999978E-002
 -1.244999999999978E-002
 -1.242499999999978E-002
 -1.239999999999978E-002
 -1.237499999999978E-002
 -1.234999999999978E-002
 -1.232499999999978E-002
 -1.229999999999978E-002
 -1.227499999999978E-002
 -1.224999999999978E-002
 -1.222499999999978E-002
 -1.219999999999978E-002
 -1.217499999999978E-002
 -1.214999999999978E-002
 -1.212499999999977E-002
 -1.209999999999977E-002
 -1.207499999999977E-002
 -1.204999999999977E-002
 -1.202499999999977E-002
 -1.199999999999977E-002
 -1.197499999999977E-002
 -1.194999999999977E-002
 -1.192499999999977E-002
 -1.189999999999977E-002
 -1.187499999999977E-002
 -1.184999999999977E-002
 -1.182499999999977E-002
 -1.179999999999977E-002
 -1.177499999999976E-002
 -1.174999999999976E-002
 -1.172499999999976E-002
 -1.169999999999976E-002
 -1.167499999999976E-002
 -1.164999999999976E-002
 -1.162499999999976E-002
 -1.159999999999976E-002
 -1.157499999999976E-002
 -1.154999999999976E-002
 -1.152499999999976E-002
 -1.149999999999976E-002
 -1.147499999999976E-002
 -1.144999999999976E-002
 -1.142499999999975E-002
 -1.139999999999975E-002
 -1.137499999999975E-002
 -1.134999999999975E-002
 -1.132499999999975E-002
 -1.129999999999975E-002
 -1.127499999999975E-002
 -1.124999999999975E-002
 -1.122499999999975E-002
 -1.119999999999975E-002
 -1.117499999999975E-002
 -1.114999999999975E-002
 -1.112499999999975E-002
 -1.109999999999975E-002
 -1.107499999999974E-002
 -1.104999999999974E-002
 -1.102499999999974E-002
 -1.099999999999974E-002
 -1.097499999999974E-002
 -1.094999999999974E-002
 -1.092499999999974E-002
 -1.089999999999974E-002
 -1.087499999999974E-002
 -1.084999999999974E-002
 -1.082499999999974E-002
 -1.079999999999974E-002
 -1.077499999999974E-002
 -1.074999999999974E-002
 -1.072499999999973E-002
 -1.069999999999973E-002
 -1.067499999999973E-002
 -1.064999999999973E-002
 -1.062499999999973E-002
 -1.059999999999973E-002
 -1.057499999999973E-002
 -1.054999999999973E-002
 -1.052499999999973E-002
 -1.049999999999973E-002
 -1.047499999999973E-002
 -1.044999999999973E-002
 -1.042499999999973E-002
 -1.039999999999973E-002
 -1.037499999999972E-002
 -1.034999999999972E-002
 -1.032499999999972E-002
 -1.029999999999972E-002
 -1.027499999999972E-002
 -1.024999999999972E-002
 -1.022499999999972E-002
 -1.019999999999972E-002
 -1.017499999999972E-002
 -1.014999999999972E-002
 -1.012499999999972E-002
 -1.009999999999972E-002
 -1.007499999999972E-002
 -1.004999999999972E-002
 -1.002499999999971E-002
 -9.999999999999714E-003
 -9.974999999999713E-003
 -9.949999999999713E-003
 -9.924999999999712E-003
 -9.899999999999711E-003
 -9.874999999999710E-003
 -9.849999999999710E-003
 -9.824999999999709E-003
 -9.799999999999708E-003
 -9.774999999999708E-003
 -9.749999999999707E-003
 -9.724999999999706E-003
 -9.699999999999705E-003
 -9.674999999999705E-003
 -9.649999999999704E-003
 -9.624999999999703E-003
 -9.599999999999703E-003
 -9.574999999999702E-003
 -9.549999999999701E-003
 -9.524999999999700E-003
 -9.499999999999700E-003
 -9.474999999999699E-003
 -9.449999999999698E-003
 -9.424999999999698E-003
 -9.399999999999697E-003
 -9.374999999999696E-003
 -9.349999999999695E-003
 -9.324999999999695E-003
 -9.299999999999694E-003
 -9.274999999999693E-003
 -9.249999999999692E-003
 -9.224999999999692E-003
 -9.199999999999691E-003
 -9.174999999999690E-003
 -9.149999999999690E-003
 -9.124999999999689E-003
 -9.099999999999688E-003
 -9.074999999999687E-003
 -9.049999999999687E-003
 -9.024999999999686E-003
 -8.999999999999685E-003
 -8.974999999999685E-003
 -8.949999999999684E-003
 -8.924999999999683E-003
 -8.899999999999682E-003
 -8.874999999999682E-003
 -8.849999999999681E-003
 -8.824999999999680E-003
 -8.799999999999680E-003
 -8.774999999999679E-003
 -8.749999999999678E-003
 -8.724999999999677E-003
 -8.699999999999677E-003
 -8.674999999999676E-003
 -8.649999999999675E-003
 -8.624999999999675E-003
 -8.599999999999674E-003
 -8.574999999999673E-003
 -8.549999999999672E-003
 -8.524999999999672E-003
 -8.499999999999671E-003
 -8.474999999999670E-003
 -8.449999999999670E-003
 -8.424999999999669E-003
 -8.399999999999668E-003
 -8.374999999999667E-003
 -8.349999999999667E-003
 -8.324999999999666E-003
 -8.299999999999665E-003
 -8.274999999999665E-003
 -8.249999999999664E-003
 -8.224999999999663E-003
 -8.199999999999662E-003
 -8.174999999999662E-003
 -8.149999999999661E-003
 -8.124999999999660E-003
 -8.099999999999660E-003
 -8.074999999999659E-003
 -8.049999999999658E-003
 -8.024999999999657E-003
 -7.999999999999657E-003
 -7.974999999999656E-003
 -7.949999999999655E-003
 -7.924999999999655E-003
 -7.899999999999654E-003
 -7.874999999999653E-003
 -7.849999999999652E-003
 -7.824999999999652E-003
 -7.799999999999652E-003
 -7.774999999999652E-003
 -7.749999999999652E-003
 -7.724999999999652E-003
 -7.699999999999652E-003
 -7.674999999999653E-003
 -7.649999999999653E-003
 -7.624999999999653E-003
 -7.599999999999653E-003
 -7.574999999999653E-003
 -7.549999999999653E-003
 -7.524999999999653E-003
 -7.499999999999654E-003
 -7.474999999999654E-003
 -7.449999999999654E-003
 -7.424999999999654E-003
 -7.399999999999654E-003
 -7.374999999999654E-003
 -7.349999999999655E-003
 -7.324999999999655E-003
 -7.299999999999655E-003
 -7.274999999999655E-003
 -7.249999999999655E-003
 -7.224999999999655E-003
 -7.199999999999655E-003
 -7.174999999999656E-003
 -7.149999999999656E-003
 -7.124999999999656E-003
 -7.099999999999656E-003
 -7.074999999999656E-003
 -7.049999999999656E-003
 -7.024999999999657E-003
 -6.999999999999657E-003
 -6.974999999999657E-003
 -6.949999999999657E-003
 -6.924999999999657E-003
 -6.899999999999657E-003
 -6.874999999999657E-003
 -6.849999999999658E-003
 -6.824999999999658E-003
 -6.799999999999658E-003
 -6.774999999999658E-003
 -6.749999999999658E-003
 -6.724999999999658E-003
 -6.699999999999658E-003
 -6.674999999999659E-003
 -6.649999999999659E-003
 -6.624999999999659E-003
 -6.599999999999659E-003
 -6.574999999999659E-003
 -6.549999999999659E-003
 -6.524999999999660E-003
 -6.499999999999660E-003
 -6.474999999999660E-003
 -6.449999999999660E-003
 -6.424999999999660E-003
 -6.399999999999660E-003
 -6.374999999999660E-003
 -6.349999999999661E-003
 -6.324999999999661E-003
 -6.299999999999661E-003
 -6.274999999999661E-003
 -6.249999999999661E-003
 -6.224999999999661E-003
 -6.199999999999662E-003
 -6.174999999999662E-003
 -6.149999999999662E-003
 -6.124999999999662E-003
 -6.099999999999662E-003
 -6.074999999999662E-003
 -6.049999999999662E-003
 -6.024999999999663E-003
 -5.999999999999663E-003
 -5.974999999999663E-003
 -5.949999999999663E-003
 -5.924999999999663E-003
 -5.899999999999663E-003
 -5.874999999999663E-003
 -5.849999999999664E-003
 -5.824999999999664E-003
 -5.799999999999664E-003
 -5.774999999999664E-003
 -5.749999999999664E-003
 -5.724999999999664E-003
 -5.699999999999665E-003
 -5.674999999999665E-003
 -5.649999999999665E-003
 -5.624999999999665E-003
 -5.599999999999665E-003
 -5.574999999999665E-003
 -5.549999999999665E-003
 -5.524999999999666E-003
 -5.499999999999666E-003
 -5.474999999999666E-003
 -5.449999999999666E-003
 -5.424999999999666E-003
 -5.399999999999666E-003
 -5.374999999999667E-003
 -5.349999999999667E-003
 -5.324999999999667E-003
 -5.299999999999667E-003
 -5.274999999999667E-003
 -5.249999999999667E-003
 -5.224999999999667E-003
 -5.199999999999668E-003
 -5.174999999999668E-003
 -5.149999999999668E-003
 -5.124999999999668E-003
 -5.099999999999668E-003
 -5.074999999999668E-003
 -5.049999999999668E-003
 -5.024999999999669E-003
 -4.999999999999669E-003
 -4.974999999999669E-003
 -4.949999999999669E-003
 -4.924999999999669E-003
 -4.899999999999669E-003
 -4.874999999999670E-003
 -4.849999999999670E-003
 -4.824999999999670E-003
 -4.799999999999670E-003
 -4.774999999999670E-003
 -4.749999999999670E-003
 -4.724999999999670E-003
 -4.699999999999671E-003
 -4.674999999999671E-003
 -4.649999999999671E-003
 -4.624999999999671E-003
 -4.599999999999671E-003
 -4.574999999999671E-003
 -4.549999999999671E-003
 -4.524999999999672E-003
 -4.499999999999672E-003
 -4.474999999999672E-003
 -4.449999999999672E-003
 -4.424999999999672E-003
 -4.399999999999672E-003
 -4.374999999999673E-003
 -4.349999999999673E-003
 -4.324999999999673E-003
 -4.299999999999673E-003
 -4.274999999999673E-003
 -4.249999999999673E-003
 -4.224999999999673E-003
 -4.199999999999674E-003
 -4.174999999999674E-003
 -4.149999999999674E-003
 -4.124999999999674E-003
 -4.099999999999674E-003
 -4.074999999999674E-003
 -4.049999999999675E-003
 -4.024999999999675E-003
 -3.999999999999675E-003
 -3.974999999999675E-003
 -3.949999999999675E-003
 -3.924999999999675E-003
 -3.899999999999675E-003
 -3.874999999999676E-003
 -3.849999999999676E-003
 -3.824999999999676E-003
 -3.799999999999676E-003
 -3.774999999999676E-003
 -3.749999999999676E-003
 -3.724999999999676E-003
 -3.699999999999677E-003
 -3.674999999999677E-003
 -3.649999999999677E-003
 -3.624999999999677E-003
 -3.599999999999677E-003
 -3.574999999999677E-003
 -3.549999999999678E-003
 -3.524999999999678E-003
 -3.499999999999678E-003
 -3.474999999999678E-003
 -3.449999999999678E-003
 -3.424999999999678E-003
 -3.399999999999678E-003
 -3.374999999999679E-003
 -3.349999999999679E-003
 -3.324999999999679E-003
 -3.299999999999679E-003
 -3.274999999999679E-003
 -3.249999999999679E-003
 -3.224999999999680E-003
 -3.199999999999680E-003
 -3.174999999999680E-003
 -3.149999999999680E-003
 -3.124999999999680E-003
 -3.099999999999680E-003
 -3.074999999999680E-003
 -3.049999999999681E-003
 -3.024999999999681E-003
 -2.999999999999681E-003
 -2.974999999999681E-003
 -2.949999999999681E-003
 -2.924999999999681E-003
 -2.899999999999681E-003
 -2.874999999999682E-003
 -2.849999999999682E-003
 -2.824999999999682E-003
 -2.799999999999682E-003
 -2.774999999999682E-003
 -2.749999999999682E-003
 -2.724999999999683E-003
 -2.699999999999683E-003
 -2.674999999999683E-003
 -2.649999999999683E-003
 -2.624999999999683E-003
 -2.599999999999683E-003
 -2.574999999999683E-003
 -2.549999999999684E-003
 -2.524999999999684E-003
 -2.499999999999684E-003
 -2.474999999999684E-003
 -2.449999999999684E-003
 -2.424999999999684E-003
 -2.399999999999685E-003
 -2.374999999999685E-003
 -2.349999999999685E-003
 -2.324999999999685E-003
 -2.299999999999685E-003
 -2.274999999999685E-003
 -2.249999999999685E-003
 -2.224999999999686E-003
 -2.199999999999686E-003
 -2.174999999999686E-003
 -2.149999999999686E-003
 -2.124999999999686E-003
 -2.099999999999686E-003
 -2.074999999999686E-003
 -2.049999999999687E-003
 -2.024999999999687E-003
 -1.999999999999687E-003
 -1.974999999999687E-003
 -1.949999999999687E-003
 -1.924999999999687E-003
 -1.899999999999687E-003
 -1.874999999999687E-003
 -1.849999999999687E-003
 -1.824999999999687E-003
 -1.799999999999687E-003
 -1.774999999999687E-003
 -1.749999999999686E-003
 -1.724999999999686E-003
 -1.699999999999686E-003
 -1.674999999999686E-003
 -1.649999999999686E-003
 -1.624999999999686E-003
 -1.599999999999686E-003
 -1.574999999999686E-003
 -1.549999999999686E-003
 -1.524999999999686E-003
 -1.499999999999686E-003
 -1.474999999999686E-003
 -1.449999999999686E-003
 -1.424999999999686E-003
 -1.399999999999686E-003
 -1.374999999999686E-003
 -1.349999999999685E-003
 -1.324999999999685E-003
 -1.299999999999685E-003
 -1.274999999999685E-003
 -1.249999999999685E-003
 -1.224999999999685E-003
 -1.199999999999685E-003
 -1.174999999999685E-003
 -1.149999999999685E-003
 -1.124999999999685E-003
 -1.099999999999685E-003
 -1.074999999999685E-003
 -1.049999999999685E-003
 -1.024999999999685E-003
 -9.999999999996845E-004
 -9.749999999996846E-004
 -9.499999999996846E-004
 -9.249999999996846E-004
 -8.999999999996847E-004
 -8.749999999996847E-004
 -8.499999999996848E-004
 -8.249999999996848E-004
 -7.999999999996849E-004
 -7.749999999996849E-004
 -7.499999999996849E-004
 -7.249999999996850E-004
 -6.999999999996850E-004
 -6.749999999996851E-004
 -6.499999999996851E-004
 -6.249999999996852E-004
 -5.999999999996852E-004
 -5.749999999996852E-004
 -5.499999999996853E-004
 -5.249999999996853E-004
 -4.999999999996854E-004
 -4.749999999996854E-004
 -4.499999999996854E-004
 -4.249999999996853E-004
 -3.999999999996853E-004
 -3.749999999996853E-004
 -3.499999999996853E-004
 -3.249999999996853E-004
 -2.999999999996853E-004
 -2.749999999996853E-004
 -2.499999999996853E-004
 -2.249999999996852E-004
 -1.999999999996852E-004
 -1.749999999996852E-004
 -1.499999999996852E-004
 -1.249999999996852E-004
 -9.999999999968521E-005
 -7.499999999968521E-005
 -4.999999999968521E-005
 -2.499999999968521E-005
  3.147913245175882E-016
  2.500000000031479E-005
  5.000000000031479E-005
  7.500000000031479E-005
  1.000000000003148E-004
  1.250000000003148E-004
  1.500000000003148E-004
  1.750000000003148E-004
  2.000000000003148E-004
  2.250000000003148E-004
  2.500000000003149E-004
  2.750000000003149E-004
  3.000000000003149E-004
  3.250000000003149E-004
  3.500000000003149E-004
  3.750000000003149E-004
  4.000000000003149E-004
  4.250000000003149E-004
  4.500000000003149E-004
  4.750000000003150E-004
  5.000000000003150E-004
  5.250000000003149E-004
  5.500000000003149E-004
  5.750000000003148E-004
  6.000000000003148E-004
  6.250000000003148E-004
  6.500000000003147E-004
  6.750000000003147E-004
  7.000000000003146E-004
  7.250000000003146E-004
  7.500000000003145E-004
  7.750000000003145E-004
  8.000000000003145E-004
  8.250000000003144E-004
  8.500000000003144E-004
  8.750000000003143E-004
  9.000000000003143E-004
  9.250000000003142E-004
  9.500000000003142E-004
  9.750000000003142E-004
  1.000000000000314E-003
  1.025000000000314E-003
  1.050000000000314E-003
  1.075000000000314E-003
  1.100000000000314E-003
  1.125000000000315E-003
  1.150000000000315E-003
  1.175000000000315E-003
  1.200000000000315E-003
  1.225000000000315E-003
  1.250000000000315E-003
  1.275000000000315E-003
  1.300000000000315E-003
  1.325000000000315E-003
  1.350000000000315E-003
  1.375000000000315E-003
  1.400000000000315E-003
  1.425000000000315E-003
  1.450000000000315E-003
  1.475000000000315E-003
  1.500000000000316E-003
  1.525000000000316E-003
  1.550000000000316E-003
  1.575000000000316E-003
  1.600000000000316E-003
  1.625000000000316E-003
  1.650000000000316E-003
  1.675000000000316E-003
  1.700000000000316E-003
  1.725000000000316E-003
  1.750000000000316E-003
  1.775000000000316E-003
  1.800000000000316E-003
  1.825000000000316E-003
  1.850000000000316E-003
  1.875000000000317E-003
  1.900000000000317E-003
  1.925000000000317E-003
  1.950000000000317E-003
  1.975000000000317E-003
  2.000000000000317E-003
  2.025000000000316E-003
  2.050000000000316E-003
  2.075000000000316E-003
  2.100000000000316E-003
  2.125000000000316E-003
  2.150000000000316E-003
  2.175000000000316E-003
  2.200000000000315E-003
  2.225000000000315E-003
  2.250000000000315E-003
  2.275000000000315E-003
  2.300000000000315E-003
  2.325000000000315E-003
  2.350000000000315E-003
  2.375000000000314E-003
  2.400000000000314E-003
  2.425000000000314E-003
  2.450000000000314E-003
  2.475000000000314E-003
  2.500000000000314E-003
  2.525000000000313E-003
  2.550000000000313E-003
  2.575000000000313E-003
  2.600000000000313E-003
  2.625000000000313E-003
  2.650000000000313E-003
  2.675000000000313E-003
  2.700000000000312E-003
  2.725000000000312E-003
  2.750000000000312E-003
  2.775000000000312E-003
  2.800000000000312E-003
  2.825000000000312E-003
  2.850000000000311E-003
  2.875000000000311E-003
  2.900000000000311E-003
  2.925000000000311E-003
  2.950000000000311E-003
  2.975000000000311E-003
  3.000000000000311E-003
  3.025000000000310E-003
  3.050000000000310E-003
  3.075000000000310E-003
  3.100000000000310E-003
  3.125000000000310E-003
  3.150000000000310E-003
  3.175000000000310E-003
  3.200000000000309E-003
  3.225000000000309E-003
  3.250000000000309E-003
  3.275000000000309E-003
  3.300000000000309E-003
  3.325000000000309E-003
  3.350000000000308E-003
  3.375000000000308E-003
  3.400000000000308E-003
  3.425000000000308E-003
  3.450000000000308E-003
  3.475000000000308E-003
  3.500000000000308E-003
  3.525000000000307E-003
  3.550000000000307E-003
  3.575000000000307E-003
  3.600000000000307E-003
  3.625000000000307E-003
  3.650000000000307E-003
  3.675000000000306E-003
  3.700000000000306E-003
  3.725000000000306E-003
  3.750000000000306E-003
  3.775000000000306E-003
  3.800000000000306E-003
  3.825000000000306E-003
  3.850000000000305E-003
  3.875000000000305E-003
  3.900000000000305E-003
  3.925000000000305E-003
  3.950000000000305E-003
  3.975000000000305E-003
  4.000000000000305E-003
  4.025000000000304E-003
  4.050000000000304E-003
  4.075000000000304E-003
  4.100000000000304E-003
  4.125000000000304E-003
  4.150000000000304E-003
  4.175000000000303E-003
  4.200000000000303E-003
  4.225000000000303E-003
  4.250000000000303E-003
  4.275000000000303E-003
  4.300000000000303E-003
  4.325000000000303E-003
  4.350000000000302E-003
  4.375000000000302E-003
  4.400000000000302E-003
  4.425000000000302E-003
  4.450000000000302E-003
  4.475000000000302E-003
  4.500000000000302E-003
  4.525000000000301E-003
  4.550000000000301E-003
  4.575000000000301E-003
  4.600000000000301E-003
  4.625000000000301E-003
  4.650000000000301E-003
  4.675000000000300E-003
  4.700000000000300E-003
  4.725000000000300E-003
  4.750000000000300E-003
  4.775000000000300E-003
  4.800000000000300E-003
  4.825000000000300E-003
  4.850000000000299E-003
  4.875000000000299E-003
  4.900000000000299E-003
  4.925000000000299E-003
  4.950000000000299E-003
  4.975000000000299E-003
  5.000000000000298E-003
  5.025000000000298E-003
  5.050000000000298E-003
  5.075000000000298E-003
  5.100000000000298E-003
  5.125000000000298E-003
  5.150000000000298E-003
  5.175000000000297E-003
  5.200000000000297E-003
  5.225000000000297E-003
  5.250000000000297E-003
  5.275000000000297E-003
  5.300000000000297E-003
  5.325000000000297E-003
  5.350000000000296E-003
  5.375000000000296E-003
  5.400000000000296E-003
  5.425000000000296E-003
  5.450000000000296E-003
  5.475000000000296E-003
  5.500000000000295E-003
  5.525000000000295E-003
  5.550000000000295E-003
  5.575000000000295E-003
  5.600000000000295E-003
  5.625000000000295E-003
  5.650000000000295E-003
  5.675000000000294E-003
  5.700000000000294E-003
  5.725000000000294E-003
  5.750000000000294E-003
  5.775000000000294E-003
  5.800000000000294E-003
  5.825000000000293E-003
  5.850000000000293E-003
  5.875000000000293E-003
  5.900000000000293E-003
  5.925000000000293E-003
  5.950000000000293E-003
  5.975000000000293E-003
  6.000000000000292E-003
  6.025000000000292E-003
  6.050000000000292E-003
  6.075000000000292E-003
  6.100000000000292E-003
  6.125000000000292E-003
  6.150000000000292E-003
  6.175000000000291E-003
  6.200000000000291E-003
  6.225000000000291E-003
  6.250000000000291E-003
  6.275000000000291E-003
  6.300000000000291E-003
  6.325000000000290E-003
  6.350000000000290E-003
  6.375000000000290E-003
  6.400000000000290E-003
  6.425000000000290E-003
  6.450000000000290E-003
  6.475000000000290E-003
  6.500000000000289E-003
  6.525000000000289E-003
  6.550000000000289E-003
  6.575000000000289E-003
  6.600000000000289E-003
  6.625000000000289E-003
  6.650000000000288E-003
  6.675000000000288E-003
  6.700000000000288E-003
  6.725000000000288E-003
  6.750000000000288E-003
  6.775000000000288E-003
  6.800000000000288E-003
  6.825000000000287E-003
  6.850000000000287E-003
  6.875000000000287E-003
  6.900000000000287E-003
  6.925000000000287E-003
  6.950000000000287E-003
  6.975000000000287E-003
  7.000000000000286E-003
  7.025000000000286E-003
  7.050000000000286E-003
  7.075000000000286E-003
  7.100000000000286E-003
  7.125000000000286E-003
  7.150000000000285E-003
  7.175000000000285E-003
  7.200000000000285E-003
  7.225000000000285E-003
  7.250000000000285E-003
  7.275000000000285E-003
  7.300000000000285E-003
  7.325000000000284E-003
  7.350000000000284E-003
  7.375000000000284E-003
  7.400000000000284E-003
  7.425000000000284E-003
  7.450000000000284E-003
  7.475000000000284E-003
  7.500000000000283E-003
  7.525000000000283E-003
  7.550000000000283E-003
  7.575000000000283E-003
  7.600000000000283E-003
  7.625000000000283E-003
  7.650000000000282E-003
  7.675000000000282E-003
  7.700000000000282E-003
  7.725000000000282E-003
  7.750000000000282E-003
  7.775000000000282E-003
  7.800000000000282E-003
  7.825000000000281E-003
  7.850000000000282E-003
  7.875000000000283E-003
  7.900000000000284E-003
  7.925000000000284E-003
  7.950000000000285E-003
  7.975000000000286E-003
  8.000000000000286E-003
  8.025000000000287E-003
  8.050000000000288E-003
  8.075000000000289E-003
  8.100000000000289E-003
  8.125000000000290E-003
  8.150000000000291E-003
  8.175000000000291E-003
  8.200000000000292E-003
  8.225000000000293E-003
  8.250000000000294E-003
  8.275000000000294E-003
  8.300000000000295E-003
  8.325000000000296E-003
  8.350000000000296E-003
  8.375000000000297E-003
  8.400000000000298E-003
  8.425000000000299E-003
  8.450000000000299E-003
  8.475000000000300E-003
  8.500000000000301E-003
  8.525000000000301E-003
  8.550000000000302E-003
  8.575000000000303E-003
  8.600000000000304E-003
  8.625000000000304E-003
  8.650000000000305E-003
  8.675000000000306E-003
  8.700000000000306E-003
  8.725000000000307E-003
  8.750000000000308E-003
  8.775000000000309E-003
  8.800000000000309E-003
  8.825000000000310E-003
  8.850000000000311E-003
  8.875000000000311E-003
  8.900000000000312E-003
  8.925000000000313E-003
  8.950000000000314E-003
  8.975000000000314E-003
  9.000000000000315E-003
  9.025000000000316E-003
  9.050000000000316E-003
  9.075000000000317E-003
  9.100000000000318E-003
  9.125000000000319E-003
  9.150000000000319E-003
  9.175000000000320E-003
  9.200000000000321E-003
  9.225000000000321E-003
  9.250000000000322E-003
  9.275000000000323E-003
  9.300000000000324E-003
  9.325000000000324E-003
  9.350000000000325E-003
  9.375000000000326E-003
  9.400000000000326E-003
  9.425000000000327E-003
  9.450000000000328E-003
  9.475000000000329E-003
  9.500000000000329E-003
  9.525000000000330E-003
  9.550000000000331E-003
  9.575000000000332E-003
  9.600000000000332E-003
  9.625000000000333E-003
  9.650000000000334E-003
  9.675000000000334E-003
  9.700000000000335E-003
  9.725000000000336E-003
  9.750000000000337E-003
  9.775000000000337E-003
  9.800000000000338E-003
  9.825000000000339E-003
  9.850000000000339E-003
  9.875000000000340E-003
  9.900000000000341E-003
  9.925000000000342E-003
  9.950000000000342E-003
  9.975000000000343E-003
  1.000000000000034E-002
  1.002500000000034E-002
  1.005000000000035E-002
  1.007500000000035E-002
  1.010000000000035E-002
  1.012500000000035E-002
  1.015000000000035E-002
  1.017500000000035E-002
  1.020000000000035E-002
  1.022500000000035E-002
  1.025000000000035E-002
  1.027500000000035E-002
  1.030000000000035E-002
  1.032500000000035E-002
  1.035000000000035E-002
  1.037500000000035E-002
  1.040000000000036E-002
  1.042500000000036E-002
  1.045000000000036E-002
  1.047500000000036E-002
  1.050000000000036E-002
  1.052500000000036E-002
  1.055000000000036E-002
  1.057500000000036E-002
  1.060000000000036E-002
  1.062500000000036E-002
  1.065000000000036E-002
  1.067500000000036E-002
  1.070000000000036E-002
  1.072500000000036E-002
  1.075000000000037E-002
  1.077500000000037E-002
  1.080000000000037E-002
  1.082500000000037E-002
  1.085000000000037E-002
  1.087500000000037E-002
  1.090000000000037E-002
  1.092500000000037E-002
  1.095000000000037E-002
  1.097500000000037E-002
  1.100000000000037E-002
  1.102500000000037E-002
  1.105000000000037E-002
  1.107500000000037E-002
  1.110000000000038E-002
  1.112500000000038E-002
  1.115000000000038E-002
  1.117500000000038E-002
  1.120000000000038E-002
  1.122500000000038E-002
  1.125000000000038E-002
  1.127500000000038E-002
  1.130000000000038E-002
  1.132500000000038E-002
  1.135000000000038E-002
  1.137500000000038E-002
  1.140000000000038E-002
  1.142500000000038E-002
  1.145000000000039E-002
  1.147500000000039E-002
  1.150000000000039E-002
  1.152500000000039E-002
  1.155000000000039E-002
  1.157500000000039E-002
  1.160000000000039E-002
  1.162500000000039E-002
  1.165000000000039E-002
  1.167500000000039E-002
  1.170000000000039E-002
  1.172500000000039E-002
  1.175000000000039E-002
  1.177500000000039E-002
  1.180000000000040E-002
  1.182500000000040E-002
  1.185000000000040E-002
  1.187500000000040E-002
  1.190000000000040E-002
  1.192500000000040E-002
  1.195000000000040E-002
  1.197500000000040E-002
  1.200000000000040E-002
  1.202500000000040E-002
  1.205000000000040E-002
  1.207500000000040E-002
  1.210000000000040E-002
  1.212500000000040E-002
  1.215000000000041E-002
  1.217500000000041E-002
  1.220000000000041E-002
  1.222500000000041E-002
  1.225000000000041E-002
  1.227500000000041E-002
  1.230000000000041E-002
  1.232500000000041E-002
  1.235000000000041E-002
  1.237500000000041E-002
  1.240000000000041E-002
  1.242500000000041E-002
  1.245000000000041E-002
  1.247500000000041E-002
  1.250000000000042E-002
  1.252500000000042E-002
  1.255000000000042E-002
  1.257500000000042E-002
  1.260000000000042E-002
  1.262500000000042E-002
  1.265000000000042E-002
  1.267500000000042E-002
  1.270000000000042E-002
  1.272500000000042E-002
  1.275000000000042E-002
  1.277500000000042E-002
  1.280000000000042E-002
  1.282500000000042E-002
  1.285000000000043E-002
  1.287500000000043E-002
  1.290000000000043E-002
  1.292500000000043E-002
  1.295000000000043E-002
  1.297500000000043E-002
  1.300000000000043E-002
  1.302500000000043E-002
  1.305000000000043E-002
  1.307500000000043E-002
  1.310000000000043E-002
  1.312500000000043E-002
  1.315000000000043E-002
  1.317500000000043E-002
  1.320000000000044E-002
  1.322500000000044E-002
  1.325000000000044E-002
  1.327500000000044E-002
  1.330000000000044E-002
  1.332500000000044E-002
  1.335000000000044E-002
  1.337500000000044E-002
  1.340000000000044E-002
  1.342500000000044E-002
  1.345000000000044E-002
  1.347500000000044E-002
  1.350000000000044E-002
  1.352500000000044E-002
  1.355000000000045E-002
  1.357500000000045E-002
  1.360000000000045E-002
  1.362500000000045E-002
  1.365000000000045E-002
  1.367500000000045E-002
  1.370000000000045E-002
  1.372500000000045E-002
  1.375000000000045E-002
  1.377500000000045E-002
  1.380000000000045E-002
  1.382500000000045E-002
  1.385000000000045E-002
  1.387500000000045E-002
  1.390000000000046E-002
  1.392500000000046E-002
  1.395000000000046E-002
  1.397500000000046E-002
  1.400000000000046E-002
  1.402500000000046E-002
  1.405000000000046E-002
  1.407500000000046E-002
  1.410000000000046E-002
  1.412500000000046E-002
  1.415000000000046E-002
  1.417500000000046E-002
  1.420000000000046E-002
  1.422500000000046E-002
  1.425000000000047E-002
  1.427500000000047E-002
  1.430000000000047E-002
  1.432500000000047E-002
  1.435000000000047E-002
  1.437500000000047E-002
  1.440000000000047E-002
  1.442500000000047E-002
  1.445000000000047E-002
  1.447500000000047E-002
  1.450000000000047E-002
  1.452500000000047E-002
  1.455000000000047E-002
  1.457500000000047E-002
  1.460000000000048E-002
  1.462500000000048E-002
  1.465000000000048E-002
  1.467500000000048E-002
  1.470000000000048E-002
  1.472500000000048E-002
  1.475000000000048E-002
  1.477500000000048E-002
  1.480000000000048E-002
  1.482500000000048E-002
  1.485000000000048E-002
  1.487500000000048E-002
  1.490000000000048E-002
  1.492500000000048E-002
  1.495000000000049E-002
  1.497500000000049E-002
  1.500000000000049E-002
  1.502500000000049E-002
  1.505000000000049E-002
  1.507500000000049E-002
  1.510000000000049E-002
  1.512500000000049E-002
  1.515000000000049E-002
  1.517500000000049E-002
  1.520000000000049E-002
  1.522500000000049E-002
  1.525000000000049E-002
  1.527500000000049E-002
  1.530000000000050E-002
  1.532500000000050E-002
  1.535000000000050E-002
  1.537500000000050E-002
  1.540000000000050E-002
  1.542500000000050E-002
  1.545000000000050E-002
  1.547500000000050E-002
  1.550000000000050E-002
  1.552500000000050E-002
  1.555000000000050E-002
  1.557500000000050E-002
  1.560000000000050E-002
  1.562500000000050E-002
  1.565000000000050E-002
  1.567500000000050E-002
  1.570000000000051E-002
  1.572500000000051E-002
  1.575000000000051E-002
  1.577500000000051E-002
  1.580000000000051E-002
  1.582500000000051E-002
  1.585000000000051E-002
  1.587500000000051E-002
  1.590000000000051E-002
  1.592500000000051E-002
  1.595000000000051E-002
  1.597500000000051E-002
  1.600000000000051E-002
  1.602500000000051E-002
  1.605000000000052E-002
  1.607500000000052E-002
  1.610000000000052E-002
  1.612500000000052E-002
  1.615000000000052E-002
  1.617500000000052E-002
  1.620000000000052E-002
  1.622500000000052E-002
  1.625000000000052E-002
  1.627500000000052E-002
  1.630000000000052E-002
  1.632500000000052E-002
  1.635000000000052E-002
  1.637500000000052E-002
  1.640000000000053E-002
  1.642500000000053E-002
  1.645000000000053E-002
  1.647500000000053E-002
  1.650000000000053E-002
  1.652500000000053E-002
  1.655000000000053E-002
  1.657500000000053E-002
  1.660000000000053E-002
  1.662500000000053E-002
  1.665000000000053E-002
  1.667500000000053E-002
  1.670000000000053E-002
  1.672500000000053E-002
  1.675000000000054E-002
  1.677500000000054E-002
  1.680000000000054E-002
  1.682500000000054E-002
  1.685000000000054E-002
  1.687500000000054E-002
  1.690000000000054E-002
  1.692500000000054E-002
  1.695000000000054E-002
  1.697500000000054E-002
  1.700000000000054E-002
  1.702500000000054E-002
  1.705000000000054E-002
  1.707500000000054E-002
  1.710000000000055E-002
  1.712500000000055E-002
  1.715000000000055E-002
  1.717500000000055E-002
  1.720000000000055E-002
  1.722500000000055E-002
  1.725000000000055E-002
  1.727500000000055E-002
  1.730000000000055E-002
  1.732500000000055E-002
  1.735000000000055E-002
  1.737500000000055E-002
  1.740000000000055E-002
  1.742500000000055E-002
  1.745000000000056E-002
  1.747500000000056E-002
  1.750000000000056E-002
  1.752500000000056E-002
  1.755000000000056E-002
  1.757500000000056E-002
  1.760000000000056E-002
  1.762500000000056E-002
  1.765000000000056E-002
  1.767500000000056E-002
  1.770000000000056E-002
  1.772500000000056E-002
  1.775000000000056E-002
  1.777500000000056E-002
  1.780000000000057E-002
  1.782500000000057E-002
  1.785000000000057E-002
  1.787500000000057E-002
  1.790000000000057E-002
  1.792500000000057E-002
  1.795000000000057E-002
  1.797500000000057E-002
  1.800000000000057E-002
  1.802500000000057E-002
  1.805000000000057E-002
  1.807500000000057E-002
  1.810000000000057E-002
  1.812500000000057E-002
  1.815000000000058E-002
  1.817500000000058E-002
  1.820000000000058E-002
  1.822500000000058E-002
  1.825000000000058E-002
  1.827500000000058E-002
  1.830000000000058E-002
  1.832500000000058E-002
  1.835000000000058E-002
  1.837500000000058E-002
  1.840000000000058E-002
  1.842500000000058E-002
  1.845000000000058E-002
  1.847500000000058E-002
  1.850000000000059E-002
  1.852500000000059E-002
  1.855000000000059E-002
  1.857500000000059E-002
  1.860000000000059E-002
  1.862500000000059E-002
  1.865000000000059E-002
  1.867500000000059E-002
  1.870000000000059E-002
  1.872500000000059E-002
  1.875000000000059E-002
  1.877500000000059E-002
  1.880000000000059E-002
  1.882500000000059E-002
  1.885000000000060E-002
  1.887500000000060E-002
  1.890000000000060E-002
  1.892500000000060E-002
  1.895000000000060E-002
  1.897500000000060E-002
  1.900000000000060E-002
  1.902500000000060E-002
  1.905000000000060E-002
  1.907500000000060E-002
  1.910000000000060E-002
  1.912500000000060E-002
  1.915000000000060E-002
  1.917500000000060E-002
  1.920000000000061E-002
  1.922500000000061E-002
  1.925000000000061E-002
  1.927500000000061E-002
  1.930000000000061E-002
  1.932500000000061E-002
  1.935000000000061E-002
  1.937500000000061E-002
  1.940000000000061E-002
  1.942500000000061E-002
  1.945000000000061E-002
  1.947500000000061E-002
  1.950000000000061E-002
  1.952500000000061E-002
  1.955000000000062E-002
  1.957500000000062E-002
  1.960000000000062E-002
  1.962500000000062E-002
  1.965000000000062E-002
  1.967500000000062E-002
  1.970000000000062E-002
  1.972500000000062E-002
  1.975000000000062E-002
  1.977500000000062E-002
  1.980000000000062E-002
  1.982500000000062E-002
  1.985000000000062E-002
  1.987500000000062E-002
  1.990000000000063E-002
  1.992500000000063E-002
  1.995000000000063E-002
  1.997500000000063E-002
  2.000000000000063E-002
