# Convergence file
# Iter  CFL  res
       1              0.10000    3.00822   2.87598   7.07074
       2              0.10000    2.93980   2.81961   6.98896
       3              0.11000    2.87476   2.76597   6.91592
       4              0.12100    2.80782   2.71054   6.84650
       5              0.13310    2.73954   2.65366   6.78242
       6              0.14641    2.67054   2.59569   6.72452
       7              0.16105    2.60147   2.53702   6.67297
       8              0.17716    2.53333   2.47838   6.62714
       9              0.19487    2.46653   2.42008   6.58596
      10              0.21436    2.40172   2.36270   6.54824
      11              0.23579    2.33923   2.30659   6.51275
      12              0.25937    2.27925   2.25213   6.47899
      13              0.28531    2.22184   2.19958   6.44616
      14              0.31384    2.16678   2.14907   6.41354
      15              0.34523    2.11373   2.10049   6.38128
      16              0.37975    2.06243   2.05375   6.34919
      17              0.41772    2.01257   2.00861   6.31761
      18              0.45950    1.96375   1.96475   6.28634
      19              0.50545    1.91476   1.92093   6.25537
      20              0.55599    1.86717   1.87883   6.22428
      21              0.61159    1.82061   1.83813   6.19324
      22              0.67275    1.77395   1.79790   6.16063
      23              0.74002    1.72739   1.75823   6.12963
      24              0.81403    1.68128   1.71941   6.09904
      25              0.89543    1.63553   1.68135   6.06888
      26              0.98497    1.59004   1.64398   6.03911
      27              1.08347    1.54462   1.60717   6.00960
      28              1.19182    1.49919   1.57087   5.98051
      29              1.31100    1.45361   1.53500   5.95153
      30              1.44210    1.40774   1.49951   5.92284
      31              1.58631    1.36136   1.46426   5.89426
      32              1.74494    1.31423   1.42914   5.86570
      33              1.91943    1.26594   1.39399   5.83700
      34              2.11138    1.21701   1.35911   5.80869
      35              2.32252    1.16728   1.32449   5.78086
      36              2.55477    1.11663   1.29007   5.75315
      37              2.81024    1.06496   1.25584   5.72571
      38              3.09127    1.01220   1.22177   5.69846
      39              3.40039    0.95801   1.18772   5.67128
      40              3.74043    0.90169   1.15358   5.64393
      41              4.11448    0.84409   1.11959   5.61707
      42              4.52593    0.78535   1.08575   5.59049
      43              4.97852    0.72551   1.05199   5.56411
      44              5.47637    0.66498   1.01824   5.53799
      45              6.02401    0.60384   0.98440   5.51177
      46              6.62641    0.54482   0.95058   5.48955
      47              7.28905    0.48842   0.91654   5.46187
      48              8.01795    0.43887   0.88235   5.43787
      49              8.81975    0.39941   0.84818   5.41367
      50              9.70172    0.37334   0.81416   5.39017
      51             10.67190    0.36069   0.78026   5.36733
      52             11.73909    0.36046   0.74637   5.34494
      53             12.91299    0.36678   0.71238   5.32304
      54             14.20429    0.37909   0.67854   5.30199
      55             15.62472    0.39455   0.64466   5.28156
      56             17.18719    0.40954   0.61064   5.26133
      57             18.90591    0.42472   0.57670   5.24195
      58             20.79651    0.43868   0.54255   5.22232
      59             22.87616    0.45103   0.50826   5.20432
      60             25.16377    0.46205   0.47390   5.18560
      61             27.68015    0.47146   0.43954   5.16778
      62             30.44816    0.47931   0.40509   5.14987
      63             33.49298    0.48561   0.37061   5.13297
      64             36.84228    0.49044   0.33602   5.11477
      65             40.52651    0.49405   0.30136   5.09780
      66             44.57916    0.49603   0.26642   5.08107
      67             49.03707    0.49711   0.23157   5.06448
      68             53.94078    0.49687   0.19643   5.04848
      69             59.33486    0.49562   0.16127   5.03286
      70             65.26834    0.49339   0.12606   5.01720
      71             71.79518    0.49138   0.09136   5.00176
      72             78.97470    0.48612   0.05535   4.98808
      73             86.87217    0.48111   0.01990   4.97464
      74             95.55938    0.47529  -0.01549   4.96139
      75            105.11532    0.46926  -0.04948   4.94992
      76            115.62685    0.46115  -0.08579   4.93796
      77            127.18954    0.45279  -0.12062   4.92727
      78            139.90849    0.44376  -0.15489   4.91804
      79            153.89934    0.43439  -0.18750   4.90852
      80            169.28927    0.42313  -0.22074   4.89996
      81            186.21820    0.41174  -0.25176   4.89251
      82            204.84002    0.39968  -0.28048   4.88504
      83            225.32402    0.38668  -0.30789   4.87878
      84            247.85643    0.37326  -0.33176   4.87174
      85            272.64207    0.35933  -0.35176   4.86570
      86            299.90628    0.34501  -0.36859   4.86217
      87            329.89690    0.33083  -0.37079   4.85653
      88            362.88659    0.31612  -0.38550   4.84544
      89            399.17525    0.30188  -0.38578   4.84019
      90            439.09278    0.28769  -0.37738   4.83057
      91            483.00206    0.27293  -0.35928   4.83419
      92            531.30226    0.25483  -0.33002   4.81455
      93            584.43249    0.23176  -0.29066   4.82249
      94            642.87574    0.20038  -0.24515   4.79942
      95            707.16331    0.16125  -0.19914   4.78103
      96            777.87964    0.12403  -0.15932   4.77023
      97            855.66760    0.09904  -0.12986   4.76931
      98            941.23437    0.10326  -0.11517   4.73586
      99           1035.35780    0.12938  -0.11939   4.69405
     100           1138.89358    0.16420  -0.14780   4.68896
     101           1252.78294    0.19311  -0.19126   4.75614
     102           1378.06123    0.19802  -0.31615   4.69391
     103           1515.86736    0.17147  -0.48334   4.72091
     104           1667.45409    0.09112  -0.63211   4.53459
     105           1834.19950   -0.05397  -0.52628   4.55807
     106           2017.61945   -0.24648  -0.38402   4.61700
     107           2219.38140   -0.44262  -0.30846   4.58085
     108           2441.31954   -0.69578  -0.27860   4.34244
     109           2685.45149   -0.65778  -0.27056   4.51139
     110           2953.99664   -0.60401  -0.27100   4.57988
     111           3249.39630   -0.64481  -0.28215   4.32058
     112           3574.33594   -0.75560  -0.30585   4.34271
     113           3931.76953   -0.76831  -0.34121   4.41964
     114           4324.94648   -0.90777  -0.39067   4.22673
     115           4757.44113   -0.86108  -0.45036   4.23033
     116           5233.18524   -0.78048  -0.50945   4.39543
     117           5756.50377   -0.82212  -0.57419   4.33161
     118           6332.15414   -1.05864  -0.65421   4.03979
     119           6965.36956   -0.99866  -0.74214   4.11693
     120           7661.90651   -1.11231  -0.83423   3.94924
     121           8428.09717   -1.08724  -0.93342   3.97332
     122           9270.90688   -1.23902  -1.04297   3.79620
     123          10197.99757   -1.26687  -1.16444   3.77281
     124          11217.79733   -1.40592  -1.28911   3.60927
     125          12339.57706   -1.46729  -1.42748   3.57445
     126          13573.53477   -1.68244  -1.56843   3.34130
     127          14930.88824   -1.84931  -1.71568   3.23082
     128          16423.97707   -1.98156  -1.87117   3.09258
     129          18066.37477   -1.97830  -2.02587   3.07803
     130          19873.01225   -2.18945  -2.18236   2.82921
     131          21860.31348   -2.17125  -2.33811   2.85071
     132          24046.34482   -2.38575  -2.50017   2.65243
     133          26450.97931   -2.02403  -2.66293   3.01865
     134          29096.07724   -2.83518  -2.83081   2.22997
     135          32005.68496   -2.24622  -2.76433   1.87943
     136          35206.25346   -2.79926  -3.17589   2.14815
     137          38726.87880   -2.47100  -3.38276   2.56125
     138          42599.56668   -2.49042  -3.59161   2.54339
     139          46859.52335   -3.34687  -3.81616   1.68063
     140          51545.47568   -3.39323  -4.05643   1.62159
     141          56700.02325   -3.53386  -4.31557   1.46193
     142          62370.02558   -4.05304  -4.59351   0.95335
     143          68607.02814   -4.44164  -4.89033   0.54837
     144          75467.73095   -4.85041  -5.20933   0.14621
     145          83014.50404   -5.23851  -5.54898  -0.23255
     146          91315.95445   -5.61514  -5.90932  -0.60509
     147         100447.54989   -6.00113  -6.28976  -0.99140
     148         110492.30488   -6.41294  -6.68907  -1.40557
     149         121541.53537   -6.86148  -7.10554  -1.85706
     150         133695.68891   -7.35597  -7.53715  -2.35442
     151         147065.25780   -7.90596  -7.98201  -2.90775
     152         161771.78358   -8.50435  -8.43890  -3.51928
