  0.000000E+00
  0.000000E+00
  0.000000E+00
  0.000000E+00
  0.000000E+00
  0.000000E+00
  0.000000E+00
  0.000000E+00
  0.000000E+00
  0.000000E+00
  0.000000E+00
  0.000000E+00
  0.000000E+00
  0.000000E+00
  0.000000E+00
  0.000000E+00
  0.000000E+00
  0.000000E+00
  0.000000E+00
  0.000000E+00
  0.000000E+00
  0.000000E+00
  0.000000E+00
  0.000000E+00
  0.000000E+00
  0.000000E+00
  0.000000E+00
  0.000000E+00
  0.000000E+00
  0.000000E+00
  0.000000E+00
  0.000000E+00
  0.000000E+00
  0.000000E+00
  0.000000E+00
  0.000000E+00
  0.000000E+00
  0.000000E+00
  0.000000E+00
  0.000000E+00
  0.000000E+00
  0.000000E+00
  0.000000E+00
  0.000000E+00
  0.000000E+00
  0.000000E+00
  0.000000E+00
  0.000000E+00
  0.000000E+00
  0.000000E+00
  0.000000E+00
  0.000000E+00
  0.000000E+00
  0.000000E+00
  0.000000E+00
 -0.380279E+00
 -0.148627E+01
 -0.264879E+01
 -0.386896E+01
 -0.514808E+01
 -0.648765E+01
 -0.788936E+01
 -0.935509E+01
 -0.108870E+02
 -0.124874E+02
 -0.131251E+02
 -0.131267E+02
 -0.131281E+02
 -0.131295E+02
 -0.131307E+02
 -0.131318E+02
 -0.131327E+02
 -0.131336E+02
 -0.131343E+02
 -0.131349E+02
 -0.131354E+02
 -0.131358E+02
 -0.131360E+02
 -0.131361E+02
 -0.131360E+02
 -0.131359E+02
 -0.131356E+02
 -0.131352E+02
 -0.131346E+02
 -0.131339E+02
 -0.131331E+02
 -0.131321E+02
 -0.131310E+02
 -0.131298E+02
 -0.131284E+02
 -0.131269E+02
 -0.131252E+02
 -0.131234E+02
 -0.131215E+02
 -0.131194E+02
 -0.131171E+02
 -0.131148E+02
 -0.131122E+02
 -0.131095E+02
 -0.131067E+02
 -0.131037E+02
 -0.131006E+02
 -0.130973E+02
 -0.130938E+02
 -0.130902E+02
 -0.130864E+02
 -0.130825E+02
 -0.130784E+02
 -0.130742E+02
 -0.130698E+02
 -0.130652E+02
 -0.130604E+02
 -0.130555E+02
 -0.130505E+02
 -0.130452E+02
 -0.130398E+02
 -0.130342E+02
 -0.130285E+02
 -0.130225E+02
 -0.130164E+02
 -0.130102E+02
 -0.130037E+02
 -0.129971E+02
 -0.129902E+02
 -0.129832E+02
 -0.129761E+02
 -0.129687E+02
 -0.129612E+02
 -0.129534E+02
 -0.129455E+02
 -0.129374E+02
 -0.129291E+02
 -0.129206E+02
 -0.129119E+02
 -0.129031E+02
 -0.128940E+02
 -0.128847E+02
 -0.128753E+02
 -0.128656E+02
 -0.128558E+02
 -0.128457E+02
 -0.128354E+02
 -0.128250E+02
 -0.128143E+02
 -0.128034E+02
 -0.127924E+02
 -0.127811E+02
 -0.127696E+02
 -0.127579E+02
 -0.127459E+02
 -0.127338E+02
 -0.127215E+02
 -0.127089E+02
 -0.126961E+02
 -0.126831E+02
 -0.126699E+02
 -0.126565E+02
 -0.126428E+02
 -0.126289E+02
 -0.126148E+02
 -0.126005E+02
 -0.125859E+02
 -0.125711E+02
 -0.125561E+02
 -0.125408E+02
 -0.125254E+02
 -0.125096E+02
 -0.124937E+02
 -0.124775E+02
 -0.124611E+02
 -0.124444E+02
 -0.124275E+02
 -0.124104E+02
 -0.123930E+02
 -0.123754E+02
 -0.123575E+02
 -0.123394E+02
 -0.123211E+02
 -0.123025E+02
 -0.122836E+02
 -0.122645E+02
 -0.122452E+02
 -0.122256E+02
 -0.122057E+02
 -0.121856E+02
 -0.121653E+02
 -0.121446E+02
 -0.121238E+02
 -0.121026E+02
 -0.120812E+02
 -0.120596E+02
 -0.120377E+02
 -0.120155E+02
 -0.119931E+02
 -0.119704E+02
 -0.119474E+02
 -0.119242E+02
 -0.119007E+02
 -0.118769E+02
 -0.118529E+02
 -0.118286E+02
 -0.118040E+02
 -0.117791E+02
 -0.117540E+02
 -0.117286E+02
 -0.117030E+02
 -0.116770E+02
 -0.116508E+02
 -0.116243E+02
 -0.115975E+02
 -0.115705E+02
 -0.115431E+02
 -0.115155E+02
 -0.114876E+02
 -0.114595E+02
 -0.114310E+02
 -0.114023E+02
 -0.113732E+02
 -0.113439E+02
 -0.113143E+02
 -0.112845E+02
 -0.112543E+02
 -0.112239E+02
 -0.111931E+02
 -0.111621E+02
 -0.111308E+02
 -0.110992E+02
 -0.110673E+02
 -0.110351E+02
 -0.110026E+02
 -0.109699E+02
 -0.109368E+02
 -0.109035E+02
 -0.108698E+02
 -0.108359E+02
 -0.108017E+02
 -0.107672E+02
 -0.107324E+02
 -0.106973E+02
 -0.106619E+02
 -0.106262E+02
 -0.105902E+02
 -0.105540E+02
 -0.105174E+02
 -0.104805E+02
 -0.104434E+02
 -0.104059E+02
 -0.103682E+02
 -0.103301E+02
 -0.102918E+02
 -0.102532E+02
 -0.102143E+02
 -0.101750E+02
 -0.101355E+02
 -0.100957E+02
 -0.100556E+02
 -0.100153E+02
 -0.997457E+01
 -0.993360E+01
 -0.989234E+01
 -0.985078E+01
 -0.980893E+01
 -0.976679E+01
 -0.972436E+01
 -0.968164E+01
 -0.963863E+01
 -0.959533E+01
 -0.955174E+01
 -0.950787E+01
 -0.946370E+01
 -0.941925E+01
 -0.937452E+01
 -0.932950E+01
 -0.928419E+01
 -0.923860E+01
 -0.919273E+01
 -0.914658E+01
 -0.910014E+01
 -0.905342E+01
 -0.900643E+01
 -0.895916E+01
 -0.891161E+01
 -0.886378E+01
 -0.881568E+01
 -0.876731E+01
 -0.871866E+01
 -0.866974E+01
 -0.862055E+01
 -0.857109E+01
 -0.852137E+01
 -0.847137E+01
 -0.842112E+01
 -0.837060E+01
 -0.831981E+01
 -0.826877E+01
 -0.821747E+01
 -0.816590E+01
 -0.811409E+01
 -0.806202E+01
 -0.800969E+01
 -0.795712E+01
 -0.790429E+01
 -0.785122E+01
 -0.779790E+01
 -0.774434E+01
 -0.769054E+01
 -0.763650E+01
 -0.758221E+01
 -0.752770E+01
 -0.747294E+01
 -0.741796E+01
 -0.736274E+01
 -0.730730E+01
 -0.725163E+01
 -0.719574E+01
 -0.713962E+01
 -0.708329E+01
 -0.702674E+01
 -0.696997E+01
 -0.691300E+01
 -0.685581E+01
 -0.679841E+01
 -0.674081E+01
 -0.668301E+01
 -0.662501E+01
 -0.656680E+01
 -0.650841E+01
 -0.644982E+01
 -0.639104E+01
 -0.633208E+01
 -0.627293E+01
 -0.621359E+01
 -0.615408E+01
 -0.609440E+01
 -0.603454E+01
 -0.597450E+01
 -0.591431E+01
 -0.585394E+01
 -0.579342E+01
 -0.573273E+01
 -0.567189E+01
 -0.561090E+01
 -0.554975E+01
 -0.548846E+01
 -0.542703E+01
 -0.536546E+01
 -0.530374E+01
 -0.524190E+01
 -0.517992E+01
 -0.511781E+01
 -0.505558E+01
 -0.499323E+01
 -0.493076E+01
 -0.486818E+01
 -0.480548E+01
 -0.474267E+01
 -0.467976E+01
 -0.461675E+01
 -0.455364E+01
 -0.449044E+01
 -0.442714E+01
 -0.436376E+01
 -0.430029E+01
 -0.423674E+01
 -0.417311E+01
 -0.410941E+01
 -0.404564E+01
 -0.398180E+01
 -0.391790E+01
 -0.385394E+01
 -0.378992E+01
 -0.372585E+01
 -0.366173E+01
 -0.359757E+01
 -0.353336E+01
 -0.346911E+01
 -0.340483E+01
 -0.334052E+01
 -0.327619E+01
 -0.321182E+01
 -0.314744E+01
 -0.308304E+01
 -0.301863E+01
 -0.295421E+01
 -0.288979E+01
 -0.282536E+01
 -0.276094E+01
 -0.269652E+01
 -0.263211E+01
 -0.256772E+01
 -0.250334E+01
 -0.243898E+01
 -0.237464E+01
 -0.231034E+01
 -0.224606E+01
 -0.218182E+01
 -0.211762E+01
 -0.205346E+01
 -0.198935E+01
 -0.192529E+01
 -0.186128E+01
 -0.179732E+01
 -0.173343E+01
 -0.166961E+01
 -0.160585E+01
 -0.154216E+01
 -0.147855E+01
 -0.141501E+01
 -0.135156E+01
 -0.128820E+01
 -0.122492E+01
 -0.116174E+01
 -0.109865E+01
 -0.103567E+01
 -0.972782E+00
 -0.910006E+00
 -0.847339E+00
 -0.784787E+00
 -0.722352E+00
 -0.660037E+00
 -0.597846E+00
 -0.535783E+00
 -0.473850E+00
 -0.412052E+00
 -0.350391E+00
 -0.288870E+00
 -0.227493E+00
 -0.166263E+00
 -0.105184E+00
 -0.442577E-01
  0.165115E-01
  0.771208E-01
  0.137567E+00
  0.197847E+00
  0.257958E+00
  0.317897E+00
  0.377661E+00
  0.437247E+00
  0.496651E+00
  0.555872E+00
  0.614905E+00
  0.673749E+00
  0.732399E+00
  0.790854E+00
  0.849111E+00
  0.907167E+00
  0.965018E+00
  0.102266E+01
  0.108010E+01
  0.113732E+01
  0.119433E+01
  0.125113E+01
  0.130770E+01
  0.136405E+01
  0.142017E+01
  0.147607E+01
  0.153174E+01
  0.158718E+01
  0.164238E+01
  0.169734E+01
  0.175207E+01
  0.180656E+01
  0.186080E+01
  0.191479E+01
  0.196854E+01
  0.202204E+01
  0.207529E+01
  0.212828E+01
  0.218101E+01
  0.223349E+01
  0.228571E+01
  0.233766E+01
  0.238935E+01
  0.244078E+01
  0.249194E+01
  0.254282E+01
  0.259344E+01
  0.264378E+01
  0.269385E+01
  0.274365E+01
  0.279316E+01
  0.284240E+01
  0.289135E+01
  0.294002E+01
  0.298841E+01
  0.303651E+01
  0.308433E+01
  0.313186E+01
  0.317910E+01
  0.322604E+01
  0.327270E+01
  0.331906E+01
  0.336513E+01
  0.341090E+01
  0.345638E+01
  0.350155E+01
  0.354643E+01
  0.359101E+01
  0.363529E+01
  0.367926E+01
  0.372293E+01
  0.376630E+01
  0.380936E+01
  0.385212E+01
  0.389457E+01
  0.393672E+01
  0.397856E+01
  0.402008E+01
  0.406130E+01
  0.410221E+01
  0.414281E+01
  0.418310E+01
  0.422308E+01
  0.426274E+01
  0.430209E+01
  0.434113E+01
  0.437985E+01
  0.441827E+01
  0.445636E+01
  0.449415E+01
  0.453161E+01
  0.456877E+01
  0.460560E+01
  0.464212E+01
  0.467833E+01
  0.471422E+01
  0.474979E+01
  0.478505E+01
  0.481999E+01
  0.485462E+01
  0.488893E+01
  0.492292E+01
  0.495659E+01
  0.498995E+01
  0.502300E+01
  0.505572E+01
  0.508813E+01
  0.512023E+01
  0.515201E+01
  0.518347E+01
  0.521462E+01
  0.524545E+01
  0.527597E+01
  0.530617E+01
  0.533606E+01
  0.536564E+01
  0.539490E+01
  0.542385E+01
  0.545249E+01
  0.548081E+01
  0.550882E+01
  0.553652E+01
  0.556391E+01
  0.559099E+01
  0.561776E+01
  0.564421E+01
  0.567036E+01
  0.569621E+01
  0.572174E+01
  0.574696E+01
  0.577188E+01
  0.579650E+01
  0.582081E+01
  0.584481E+01
  0.586851E+01
  0.589191E+01
  0.591500E+01
  0.593779E+01
  0.596028E+01
  0.598247E+01
  0.600436E+01
  0.602595E+01
  0.604725E+01
  0.606825E+01
  0.608895E+01
  0.610935E+01
  0.612946E+01
  0.614928E+01
  0.616880E+01
  0.618803E+01
  0.620697E+01
  0.622562E+01
  0.624398E+01
  0.626206E+01
  0.627984E+01
  0.629734E+01
  0.631455E+01
  0.633148E+01
  0.634813E+01
  0.636449E+01
  0.638057E+01
  0.639637E+01
  0.641189E+01
  0.642713E+01
  0.644210E+01
  0.645678E+01
  0.647120E+01
  0.648533E+01
  0.649920E+01
  0.651279E+01
  0.652611E+01
  0.653916E+01
  0.655195E+01
  0.656446E+01
  0.657671E+01
  0.658869E+01
  0.660040E+01
  0.661186E+01
  0.662305E+01
  0.663398E+01
  0.664465E+01
  0.665506E+01
  0.666521E+01
  0.667510E+01
  0.668474E+01
  0.669413E+01
  0.670326E+01
  0.671214E+01
  0.672076E+01
  0.672914E+01
  0.673727E+01
  0.674515E+01
  0.675278E+01
  0.676017E+01
  0.676732E+01
  0.677422E+01
  0.678087E+01
  0.678729E+01
  0.679347E+01
  0.679941E+01
  0.680511E+01
  0.681058E+01
  0.681581E+01
  0.682081E+01
  0.682557E+01
  0.683010E+01
  0.683441E+01
  0.683848E+01
  0.684232E+01
  0.684594E+01
  0.684933E+01
  0.685250E+01
  0.685544E+01
  0.685816E+01
  0.686066E+01
  0.686294E+01
  0.686500E+01
  0.686684E+01
  0.686846E+01
  0.686987E+01
  0.687107E+01
  0.687205E+01
  0.687282E+01
  0.687338E+01
  0.687372E+01
  0.687386E+01
  0.687379E+01
  0.687352E+01
  0.687303E+01
  0.687235E+01
  0.687146E+01
  0.687037E+01
  0.686907E+01
  0.686758E+01
  0.686588E+01
  0.686399E+01
  0.686191E+01
  0.685962E+01
  0.685714E+01
  0.685447E+01
  0.685160E+01
  0.684855E+01
  0.684530E+01
  0.684186E+01
  0.683823E+01
  0.683442E+01
  0.683042E+01
  0.682623E+01
  0.682186E+01
  0.681731E+01
  0.681257E+01
  0.680765E+01
  0.680255E+01
  0.679727E+01
  0.679181E+01
  0.678618E+01
  0.678037E+01
  0.677438E+01
  0.676822E+01
  0.676188E+01
  0.675537E+01
  0.674869E+01
  0.674184E+01
  0.673482E+01
  0.672763E+01
  0.672027E+01
  0.671274E+01
  0.670505E+01
  0.669719E+01
  0.668917E+01
  0.668098E+01
  0.667263E+01
  0.666412E+01
  0.665545E+01
  0.664661E+01
  0.663762E+01
  0.662847E+01
  0.661916E+01
  0.660970E+01
  0.660008E+01
  0.659030E+01
  0.658037E+01
  0.657028E+01
  0.656005E+01
  0.654966E+01
  0.653912E+01
  0.652846E+01
  0.651782E+01
  0.650722E+01
  0.649665E+01
  0.648611E+01
  0.647561E+01
  0.646515E+01
  0.645471E+01
  0.644432E+01
  0.643395E+01
  0.642362E+01
  0.641332E+01
  0.640305E+01
  0.639282E+01
  0.638262E+01
  0.637245E+01
  0.636231E+01
  0.635221E+01
  0.634214E+01
  0.633210E+01
  0.632209E+01
  0.631211E+01
  0.630217E+01
  0.629226E+01
  0.628237E+01
  0.627252E+01
  0.626270E+01
  0.625291E+01
  0.624315E+01
  0.623342E+01
  0.622372E+01
  0.621405E+01
  0.620442E+01
  0.619481E+01
  0.618523E+01
  0.617568E+01
  0.616616E+01
  0.615667E+01
  0.614721E+01
  0.613777E+01
  0.612837E+01
  0.611900E+01
  0.610965E+01
  0.610033E+01
  0.609104E+01
  0.608178E+01
  0.607255E+01
  0.606334E+01
  0.605417E+01
  0.604502E+01
  0.603589E+01
  0.602680E+01
  0.601773E+01
  0.600869E+01
  0.599968E+01
  0.599070E+01
  0.598174E+01
  0.597281E+01
  0.596390E+01
  0.595502E+01
  0.594617E+01
  0.593734E+01
  0.592854E+01
  0.591977E+01
  0.591102E+01
  0.590230E+01
  0.589360E+01
  0.588493E+01
  0.587629E+01
  0.586767E+01
  0.585907E+01
  0.585050E+01
  0.584196E+01
  0.583344E+01
  0.582494E+01
  0.581647E+01
  0.580803E+01
  0.579961E+01
  0.579121E+01
  0.578284E+01
  0.577449E+01
  0.576616E+01
  0.575786E+01
  0.574959E+01
  0.574134E+01
  0.573311E+01
  0.572490E+01
  0.571672E+01
  0.570856E+01
  0.570043E+01
  0.569231E+01
  0.568422E+01
  0.567616E+01
  0.566811E+01
  0.566009E+01
  0.565210E+01
  0.564412E+01
  0.563617E+01
  0.562824E+01
  0.562033E+01
  0.561244E+01
  0.560458E+01
  0.559674E+01
  0.558892E+01
  0.558112E+01
  0.557334E+01
  0.556559E+01
  0.555786E+01
  0.555014E+01
  0.554245E+01
  0.553478E+01
  0.552714E+01
  0.551951E+01
  0.551190E+01
  0.550432E+01
  0.549676E+01
  0.548921E+01
  0.548169E+01
  0.547419E+01
  0.546671E+01
  0.545924E+01
  0.545180E+01
  0.544438E+01
  0.543698E+01
  0.542960E+01
  0.542224E+01
  0.541490E+01
  0.540758E+01
  0.540028E+01
  0.539300E+01
  0.538574E+01
  0.537850E+01
  0.537128E+01
  0.536407E+01
  0.535689E+01
  0.534972E+01
  0.534258E+01
  0.533545E+01
  0.532835E+01
  0.532126E+01
  0.531419E+01
  0.530714E+01
  0.530010E+01
  0.529309E+01
  0.528610E+01
  0.527912E+01
  0.527216E+01
  0.526522E+01
  0.525830E+01
  0.525140E+01
  0.524451E+01
  0.523764E+01
  0.523080E+01
  0.522396E+01
  0.521715E+01
  0.521035E+01
  0.520358E+01
  0.519682E+01
  0.519007E+01
  0.518335E+01
  0.517664E+01
  0.516995E+01
  0.516328E+01
  0.515662E+01
  0.514998E+01
  0.514336E+01
  0.513675E+01
  0.513016E+01
  0.512359E+01
  0.511704E+01
  0.511050E+01
  0.510398E+01
  0.509748E+01
  0.509099E+01
  0.508452E+01
  0.507806E+01
  0.507162E+01
  0.506520E+01
  0.505880E+01
  0.505241E+01
  0.504603E+01
  0.503967E+01
  0.503333E+01
  0.502701E+01
  0.502070E+01
  0.501440E+01
  0.500813E+01
  0.500186E+01
  0.499562E+01
  0.498938E+01
  0.498317E+01
  0.497697E+01
  0.497078E+01
  0.496461E+01
  0.495846E+01
  0.495232E+01
  0.494620E+01
  0.494009E+01
  0.493400E+01
  0.492792E+01
  0.492185E+01
  0.491580E+01
  0.490977E+01
  0.490375E+01
  0.489775E+01
  0.489176E+01
  0.488578E+01
  0.487982E+01
  0.487388E+01
  0.486794E+01
  0.486203E+01
  0.485612E+01
  0.485024E+01
  0.484436E+01
  0.483850E+01
  0.483266E+01
  0.482683E+01
  0.482101E+01
  0.481520E+01
  0.480941E+01
  0.480364E+01
  0.479788E+01
  0.479213E+01
  0.478639E+01
  0.478067E+01
  0.477497E+01
  0.476927E+01
  0.476359E+01
  0.475793E+01
  0.475228E+01
  0.474664E+01
  0.474101E+01
  0.473540E+01
  0.472980E+01
  0.472421E+01
  0.471864E+01
  0.471308E+01
  0.470753E+01
  0.470200E+01
  0.469648E+01
  0.469097E+01
  0.468548E+01
  0.467999E+01
  0.467452E+01
  0.466907E+01
  0.466362E+01
  0.465819E+01
  0.465277E+01
  0.464737E+01
  0.464198E+01
  0.463659E+01
  0.463123E+01
  0.462587E+01
  0.462053E+01
  0.461520E+01
  0.460988E+01
  0.460457E+01
  0.459928E+01
  0.459399E+01
  0.458872E+01
  0.458347E+01
  0.457822E+01
  0.457299E+01
  0.456776E+01
  0.456255E+01
  0.455736E+01
  0.455217E+01
  0.454699E+01
  0.454183E+01
  0.453668E+01
  0.453154E+01
  0.452641E+01
  0.452130E+01
  0.451619E+01
  0.451110E+01
  0.450602E+01
  0.450095E+01
  0.449589E+01
  0.449084E+01
  0.448580E+01
  0.448078E+01
  0.447576E+01
  0.447076E+01
  0.446577E+01
  0.446079E+01
  0.445582E+01
  0.445086E+01
  0.444592E+01
  0.444098E+01
  0.443606E+01
  0.443114E+01
  0.442624E+01
  0.442135E+01
  0.441646E+01
  0.441159E+01
  0.440673E+01
  0.440188E+01
  0.439704E+01
  0.439222E+01
  0.438740E+01
  0.438259E+01
  0.437779E+01
  0.437301E+01
  0.436823E+01
  0.436347E+01
  0.435871E+01
  0.435397E+01
  0.434923E+01
  0.434451E+01
  0.433980E+01
  0.433509E+01
  0.433040E+01
  0.432572E+01
  0.432104E+01
  0.431638E+01
  0.431171E+01
  0.430699E+01
  0.430225E+01
  0.429746E+01
  0.429264E+01
  0.428777E+01
  0.428288E+01
  0.427794E+01
  0.427297E+01
  0.426796E+01
  0.426291E+01
  0.425782E+01
  0.425269E+01
  0.424753E+01
  0.424233E+01
  0.423708E+01
  0.423180E+01
  0.422648E+01
  0.422112E+01
  0.421571E+01
  0.421027E+01
  0.420479E+01
  0.419927E+01
  0.419370E+01
  0.418810E+01
  0.418246E+01
  0.417677E+01
  0.417105E+01
  0.416528E+01
  0.415947E+01
  0.415362E+01
  0.414773E+01
  0.414179E+01
  0.413582E+01
  0.412980E+01
  0.412374E+01
  0.411763E+01
  0.411149E+01
  0.410530E+01
  0.409906E+01
  0.409279E+01
  0.408647E+01
  0.408010E+01
  0.407370E+01
  0.406725E+01
  0.406076E+01
  0.405422E+01
  0.404764E+01
  0.404101E+01
  0.403434E+01
  0.402763E+01
  0.402087E+01
  0.401407E+01
  0.400722E+01
  0.400033E+01
  0.399339E+01
  0.398641E+01
  0.397938E+01
  0.397230E+01
  0.396519E+01
  0.395802E+01
  0.395081E+01
  0.394356E+01
  0.393626E+01
  0.392891E+01
  0.392152E+01
  0.391409E+01
  0.390660E+01
  0.389907E+01
  0.389150E+01
  0.388388E+01
  0.387621E+01
  0.386850E+01
  0.386074E+01
  0.385294E+01
  0.384509E+01
  0.383719E+01
  0.382925E+01
  0.382126E+01
  0.381322E+01
  0.380514E+01
  0.379701E+01
  0.378884E+01
  0.378062E+01
  0.377236E+01
  0.376404E+01
  0.375568E+01
  0.374728E+01
  0.373883E+01
  0.373033E+01
  0.372180E+01
  0.371321E+01
  0.370457E+01
  0.369589E+01
  0.368717E+01
  0.367840E+01
  0.366959E+01
  0.366072E+01
  0.365182E+01
  0.364287E+01
  0.363387E+01
  0.362483E+01
  0.361574E+01
  0.360662E+01
  0.359744E+01
  0.358822E+01
  0.357896E+01
  0.356965E+01
  0.356029E+01
  0.355090E+01
  0.354146E+01
  0.353197E+01
  0.352244E+01
  0.351288E+01
  0.350326E+01
  0.349361E+01
  0.348391E+01
  0.347417E+01
  0.346439E+01
  0.345456E+01
  0.344469E+01
  0.343478E+01
  0.342483E+01
  0.341484E+01
  0.340481E+01
  0.339473E+01
  0.338462E+01
  0.337447E+01
  0.336427E+01
  0.335404E+01
  0.334376E+01
  0.333345E+01
  0.332310E+01
  0.331271E+01
  0.330229E+01
  0.329182E+01
  0.328132E+01
  0.327078E+01
  0.326020E+01
  0.324959E+01
  0.323894E+01
  0.322825E+01
  0.321753E+01
  0.320678E+01
  0.319599E+01
  0.318516E+01
  0.317430E+01
  0.316341E+01
  0.315248E+01
  0.314152E+01
  0.313053E+01
  0.311950E+01
  0.310845E+01
  0.309736E+01
  0.308624E+01
  0.307509E+01
  0.306392E+01
  0.305271E+01
  0.304147E+01
  0.303021E+01
  0.301891E+01
  0.300759E+01
  0.299624E+01
  0.298487E+01
  0.297346E+01
  0.296204E+01
  0.295058E+01
  0.293910E+01
  0.292760E+01
  0.291607E+01
  0.290452E+01
  0.289295E+01
  0.288135E+01
  0.286973E+01
  0.285809E+01
  0.284643E+01
  0.283475E+01
  0.282305E+01
  0.281133E+01
  0.279959E+01
  0.278783E+01
  0.277606E+01
  0.276427E+01
  0.275246E+01
  0.274063E+01
  0.272879E+01
  0.271693E+01
  0.270506E+01
  0.269318E+01
  0.268128E+01
  0.266937E+01
  0.265745E+01
  0.264552E+01
  0.263357E+01
  0.262162E+01
  0.260965E+01
  0.259768E+01
  0.258569E+01
  0.257370E+01
  0.256170E+01
  0.254970E+01
  0.253768E+01
  0.252567E+01
  0.251364E+01
  0.250162E+01
  0.248958E+01
  0.247755E+01
  0.246551E+01
  0.245347E+01
  0.244143E+01
  0.242938E+01
  0.241734E+01
  0.240530E+01
  0.239325E+01
  0.238121E+01
  0.236917E+01
  0.235714E+01
  0.234510E+01
  0.233307E+01
  0.232105E+01
  0.230903E+01
  0.229701E+01
  0.228501E+01
  0.227300E+01
  0.226101E+01
  0.224902E+01
  0.223704E+01
  0.222507E+01
  0.221311E+01
  0.220116E+01
  0.218922E+01
  0.217730E+01
  0.216538E+01
  0.215348E+01
  0.214159E+01
  0.212971E+01
  0.211785E+01
  0.210600E+01
  0.209417E+01
  0.208235E+01
  0.207055E+01
  0.205877E+01
  0.204701E+01
  0.203526E+01
  0.202353E+01
  0.201182E+01
  0.200013E+01
  0.198846E+01
  0.197681E+01
  0.196518E+01
  0.195358E+01
  0.194199E+01
  0.193043E+01
  0.191889E+01
  0.190738E+01
  0.189589E+01
  0.188443E+01
  0.187299E+01
  0.186157E+01
  0.185018E+01
  0.183882E+01
  0.182749E+01
  0.181618E+01
  0.180491E+01
  0.179366E+01
  0.178244E+01
  0.177124E+01
  0.176008E+01
  0.174895E+01
  0.173785E+01
  0.172678E+01
  0.171574E+01
  0.170473E+01
  0.169376E+01
  0.168282E+01
  0.167192E+01
  0.166105E+01
  0.165021E+01
  0.163940E+01
  0.162862E+01
  0.161789E+01
  0.160719E+01
  0.159652E+01
  0.158589E+01
  0.157529E+01
  0.156474E+01
  0.155422E+01
  0.154374E+01
  0.153330E+01
  0.152289E+01
  0.151252E+01
  0.150220E+01
  0.149190E+01
  0.148165E+01
  0.147144E+01
  0.146127E+01
  0.145114E+01
  0.144105E+01
  0.143100E+01
  0.142099E+01
  0.141102E+01
  0.140109E+01
  0.139121E+01
  0.138136E+01
  0.137156E+01
  0.136180E+01
  0.135208E+01
  0.134241E+01
  0.133278E+01
  0.132319E+01
  0.131364E+01
  0.130414E+01
  0.129468E+01
  0.128526E+01
  0.127589E+01
  0.126656E+01
  0.125728E+01
  0.124804E+01
  0.123884E+01
  0.122969E+01
  0.122059E+01
  0.121153E+01
  0.120251E+01
  0.119354E+01
  0.118462E+01
  0.117573E+01
  0.116690E+01
  0.115811E+01
  0.114936E+01
  0.114066E+01
  0.113201E+01
  0.112341E+01
  0.111484E+01
  0.110633E+01
  0.109786E+01
  0.108943E+01
  0.108105E+01
  0.107272E+01
  0.106444E+01
  0.105620E+01
  0.104801E+01
  0.103986E+01
  0.103175E+01
  0.102370E+01
  0.101569E+01
  0.100773E+01
  0.999810E+00
  0.991940E+00
  0.984116E+00
  0.976336E+00
  0.968603E+00
  0.960917E+00
  0.953275E+00
  0.945680E+00
  0.938132E+00
  0.930631E+00
  0.923173E+00
  0.915761E+00
  0.908395E+00
  0.901075E+00
  0.893801E+00
  0.886572E+00
  0.879390E+00
  0.872250E+00
  0.865157E+00
  0.858109E+00
  0.851107E+00
  0.844149E+00
  0.837237E+00
  0.830370E+00
  0.823547E+00
  0.816768E+00
  0.810033E+00
  0.803344E+00
  0.796698E+00
  0.790098E+00
  0.783542E+00
  0.777029E+00
  0.770560E+00
  0.764135E+00
  0.757754E+00
  0.751416E+00
  0.745122E+00
  0.738870E+00
  0.732661E+00
  0.726495E+00
  0.720373E+00
  0.714293E+00
  0.708255E+00
  0.702260E+00
  0.696306E+00
  0.690396E+00
  0.684527E+00
  0.678700E+00
  0.672914E+00
  0.667168E+00
  0.661465E+00
  0.655804E+00
  0.650183E+00
  0.644603E+00
  0.639063E+00
  0.633564E+00
  0.628104E+00
  0.622684E+00
  0.617306E+00
  0.611967E+00
  0.606667E+00
  0.601407E+00
  0.596186E+00
  0.591003E+00
  0.585860E+00
  0.580755E+00
  0.575688E+00
  0.570660E+00
  0.565670E+00
  0.560718E+00
  0.555804E+00
  0.550928E+00
  0.546088E+00
  0.541285E+00
  0.536520E+00
  0.531792E+00
  0.527099E+00
  0.522444E+00
  0.517824E+00
  0.513241E+00
  0.508694E+00
  0.504182E+00
  0.499705E+00
  0.495263E+00
  0.490857E+00
  0.486485E+00
  0.482148E+00
  0.477845E+00
  0.473577E+00
  0.469343E+00
  0.465142E+00
  0.460976E+00
  0.456842E+00
  0.452742E+00
  0.448674E+00
  0.444640E+00
  0.440638E+00
  0.436669E+00
  0.432732E+00
  0.428827E+00
  0.424954E+00
  0.421113E+00
  0.417303E+00
  0.413524E+00
  0.409776E+00
  0.406059E+00
  0.402373E+00
  0.398717E+00
  0.395092E+00
  0.391496E+00
  0.387931E+00
