         301
 0.25000000E-01
 0.25001240E-01
 0.25002510E-01
 0.25003810E-01
 0.25005150E-01
 0.25006520E-01
 0.25007940E-01
 0.25009390E-01
 0.25010880E-01
 0.25012400E-01
 0.25013980E-01
 0.25015590E-01
 0.25017250E-01
 0.25018950E-01
 0.25020700E-01
 0.25022490E-01
 0.25024330E-01
 0.25026230E-01
 0.25028170E-01
 0.25030170E-01
 0.25032220E-01
 0.25034320E-01
 0.25036490E-01
 0.25038710E-01
 0.25040990E-01
 0.25043330E-01
 0.25045740E-01
 0.25048210E-01
 0.25050750E-01
 0.25053350E-01
 0.25056030E-01
 0.25058780E-01
 0.25061600E-01
 0.25064500E-01
 0.25067480E-01
 0.25070530E-01
 0.25073670E-01
 0.25076900E-01
 0.25080210E-01
 0.25083610E-01
 0.25087100E-01
 0.25090690E-01
 0.25094370E-01
 0.25098160E-01
 0.25102040E-01
 0.25106030E-01
 0.25110130E-01
 0.25114340E-01
 0.25118660E-01
 0.25123100E-01
 0.25127650E-01
 0.25132330E-01
 0.25137140E-01
 0.25142080E-01
 0.25147150E-01
 0.25152350E-01
 0.25157700E-01
 0.25163190E-01
 0.25168830E-01
 0.25174610E-01
 0.25180560E-01
 0.25186670E-01
 0.25192940E-01
 0.25199380E-01
 0.25205990E-01
 0.25212780E-01
 0.25219750E-01
 0.25226910E-01
 0.25234270E-01
 0.25241820E-01
 0.25249570E-01
 0.25257540E-01
 0.25265710E-01
 0.25274110E-01
 0.25282740E-01
 0.25291590E-01
 0.25300690E-01
 0.25310020E-01
 0.25319610E-01
 0.25329460E-01
 0.25339570E-01
 0.25349950E-01
 0.25360620E-01
 0.25371570E-01
 0.25382810E-01
 0.25394350E-01
 0.25406210E-01
 0.25418380E-01
 0.25430880E-01
 0.25443710E-01
 0.25456890E-01
 0.25470430E-01
 0.25484320E-01
 0.25498590E-01
 0.25513240E-01
 0.25528290E-01
 0.25543730E-01
 0.25559590E-01
 0.25575880E-01
 0.25592600E-01
 0.25609770E-01
 0.25627400E-01
 0.25645500E-01
 0.25664080E-01
 0.25683160E-01
 0.25702750E-01
 0.25722870E-01
 0.25743520E-01
 0.25764720E-01
 0.25786490E-01
 0.25808840E-01
 0.25831790E-01
 0.25855350E-01
 0.25879540E-01
 0.25904370E-01
 0.25929860E-01
 0.25956040E-01
 0.25982910E-01
 0.26010490E-01
 0.26038810E-01
 0.26067880E-01
 0.26097720E-01
 0.26128360E-01
 0.26159810E-01
 0.26192100E-01
 0.26225240E-01
 0.26259260E-01
 0.26294180E-01
 0.26330030E-01
 0.26366820E-01
 0.26404590E-01
 0.26443360E-01
 0.26483150E-01
 0.26524000E-01
 0.26565920E-01
 0.26608950E-01
 0.26653110E-01
 0.26698440E-01
 0.26744950E-01
 0.26792700E-01
 0.26841690E-01
 0.26891980E-01
 0.26943580E-01
 0.26996540E-01
 0.27050890E-01
 0.27106660E-01
 0.27163880E-01
 0.27222610E-01
 0.27282860E-01
 0.27344690E-01
 0.27408130E-01
 0.27473230E-01
 0.27540010E-01
 0.27608530E-01
 0.27678830E-01
 0.27750960E-01
 0.27824950E-01
 0.27900860E-01
 0.27978720E-01
 0.28058600E-01
 0.28140540E-01
 0.28224590E-01
 0.28310790E-01
 0.28399220E-01
 0.28489900E-01
 0.28582920E-01
 0.28678300E-01
 0.28776130E-01
 0.28876450E-01
 0.28979320E-01
 0.29084810E-01
 0.29192970E-01
 0.29303870E-01
 0.29417570E-01
 0.29534150E-01
 0.29653660E-01
 0.29776170E-01
 0.29901760E-01
 0.30030490E-01
 0.30162450E-01
 0.30297690E-01
 0.30436290E-01
 0.30578340E-01
 0.30723900E-01
 0.30873070E-01
 0.31025910E-01
 0.31182510E-01
 0.31342940E-01
 0.31507310E-01
 0.31675680E-01
 0.31848150E-01
 0.32024810E-01
 0.32205740E-01
 0.32391030E-01
 0.32580780E-01
 0.32775070E-01
 0.32974010E-01
 0.33177680E-01
 0.33386190E-01
 0.33599620E-01
 0.33818090E-01
 0.34041680E-01
 0.34270500E-01
 0.34504650E-01
 0.34744240E-01
 0.34989350E-01
 0.35240110E-01
 0.35496610E-01
 0.35758960E-01
 0.36027260E-01
 0.36301620E-01
 0.36582150E-01
 0.36868960E-01
 0.37162150E-01
 0.37461820E-01
 0.37768100E-01
 0.38081080E-01
 0.38400870E-01
 0.38727590E-01
 0.39061330E-01
 0.39402200E-01
 0.39750320E-01
 0.40105780E-01
 0.40468690E-01
 0.40839160E-01
 0.41217280E-01
 0.41603160E-01
 0.41996900E-01
 0.42398590E-01
 0.42808340E-01
 0.43226230E-01
 0.43652360E-01
 0.44086820E-01
 0.44529700E-01
 0.44981070E-01
 0.45441040E-01
 0.45909660E-01
 0.46387020E-01
 0.46873190E-01
 0.47368240E-01
 0.47872230E-01
 0.48385230E-01
 0.48907280E-01
 0.49438450E-01
 0.49978780E-01
 0.50528300E-01
 0.51087070E-01
 0.51655100E-01
 0.52232420E-01
 0.52819060E-01
 0.53415020E-01
 0.54020320E-01
 0.54634950E-01
 0.55258910E-01
 0.55892190E-01
 0.56534760E-01
 0.57186600E-01
 0.57847670E-01
 0.58517940E-01
 0.59197340E-01
 0.59885830E-01
 0.60583330E-01
 0.61289780E-01
 0.62005080E-01
 0.62729160E-01
 0.63461900E-01
 0.64203190E-01
 0.64952930E-01
 0.65710990E-01
 0.66477220E-01
 0.67251500E-01
 0.68033650E-01
 0.68823530E-01
 0.69620960E-01
 0.70425770E-01
 0.71237770E-01
 0.72056750E-01
 0.72882530E-01
 0.73714870E-01
 0.74553570E-01
 0.75398400E-01
 0.76249120E-01
 0.77105480E-01
 0.77967240E-01
 0.78834130E-01
 0.79705890E-01
 0.80582260E-01
 0.81462950E-01
 0.82347670E-01
 0.83236150E-01
 0.84128080E-01
 0.85023180E-01
 0.85921120E-01
 0.86821620E-01
 0.87724350E-01
 0.88629010E-01
 0.89535270E-01
 0.90442820E-01
 0.91351340E-01
 0.92260510E-01
 0.93170000E-01
